# x-label = Wavelength [nm]
# y-label = Counts
1.7834978874926835  210
1.7834779910393765  143
1.7834580950299888  215
1.7834381994645054  173
1.7834183043429113  235
1.7833984096651916  158
1.783378515431332  225
1.783358621641317  185
1.7833387282951323  213
1.7833188353927627  171
1.7832989429341932  143
1.7832790509194094  156
1.7832591593483962  183
1.7832392682211389  154
1.7832193775376222  192
1.7831994872978318  210
1.7831795975017526  215
1.7831597081493697  202
1.7831398192406684  176
1.7831199307756338  249
1.783100042754251  151
1.7830801551765052  202
1.7830602680423815  185
1.7830403813518652  209
1.783020495104941  192
1.7830006093015949  188
1.7829807239418114  183
1.7829608390255758  191
1.7829409545528732  187
1.7829210705236889  210
1.7829011869380083  231
1.782881303795816  188
1.7828614210970977  245
1.7828415388418382  225
1.7828216570300226  215
1.7828017756616363  202
1.7827818947366645  231
1.7827620142550924  219
1.7827421342169048  197
1.7827222546220873  159
1.7827023754706248  146
1.7826824967625023  181
1.7826626184977055  172
1.7826427406762193  171
1.7826228632980288  189
1.782602986363119  217
1.7825831098714755  187
1.7825632338230832  186
1.7825433582179275  279
1.7825234830559933  177
1.7825036083372658  221
1.78248373406173  207
1.7824638602293716  209
1.7824439868401758  156
1.7824241138941272  226
1.7824042413912113  184
1.7823843693314134  142
1.7823644977147184  188
1.7823446265411116  174
1.7823247558105781  233
1.7823048855231034  202
1.7822850156786723  263
1.7822651462772703  231
1.7822452773188822  189
1.7822254088034934  199
1.7822055407310893  199
1.7821856731016548  200
1.782165805915175  223
1.7821459391716354  183
1.7821260728710209  256
1.782106207013317  220
1.7820863415985084  201
1.7820664766265808  177
1.7820466120975194  170
1.7820267480113086  196
1.7820068843679344  169
1.7819870211673818  178
1.7819671584096362  208
1.7819472960946823  193
1.7819274342225055  188
1.7819075727930913  216
1.7818877118064245  225
1.7818678512624904  191
1.7818479911612741  198
1.7818281315027609  236
1.7818082722869362  199
1.781788413513785  261
1.7817685551832925  234
1.7817486972954437  212
1.7817288398502242  199
1.781708982847619  172
1.7816891262876133  235
1.7816692701701924  199
1.7816494144953412  196
1.7816295592630453  185
1.7816097044732897  204
1.7815898501260592  222
1.7815699962213398  287
1.7815501427591165  262
1.781530289739374  214
1.7815104371620982  182
1.781490585027274  210
1.7814707333348863  191
1.7814508820849209  215
1.7814310312773625  174
1.7814111809121964  275
1.781391330989408  219
1.7813714815089825  225
1.7813516324709049  221
1.7813317838751608  187
1.7813119357217349  215
1.781292088010613  241
1.7812722407417796  174
1.7812523939152205  194
1.7812325475309208  259
1.7812127015888657  226
1.7811928560890402  218
1.7811730110314297  234
1.7811531664160194  222
1.7811333222427943  202
1.7811134785117402  209
1.781093635222842  235
1.7810737923760847  193
1.7810539499714537  222
1.7810341080089345  208
1.7810142664885118  228
1.7809944254101713  205
1.7809745847738978  227
1.7809547445796767  219
1.7809349048274936  231
1.7809150655173331  199
1.7808952266491809  230
1.780875388223022  209
1.7808555502388415  242
1.780835712696625  265
1.7808158755963575  204
1.7807960389380242  232
1.7807762027216103  281
1.7807563669471014  209
1.7807365316144823  194
1.7807166967237384  204
1.7806968622748547  219
1.7806770282678168  183
1.78065719470261  197
1.7806373615792193  204
1.78061752889763  310
1.7805976966578272  233
1.7805778648597965  210
1.7805580335035227  252
1.7805382025889913  266
1.7805183721161875  176
1.7804985420850963  254
1.7804787124957033  213
1.7804588833479937  323
1.7804390546419524  185
1.7804192263775651  198
1.7803993985548168  230
1.7803795711736927  226
1.7803597442341783  193
1.7803399177362584  312
1.780320091679919  207
1.7803002660651444  216
1.7802804408919204  204
1.7802606161602321  245
1.7802407918700647  247
1.7802209680214038  199
1.7802011446142343  226
1.7801813216485416  181
1.780161499124311  190
1.7801416770415277  273
1.7801218554001768  189
1.7801020342002438  215
1.7800822134417138  220
1.780062393124572  207
1.7800425732488039  183
1.7800227538143945  257
1.780002934821329  225
1.7799831162695932  226
1.7799632981591715  217
1.77994348049005  288
1.7799236632622135  208
1.7799038464756474  199
1.7798840301303367  180
1.779864214226267  219
1.7798443987634236  209
1.7798245837417914  193
1.779804769161356  236
1.779784955022102  217
1.7797651413240159  246
1.779745328067082  223
1.7797255152512859  238
1.7797057028766128  240
1.779685890943048  225
1.7796660794505768  184
1.7796462683991843  217
1.7796264577888559  272
1.7796066476195767  188
1.7795868378913322  194
1.7795670286041076  241
1.7795472197578883  171
1.7795274113526593  206
1.779507603388406  188
1.7794877958651139  230
1.7794679887827678  217
1.7794481821413533  195
1.7794283759408558  236
1.77940857018126  220
1.779388764862552  268
1.7793689599847164  234
1.7793491555477388  225
1.779329351551604  242
1.7793095479962981  195
1.779289744881806  229
1.7792699422081129  213
1.779250139975204  246
1.779230338183065  279
1.7792105368316806  183
1.7791907359210366  231
1.779170935451118  191
1.77915113542191  246
1.7791313358333982  206
1.7791115366855679  253
1.779091737978404  279
1.779071939711892  218
1.7790521418860172  190
1.779032344500765  262
1.7790125475561203  230
1.7789927510520689  246
1.7789729549885958  212
1.7789531593656864  236
1.7789333641833258  205
1.7789135694414995  218
1.7788937751401928  233
1.7788739812793906  239
1.778854187859079  212
1.7788343948792424  209
1.7788146023398668  212
1.778794810240937  318
1.7787750185824387  214
1.778755227364357  237
1.7787354365866772  250
1.7787156462493845  257
1.7786958563524644  191
1.778676066895902  218
1.7786562778796828  247
1.778636489303792  263
1.778616701168215  231
1.778596913472937  230
1.7785771262179433  226
1.7785573394032193  220
1.77853755302875  235
1.7785177670945211  252
1.7784979816005178  202
1.7784781965467253  237
1.778458411933129  213
1.7784386277597137  217
1.7784188440264657  271
1.7783990607333697  255
1.7783792778804113  246
1.7783594954675754  225
1.7783397134948475  203
1.7783199319622132  230
1.7783001508696574  264
1.7782803702171657  220
1.778260590004723  220
1.778240810232315  264
1.7782210308999271  249
1.7782012520075443  233
1.7781814735551522  318
1.778161695542736  286
1.7781419179702809  241
1.7781221408377723  256
1.7781023641451954  238
1.778082587892536  272
1.7780628120797788  249
1.7780430367069093  285
1.7780232617739131  239
1.7780034872807755  318
1.7779837132274812  267
1.7779639396140163  210
1.777944166440366  236
1.7779243937065152  263
1.7779046214124496  209
1.7778848495581543  268
1.777865078143615  268
1.7778453071688165  256
1.7778255366337443  225
1.7778057665383842  263
1.7777859968827208  226
1.7777662276667399  194
1.7777464588904268  241
1.7777266905537668  249
1.777706922656745  287
1.777687155199347  191
1.777667388181558  243
1.7776476216033634  256
1.7776278554647487  201
1.7776080897656987  260
1.7775883245061994  257
1.7775685596862358  213
1.777548795305793  194
1.7775290313648566  289
1.7775092678634123  252
1.777489504801445  247
1.77746974217894  261
1.777449979995883  236
1.777430218252259  287
1.7774104569480533  199
1.7773906960832517  246
1.777370935657839  248
1.777351175671801  316
1.7773314161251228  337
1.7773116570177898  263
1.7772918983497874  253
1.7772721401211007  234
1.7772523823317152  221
1.7772326249816166  219
1.7772128680707897  297
1.77719311159922  209
1.7771733555668932  250
1.7771535999737942  224
1.7771338448199085  273
1.7771140901052216  190
1.7770943358297184  263
1.7770745819933849  248
1.777054828596206  278
1.7770350756381674  207
1.7770153231192543  236
1.7769955710394518  279
1.7769758193987457  307
1.776956068197121  274
1.7769363174345634  230
1.7769165671110578  297
1.77689681722659  276
1.7768770677811452  228
1.7768573187747085  229
1.7768375702072656  241
1.776817822078802  303
1.7767980743893026  252
1.776778327138753  272
1.7767585803271386  218
1.7767388339544448  252
1.7767190880206567  300
1.77669934252576  255
1.7766795974697398  274
1.7766598528525817  236
1.7766401086742707  247
1.7766203649347927  242
1.7766006216341328  271
1.7765808787722763  278
1.7765611363492086  219
1.776541394364915  263
1.7765216528193812  262
1.7765019117125924  280
1.776482171044534  220
1.776462430815191  216
1.7764426910245492  266
1.776422951672594  252
1.7764032127593106  281
1.7763834742846842  238
1.7763637362487006  225
1.776343998651345  278
1.7763242614926025  279
1.776304524772459  281
1.7762847884908992  203
1.7762650526479093  263
1.776245317243474  219
1.7762255822775792  271
1.7762058477502098  259
1.7761861136613513  230
1.7761663800109895  239
1.7761466467991094  282
1.7761269140256963  259
1.7761071816907361  256
1.7760874497942136  303
1.7760677183361147  269
1.7760479873164243  311
1.776028256735128  213
1.7760085265922112  225
1.7759887968876593  269
1.775969067621458  290
1.7759493387935918  241
1.775929610404047  236
1.7759098824528086  274
1.775890154939862  276
1.775870427865193  324
1.775850701228786  291
1.7758309750306276  283
1.7758112492707023  218
1.775791523948996  279
1.7757717990654938  225
1.775752074620181  280
1.7757323506130436  292
1.7757126270440664  255
1.7756929039132352  273
1.775673181220535  296
1.7756534589659516  249
1.7756337371494704  306
1.7756140157710762  268
1.775594294830755  289
1.7755745743284923  274
1.775554854264273  262
1.7755351346380828  222
1.7755154154499069  263
1.7754956966997308  305
1.7754759783875402  310
1.7754562605133202  279
1.7754365430770562  284
1.7754168260787337  262
1.7753971095183383  253
1.775377393395855  245
1.7753576777112694  257
1.775337962464567  284
1.7753182476557332  262
1.775298533284753  292
1.7752788193516125  295
1.7752591058562965  274
1.775239392798791  263
1.775219680179081  233
1.7751999679971522  284
1.7751802562529895  281
1.7751605449465788  279
1.7751408340779056  306
1.7751211236469548  256
1.7751014136537122  298
1.7750817040981632  277
1.7750619949802933  217
1.7750422863000874  249
1.7750225780575317  284
1.775002870252611  243
1.774983162885311  225
1.7749634559556169  303
1.7749437494635145  276
1.774924043408989  249
1.7749043377920257  295
1.7748846326126102  194
1.7748649278707278  258
1.774845223566364  281
1.7748255196995046  296
1.7748058162701346  300
1.7747861132782394  301
1.7747664107238046  310
1.7747467086068154  231
1.7747270069272576  289
1.7747073056851164  321
1.7746876048803772  303
1.7746679045130256  283
1.774648204583047  255
1.7746285050904267  263
1.7746088060351501  282
1.7745891074172029  330
1.7745694092365702  301
1.7745497114932378  256
1.774530014187191  238
1.774510317318415  221
1.7744906208868956  257
1.7744709248926178  259
1.7744512293355676  209
1.77443153421573  333
1.7744118395330903  246
1.7743921452876348  204
1.774372451479348  226
1.774352758108216  218
1.774333065174224  333
1.7743133726773572  245
1.7742936806176013  207
1.7742739889949417  225
1.774254297809364  225
1.7742346070608535  238
1.7742149167493955  236
1.7741952268749757  242
1.7741755374375794  236
1.7741558484371922  251
1.7741361598737995  238
1.7741164717473865  291
1.774096784057939  239
1.7740770968054422  289
1.7740574099898818  269
1.774037723611243  259
1.7740180376695114  246
1.7739983521646725  307
1.7739786670967117  309
1.773958982465614  261
1.7739392982713655  220
1.7739196145139517  235
1.7738999311933579  333
1.7738802483095693  264
1.7738605658625715  252
1.77384088385235  319
1.7738212022788904  252
1.7738015211421778  210
1.773781840442198  301
1.7737621601789364  286
1.7737424803523782  294
1.7737228009625094  263
1.773703122009315  252
1.7736834434927806  239
1.7736637654128915  249
1.7736440877696336  225
1.773624410562992  242
1.7736047337929521  232
1.7735850574594998  256
1.7735653815626202  249
1.7735457061022988  239
1.7735260310785212  249
1.7735063564912728  250
1.773486682340539  266
1.7734670086263056  231
1.7734473353485578  330
1.7734276625072811  268
1.7734079901024609  237
1.7733883181340828  263
1.7733686466021323  281
1.773348975506595  320
1.7733293048474559  281
1.773309634624701  302
1.7732899648383154  255
1.7732702954882849  271
1.7732506265745946  302
1.7732309580972303  257
1.7732112900561774  330
1.7731916224514213  292
1.7731719552829477  319
1.7731522885507416  309
1.7731326222547892  350
1.7731129563950754  266
1.7730932909715857  284
1.773073625984306  348
1.7730539614332212  291
1.7730342973183175  255
1.77301463363958  305
1.772994970396994  238
1.7729753075905454  261
1.7729556452202195  295
1.7729359832860017  262
1.7729163217878776  263
1.7728966607258327  252
1.7728770000998526  251
1.7728573399099223  263
1.772837680156028  337
1.7728180208381545  284
1.772798361956288  276
1.7727787035104134  285
1.7727590455005164  323
1.7727393879265825  311
1.7727197307885973  317
1.7727000740865464  311
1.7726804178204147  290
1.7726607619901884  284
1.7726411065958527  293
1.7726214516373928  316
1.7726017971147947  256
1.772582143028044  315
1.7725624893771257  296
1.7725428361620255  274
1.7725231833827289  294
1.7725035310392216  289
1.7724838791314887  310
1.7724642276595162  243
1.7724445766232892  333
1.7724249260227933  266
1.7724052758580142  319
1.7723856261289372  226
1.772365976835548  281
1.772346327977832  274
1.7723266795557744  273
1.7723070315693612  287
1.7722873840185778  279
1.7722677369034097  308
1.7722480902238422  325
1.772228443979861  305
1.7722087981714514  348
1.7721891527985993  321
1.7721695078612896  290
1.7721498633595087  314
1.7721302192932415  328
1.7721105756624735  283
1.7720909324671907  335
1.772071289707378  266
1.7720516473830215  278
1.7720320054941063  296
1.772012364040618  363
1.771992723022542  283
1.7719730824398643  279
1.77195344229257  300
1.7719338025806448  283
1.7719141633040743  308
1.7718945244628437  285
1.7718748860569387  248
1.7718552480863448  311
1.7718356105510475  277
1.7718159734510326  295
1.7717963367862855  306
1.7717767005567913  299
1.771757064762536  258
1.7717374294035049  311
1.7717177944796838  295
1.7716981599910582  317
1.7716785259376133  244
1.7716588923193348  293
1.7716392591362085  316
1.7716196263882196  242
1.7715999940753535  284
1.7715803621975963  332
1.771560730754933  243
1.7715410997473495  328
1.771521469174831  263
1.7715018390373634  316
1.7714822093349318  364
1.771462580067522  315
1.7714429512351197  289
1.7714233228377103  316
1.7714036948752792  282
1.771384067347812  314
1.7713644402552944  277
1.771344813597712  344
1.7713251873750497  338
1.771305561587294  299
1.7712859362344293  289
1.7712663113164424  348
1.771246686833318  346
1.771227062785042  322
1.7712074391716  284
1.771187815992977  313
1.7711681932491592  353
1.771148570940132  336
1.7711289490658806  294
1.771109327626391  313
1.7710897066216484  403
1.7710700860516386  314
1.7710504659163468  305
1.7710308462157591  254
1.7710112269498606  357
1.770991608118637  305
1.770971989722074  281
1.7709523717601567  308
1.7709327542328712  323
1.770913137140203  348
1.770893520482137  234
1.7708739042586596  325
1.770854288469756  380
1.7708346731154112  281
1.770815058195612  308
1.7707954437103428  311
1.77077582965959  305
1.7707562160433388  300
1.7707366028615745  398
1.7707169901142832  305
1.7706973778014499  316
1.7706777659230606  342
1.770658154479101  247
1.770638543469556  355
1.7706189328944115  292
1.7705993227536534  287
1.7705797130472667  337
1.7705601037752374  350
1.770540494937551  343
1.7705208865341928  266
1.7705012785651488  343
1.770481671030404  362
1.7704620639299447  374
1.7704424572637558  350
1.7704228510318232  292
1.7704032452341325  324
1.7703836398706687  310
1.7703640349414183  235
1.7703444304463665  341
1.7703248263854987  268
1.7703052227588005  286
1.7702856195662577  373
1.770266016807856  316
1.7702464144835803  386
1.7702268125934166  297
1.7702072111373508  279
1.770187610115368  299
1.770168009527454  347
1.7701484093735942  336
1.7701288096537742  311
1.7701092103679799  327
1.7700896115161966  280
1.77007001309841  309
1.7700504151146057  311
1.7700308175647692  303
1.770011220448886  346
1.7699916237669417  292
1.7699720275189224  330
1.7699524317048125  325
1.769932836324599  344
1.7699132413782666  304
1.7698936468658013  289
1.7698740527871886  300
1.769854459142414  374
1.7698348659314629  414
1.769815273154321  343
1.7697956808109743  306
1.769776088901408  299
1.769756497425608  300
1.7697369063835593  397
1.7697173157752482  358
1.7696977256006596  316
1.7696781358597797  327
1.769658546552594  339
1.7696389576790879  350
1.7696193692392468  319
1.7695997812330568  339
1.7695801936605031  362
1.7695606065215717  352
1.7695410198162478  337
1.769521433544517  327
1.769501847706365  287
1.7694822623017779  326
1.7694626773307405  396
1.769443092793239  383
1.7694235086892587  300
1.7694039250187854  312
1.7693843417818045  316
1.7693647589783017  332
1.7693451766082626  378
1.7693255946716728  284
1.769306013168518  373
1.7692864320987838  331
1.7692668514624557  293
1.7692472712595193  339
1.7692276914899603  322
1.7692081121537642  330
1.7691885332509167  319
1.7691689547814036  348
1.76914937674521  329
1.769129799142322  311
1.769110221972725  263
1.7690906452364048  343
1.7690710689333466  401
1.7690514930635364  335
1.7690319176269598  323
1.7690123426236024  305
1.7689927680534496  372
1.7689731939164872  305
1.768953620212701  343
1.7689340469420762  305
1.7689144741045988  414
1.768894901700254  303
1.7688753297290278  309
1.768855758190906  395
1.7688361870858735  359
1.7688166164139165  314
1.7687970461750204  394
1.768777476369171  385
1.768757906996354  385
1.7687383380565547  343
1.7687187695497588  351
1.768699201475952  340
1.76867963383512  292
1.7686600666272485  277
1.7686404998523229  348
1.7686209335103285  339
1.7686013676012518  314
1.768581802125078  293
1.7685622370817926  332
1.7685426724713815  367
1.7685231082938302  417
1.7685035445491244  348
1.7684839812372495  343
1.7684644183581915  362
1.7684448559119357  298
1.768425293898468  302
1.7684057323177738  320
1.7683861711698388  354
1.7683666104546487  333
1.7683470501721892  294
1.768327490322446  348
1.7683079309054044  317
1.7682883719210503  336
1.7682688133693694  402
1.768249255250347  356
1.7682296975639693  342
1.7682101403102215  319
1.7681905834890894  371
1.7681710271005584  346
1.7681514711446145  300
1.7681319156212434  344
1.7681123605304303  318
1.7680928058721614  288
1.768073251646422  381
1.7680536978531975  380
1.7680341444924743  416
1.7680145915642373  372
1.7679950390684727  337
1.7679754870051656  354
1.7679559353743022  357
1.767936384175868  412
1.7679168334098483  310
1.7678972830762292  353
1.7678777331749962  360
1.767858183706135  329
1.767838634669631  319
1.7678190860654701  324
1.767799537893638  335
1.7677799901541202  343
1.7677604428469025  333
1.7677408959719705  338
1.7677213495293096  313
1.7677018035189058  323
1.7676822579407447  374
1.7676627127948121  391
1.7676431680810933  351
1.7676236237995744  299
1.7676040799502406  383
1.7675845365330778  385
1.7675649935480717  415
1.767545450995208  375
1.7675259088744724  366
1.7675063671858502  377
1.7674868259293273  350
1.7674672851048896  416
1.7674477447125223  375
1.7674282047522116  324
1.7674086652239427  364
1.7673891261277017  346
1.7673695874634738  361
1.767350049231245  366
1.767330511431001  333
1.767310974062727  384
1.7672914371264095  328
1.7672719006220332  369
1.7672523645495846  358
1.7672328289090489  299
1.7672132937004121  380
1.7671937589236597  378
1.7671742245787774  396
1.7671546906657507  393
1.7671351571845657  334
1.7671156241352077  359
1.7670960915176626  412
1.767076559331916  375
1.7670570275779534  405
1.767037496255761  357
1.7670179653653237  349
1.766998434906628  375
1.766978904879659  337
1.7669593752844026  394
1.7669398461208443  397
1.7669203173889703  382
1.7669007890887658  339
1.7668812612202167  371
1.7668617337833086  399
1.766842206778027  415
1.7668226802043578  337
1.766803154062287  391
1.7667836283518  340
1.7667641030728822  392
1.7667445782255198  317
1.7667250538096981  402
1.766705529825403  347
1.7666860062726204  379
1.7666664831513355  399
1.7666469604615342  408
1.7666274382032023  385
1.7666079163763255  402
1.7665883949808894  357
1.7665688740168797  380
1.7665493534842822  297
1.7665298333830823  388
1.766510313713266  338
1.7664907944748192  333
1.766471275667727  367
1.7664517572919756  377
1.7664322393475504  333
1.7664127218344374  366
1.7663932047526216  369
1.7663736881020897  412
1.7663541718828268  342
1.766334656094819  443
1.7663151407380515  351
1.7662956258125104  417
1.7662761113181813  408
1.7662565972550497  395
1.7662370836231016  368
1.7662175704223226  359
1.7661980576526983  388
1.7661785453142147  416
1.766159033406857  379
1.7661395219306115  392
1.7661200108854636  336
1.766100500271399  383
1.7660809900884036  380
1.7660614803364627  404
1.7660419710155626  446
1.7660224621256886  361
1.7660029536668265  372
1.765983445638962  417
1.7659639380420806  333
1.7659444308761687  423
1.7659249241412116  385
1.765905417837195  413
1.7658859119641044  374
1.765866406521926  364
1.7658469015106453  408
1.7658273969302478  418
1.7658078927807197  354
1.7657883890620463  414
1.7657688857742133  318
1.7657493829172068  355
1.7657298804910124  384
1.7657103784956156  398
1.7656908769310022  371
1.765671375797158  427
1.765651875094069  378
1.7656323748217204  402
1.7656128749800983  390
1.7655933755691884  385
1.7655738765889761  418
1.7655543780394476  378
1.765534879920588  412
1.7655153822323837  388
1.7654958849748201  420
1.765476388147883  382
1.7654568917515583  311
1.7654373957858316  369
1.7654179002506885  406
1.7653984051461147  371
1.7653789104720963  448
1.7653594162286186  390
1.7653399224156676  407
1.7653204290332292  439
1.7653009360812888  396
1.765281443559832  396
1.7652619514688452  384
1.7652424598083136  369
1.765222968578223  343
1.7652034777785592  433
1.7651839874093083  445
1.7651644974704555  418
1.7651450079619866  442
1.7651255188838877  407
1.765106030236144  321
1.765086542018742  349
1.7650670542316667  386
1.7650475668749044  421
1.7650280799484406  373
1.765008593452261  389
1.7649891073863517  359
1.764969621750698  406
1.7649501365452858  375
1.7649306517701009  488
1.764911167425129  332
1.764891683510356  406
1.7648722000257675  408
1.7648527169713493  412
1.764833234347087  452
1.7648137521529665  437
1.7647942703889736  416
1.7647747890550942  366
1.7647553081513137  500
1.764735827677618  386
1.7647163476339929  429
1.764696868020424  403
1.7646773888368974  433
1.7646579100833986  404
1.7646384317599135  431
1.7646189538664272  385
1.7645994764029267  331
1.764579999369397  414
1.7645605227658236  359
1.764541046592193  364
1.7645215708484905  423
1.7645020955347017  433
1.764482620650813  401
1.7644631461968097  435
1.7644436721726775  409
1.7644241985784024  434
1.76440472541397  382
1.7643852526793662  431
1.7643657803745767  386
1.7643463084995874  434
1.7643268370543839  440
1.7643073660389519  410
1.7642878954532775  410
1.7642684252973462  459
1.7642489555711438  356
1.7642294862746561  408
1.764210017407869  407
1.7641905489707677  371
1.7641710809633389  391
1.764151613385568  405
1.7641321462374404  424
1.7641126795189424  422
1.7640932132300595  369
1.7640737473707775  386
1.764054281941082  407
1.7640348169409594  395
1.7640153523703948  437
1.7639958882293743  355
1.7639764245178837  375
1.7639569612359087  380
1.763937498383435  390
1.7639180359604485  397
1.763898573966935  371
1.76387911240288  337
1.76385965126827  433
1.76384019056309  453
1.763820730287326  462
1.7638012704409642  417
1.76378181102399  476
1.7637623520363892  383
1.7637428934781474  421
1.7637234353492508  359
1.7637039776496852  377
1.7636845203794362  409
1.7636650635384894  407
1.7636456071268312  369
1.7636261511444467  429
1.763606695591322  385
1.763587240467443  444
1.7635677857727954  385
1.7635483315073648  428
1.7635288776711373  392
1.7635094242640985  380
1.7634899712862344  312
1.7634705187375306  529
1.763451066617973  355
1.7634316149275473  405
1.7634121636662394  423
1.763392712834035  386
1.76337326243092  407
1.7633538124568802  384
1.7633343629119014  449
1.7633149137959692  469
1.7632954651090693  473
1.7632760168511883  396
1.7632565690223112  360
1.7632371216224243  418
1.7632176746515131  397
1.7631982281095635  452
1.7631787819965614  342
1.7631593363124924  387
1.7631398910573424  436
1.7631204462310972  420
1.7631010018337427  407
1.7630815578652648  403
1.7630621143256489  415
1.7630426712148812  464
1.7630232285329475  437
1.7630037862798333  352
1.7629843444555247  432
1.7629649030600074  455
1.7629454620932672  391
1.76292602155529  383
1.7629065814460616  428
1.7628871417655678  359
1.762867702513794  434
1.7628482636907268  389
1.7628288252963518  455
1.7628093873306543  410
1.7627899497936208  423
1.7627705126852367  465
1.7627510760054879  379
1.7627316397543602  430
1.7627122039318395  407
1.7626927685379115  400
1.7626733335725622  467
1.7626538990357772  417
1.7626344649275427  482
1.7626150312478441  382
1.7625955979966674  418
1.7625761651739986  471
1.7625567327798233  428
1.7625373008141272  419
1.7625178692768966  414
1.7624984381681168  403
1.762479007487774  503
1.762459577235854  459
1.7624401474123423  402
1.7624207180172249  361
1.7624012890504879  388
1.7623818605121169  376
1.762362432402098  428
1.7623430047204165  449
1.7623235774670587  355
1.76230415064201  443
1.7622847242452568  459
1.7622652982767846  462
1.7622458727365793  452
1.7622264476246268  394
1.7622070229409126  448
1.762187598685423  398
1.7621681748581435  406
1.7621487514590601  448
1.7621293284881587  426
1.762109905945425  467
1.7620904838308449  517
1.7620710621444042  437
1.762051640886089  387
1.7620322200558847  390
1.7620127996537776  468
1.7619933796797531  378
1.761973960133797  447
1.7619545410158959  381
1.7619351223260349  412
1.7619157040642002  462
1.7618962862303775  446
1.761876868824553  488
1.7618574518467118  393
1.7618380352968406  415
1.7618186191749245  503
1.76179920348095  372
1.7617797882149027  380
1.7617603733767682  455
1.7617409589665327  447
1.7617215449841819  403
1.7617021314297014  425
1.7616827183030777  462
1.761663305604296  458
1.7616438933333427  392
1.7616244814902033  438
1.7616050700748638  400
1.7615856590873098  425
1.7615662485275276  435
1.7615468383955029  404
1.761527428691221  463
1.7615080194146686  439
1.7614886105658312  423
1.7614692021446947  412
1.7614497941512448  461
1.7614303865854677  368
1.7614109794473491  411
1.7613915727368747  424
1.7613721664540305  502
1.7613527605988024  411
1.7613333551711763  415
1.761313950171138  497
1.7612945455986733  383
1.761275141453768  436
1.7612557377364082  427
1.7612363344465798  412
1.7612169315842683  406
1.76119752914946  470
1.7611781271421405  460
1.7611587255622958  444
1.7611393244099118  396
1.7611199236849742  419
1.7611005233874686  329
1.7610811235173818  414
1.7610617240746989  503
1.761042325059406  456
1.761022926471489  475
1.7610035283109338  441
1.7609841305777263  454
1.760964733271852  443
1.7609453363932974  465
1.760925939942048  444
1.7609065439180898  398
1.7608871483214086  396
1.7608677531519903  517
1.7608483584098207  481
1.760828964094886  412
1.7608095702071715  423
1.7607901767466638  427
1.7607707837133482  426
1.7607513911072108  442
1.7607319989282377  487
1.7607126071764143  440
1.760693215851727  409
1.7606738249541614  400
1.7606544344837032  503
1.7606350444403387  433
1.7606156548240537  417
1.760596265634834  447
1.7605768768726655  472
1.7605574885375341  447
1.7605381006294258  449
1.7605187131483262  433
1.7604993260942214  458
1.7604799394670974  467
1.76046055326694  439
1.7604411674937348  421
1.7604217821474681  429
1.7604023972281257  452
1.7603830127356934  465
1.7603636286701572  416
1.7603442450315028  432
1.7603248618197163  401
1.7603054790347834  476
1.7602860966766904  380
1.7602667147454227  414
1.7602473332409667  406
1.7602279521633075  410
1.760208571512432  459
1.7601891912883256  412
1.7601698114909743  467
1.760150432120364  422
1.7601310531764804  446
1.7601116746593097  450
1.7600922965688377  354
1.7600729189050501  416
1.7600535416679333  413
1.7600341648574727  456
1.7600147884736543  398
1.759995412516464  459
1.7599760369858881  435
1.7599566618819122  450
1.7599372872045222  427
1.7599179129537041  414
1.759898539129444  412
1.7598791657317272  494
1.7598597927605402  481
1.7598404202158686  403
1.7598210480976983  379
1.7598016764060156  385
1.7597823051408057  381
1.7597629343020553  492
1.75974356388975  493
1.759724193903876  492
1.7597048243444187  497
1.759685455211364  471
1.7596660865046985  402
1.7596467182244073  408
1.759627350370477  396
1.759607982942893  423
1.7595886159416416  496
1.7595692493667086  431
1.7595498832180798  434
1.7595305174957412  514
1.759511152199679  521
1.7594917873298785  418
1.7594724228863263  482
1.7594530588690078  441
1.7594336952779095  455
1.7594143321130167  437
1.7593949693743156  460
1.7593756070617923  504
1.7593562451754323  487
1.759336883715222  419
1.7593175226811468  428
1.7592981620731933  520
1.7592788018913472  449
1.759259442135594  411
1.7592400828059203  492
1.7592207239023117  462
1.7592013654247538  451
1.7591820073732332  486
1.7591626497477353  463
1.7591432925482462  481
1.759123935774752  429
1.7591045794272384  568
1.7590852235056915  465
1.7590658680100972  519
1.7590465129404416  516
1.7590271582967103  504
1.7590078040788895  439
1.758988450286965  476
1.7589690969209226  423
1.7589497439807487  519
1.758930391466429  363
1.7589110393779492  456
1.7588916877152954  514
1.7588723364784538  470
1.7588529856674102  439
1.7588336352821505  479
1.7588142853226607  440
1.7587949357889265  477
1.7587755866809343  481
1.7587562379986696  497
1.7587368897421187  457
1.7587175419112673  463
1.7586981945061015  424
1.7586788475266073  501
1.7586595009727704  496
1.758640154844577  474
1.7586208091420128  502
1.758601463865064  487
1.7585821190137165  487
1.7585627745879562  474
1.7585434305877692  491
1.7585240870131411  523
1.7585047438640584  495
1.7584854011405064  513
1.7584660588424714  547
1.7584467169699396  526
1.7584273755228967  424
1.7584080345013287  480
1.7583886939052213  481
1.758369353734561  482
1.7583500139893335  510
1.7583306746695246  459
1.7583113357751203  464
1.7582919973061069  515
1.75827265926247  429
1.7582533216441958  525
1.75823398445127  472
1.7582146476836789  499
1.758195311341408  502
1.7581759754244437  465
1.758156639932772  566
1.7581373048663784  531
1.7581179702252494  503
1.7580986360093707  503
1.7580793022187282  421
1.7580599688533078  461
1.758040635913096  523
1.758021303398078  457
1.7580019713082404  450
1.7579826396435692  494
1.7579633084040498  553
1.7579439775896688  524
1.7579246472004117  500
1.7579053172362649  449
1.757885987697214  387
1.757866658583245  460
1.757847329894344  500
1.7578280016304972  544
1.7578086737916903  444
1.757789346377909  425
1.7577700193891401  444
1.7577506928253688  503
1.7577313666865815  443
1.757712040972764  504
1.7576927156839024  567
1.7576733908199826  521
1.7576540663809905  497
1.7576347423669123  496
1.757615418777734  472
1.7575960956134413  466
1.7575767728740201  464
1.757557450559457  455
1.7575381286697376  510
1.7575188072048478  495
1.757499486164774  471
1.7574801655495016  497
1.757460845359017  528
1.757441525593306  531
1.7574222062523548  458
1.7574028873361491  549
1.7573835688446753  464
1.757364250777919  430
1.7573449331358661  481
1.7573256159185033  530
1.757306299125816  444
1.7572869827577902  575
1.757267666814412  542
1.7572483512956674  508
1.7572290362015426  468
1.7572097215320233  471
1.7571904072870956  455
1.7571710934667455  561
1.7571517800709588  482
1.757132467099722  516
1.7571131545530208  535
1.7570938424308413  508
1.7570745307331692  421
1.7570552194599909  449
1.7570359086112923  516
1.7570165981870591  438
1.7569972881872777  440
1.756977978611934  555
1.7569586694610138  484
1.7569393607345034  517
1.7569200524323885  454
1.7569007445546554  530
1.75688143710129  440
1.7568621300722782  519
1.7568428234676061  477
1.75682351728726  453
1.7568042115312252  482
1.7567849061994882  554
1.7567656012920352  504
1.7567462968088519  453
1.7567269927499243  580
1.7567076891152382  524
1.7566883859047802  456
1.7566690831185359  583
1.7566497807564916  443
1.756630478818633  515
1.7566111773049464  488
1.7565918762154178  539
1.756572575550033  537
1.756553275308778  539
1.7565339754916391  567
1.7565146760986021  618
1.7564953771296532  556
1.7564760785847782  497
1.756456780463963  476
1.7564374827671942  487
1.7564181854944574  460
1.7563988886457387  502
1.7563795922210241  426
1.7563602962202995  477
1.7563410006435514  443
1.7563217054907654  554
1.7563024107619274  435
1.7562831164570238  476
1.7562638225760403  455
1.7562445291189634  459
1.7562252360857786  519
1.7562059434764725  540
1.7561866512910307  466
1.7561673595294391  452
1.7561480681916843  488
1.7561287772777519  493
1.7561094867876281  465
1.7560901967212987  439
1.75607090707875  510
1.7560516178599679  555
1.7560323290649384  494
1.7560130406936478  460
1.755993752746082  506
1.7559744652222269  543
1.7559551781220686  471
1.7559358914455931  517
1.7559166051927866  556
1.755897319363635  476
1.7558780339581244  514
1.7558587489762407  449
1.7558394644179702  490
1.7558201802832987  521
1.7558008965722123  480
1.7557816132846973  574
1.7557623304207395  491
1.755743047980325  531
1.75572376596344  449
1.75570448437007  592
1.7556852032002017  494
1.7556659224538207  487
1.7556466421309134  461
1.7556273622314655  583
1.7556080827554634  513
1.7555888037028928  499
1.7555695250737402  502
1.755550246867991  445
1.755530969085632  535
1.7555116917266487  530
1.7554924147910271  550
1.7554731382787538  465
1.7554538621898144  514
1.7554345865241952  513
1.755415311281882  529
1.7553960364628607  485
1.7553767620671181  557
1.7553574880946397  455
1.7553382145454117  561
1.7553189414194201  493
1.755299668716651  508
1.7552803964370907  450
1.7552611245807248  558
1.7552418531475396  458
1.7552225821375211  467
1.7552033115506553  536
1.7551840413869286  508
1.7551647716463268  550
1.7551455023288358  535
1.755126233434442  497
1.7551069649631312  480
1.7550876969148896  526
1.7550684292897034  515
1.7550491620875583  476
1.7550298953084407  496
1.7550106289523366  531
1.754991363019232  514
1.7549720975091128  469
1.7549528324219652  487
1.7549335677577755  522
1.7549143035165298  496
1.7548950396982137  567
1.7548757763028138  475
1.7548565133303158  495
1.7548372507807057  555
1.75481798865397  505
1.7547987269500944  484
1.7547794656690654  463
1.7547602048108686  503
1.7547409443754902  578
1.7547216843629165  491
1.7547024247731333  459
1.7546831656061268  531
1.7546639068618832  530
1.7546446485403884  536
1.7546253906416287  439
1.7546061331655898  540
1.754586876112258  487
1.7545676194816195  547
1.7545483632736605  524
1.7545291074883664  502
1.7545098521257239  641
1.754490597185719  539
1.7544713426683376  551
1.754452088573566  514
1.7544328349013902  541
1.7544135816517963  513
1.7543943288247703  471
1.7543750764202983  541
1.7543558244383666  513
1.754336572878961  519
1.7543173217420678  496
1.754298071027673  544
1.7542788207357627  500
1.754259570866323  577
1.7542403214193398  442
1.7542210723947995  535
1.7542018237926882  512
1.7541825756129916  513
1.7541633278556963  571
1.7541440805207882  454
1.754124833608253  521
1.7541055871180775  559
1.754086341050247  488
1.7540670954047484  454
1.7540478501815675  466
1.7540286053806902  523
1.7540093610021028  515
1.7539901170457914  564
1.753970873511742  533
1.7539516303999407  472
1.7539323877103739  496
1.753913145443027  587
1.7538939035978869  487
1.7538746621749393  534
1.7538554211741704  459
1.7538361805955662  539
1.7538169404391128  460
1.7537977007047965  588
1.7537784613926033  481
1.7537592225025194  480
1.7537399840345307  503
1.7537207459886233  498
1.7537015083647836  477
1.7536822711629974  482
1.753663034383251  567
1.7536437980255302  489
1.7536245620898216  515
1.7536053265761113  481
1.753586091484385  479
1.753566856814629  490
1.7535476225668296  493
1.7535283887409725  529
1.7535091553370443  507
1.7534899223550307  470
1.7534706897949182  535
1.7534514576566924  491
1.75343222594034  525
1.7534129946458468  477
1.7533937637731989  483
1.7533745333223825  489
1.7533553032933837  508
1.7533360736861887  531
1.7533168445007834  559
1.7532976157371543  516
1.753278387395287  465
1.7532591594751683  457
1.7532399319767837  485
1.7532207049001196  486
1.753201478245162  481
1.7531822520118971  455
1.753163026200311  476
1.7531438008103901  529
1.7531245758421203  456
1.7531053512954877  617
1.7530861271704785  487
1.7530669034670787  504
1.7530476801852748  478
1.7530284573250523  506
1.753009234886398  500
1.7529900128692975  457
1.7529707912737371  509
1.7529515700997031  500
1.7529323493471816  478
1.7529131290161586  534
1.7528939091066202  511
1.7528746896185528  467
1.7528554705519421  484
1.7528362519067746  525
1.7528170336830364  473
1.7527978158807136  504
1.752778598499792  522
1.7527593815402582  494
1.7527401650020984  441
1.7527209488852984  500
1.7527017331898447  496
1.752682517915723  508
1.7526633030629197  538
1.752644088631421  462
1.7526248746212127  491
1.7526056610322815  486
1.7525864478646132  500
1.7525672351181938  487
1.7525480227930097  481
1.7525288108890469  529
1.7525095994062918  549
1.7524903883447303  499
1.7524711777043487  497
1.7524519674851329  443
1.7524327576870693  552
1.752413548310144  503
1.752394339354343  507
1.7523751308196527  504
1.7523559227060592  508
1.7523367150135483  519
1.7523175077421065  521
1.75229830089172  498
1.752279094462375  529
1.7522598884540572  538
1.7522406828667532  576
1.752221477700449  502
1.7522022729551308  464
1.7521830686307847  492
1.752163864727397  487
1.7521446612449536  513
1.752125458183441  519
1.7521062555428448  407
1.7520870533231518  508
1.7520678515243477  412
1.752048650146419  560
1.7520294491893518  444
1.752010248653132  576
1.751991048537746  479
1.75197184884318  487
1.7519526495694198  507
1.751933450716452  526
1.7519142522842626  485
1.7518950542728375  555
1.7518758566821633  425
1.751856659512226  514
1.751837462763012  413
1.751818266434507  482
1.7517990705266977  497
1.7517798750395697  494
1.7517606799731096  421
1.7517414853273032  526
1.7517222911021373  499
1.7517030972975973  517
1.75168390391367  511
1.7516647109503412  497
1.7516455184075972  462
1.7516263262854241  485
1.7516071345838082  432
1.7515879433027355  521
1.7515687524421926  487
1.751549562002165  441
1.7515303719826396  544
1.751511182383602  459
1.7514919932050388  436
1.7514728044469354  449
1.751453616109279  425
1.7514344281920555  487
1.751415240695251  452
1.7513960536188513  497
1.7513768669628431  470
1.7513576807272124  451
1.7513384949119453  477
1.751319309517028  466
1.7513001245424469  535
1.7512809399881881  507
1.7512617558542376  519
1.7512425721405815  474
1.7512233888472064  546
1.7512042059740984  439
1.7511850235212434  511
1.7511658414886278  508
1.7511466598762377  433
1.7511274786840594  433
1.751108297912079  473
1.7510891175602827  502
1.7510699376286567  481
1.7510507581171872  508
1.7510315790258602  493
1.7510124003546623  562
1.7509932221035798  525
1.7509740442725983  520
1.7509548668617043  468
1.750935689870884  503
1.7509165133001237  404
1.7508973371494094  469
1.7508781614187272  507
1.7508589861080637  455
1.7508398112174048  565
1.750820636746737  468
1.750801462696046  474
1.7507822890653184  523
1.7507631158545403  487
1.750743943063698  479
1.7507247706927773  414
1.750705598741765  474
1.7506864272106468  440
1.7506672560994092  423
1.7506480854080384  459
1.7506289151365204  500
1.7506097452848415  484
1.7505905758529876  503
1.7505714068409457  447
1.7505522382487015  481
1.7505330700762414  495
1.7505139023235512  444
1.7504947349906177  476
1.7504755680774264  454
1.7504564015839643  533
1.7504372355102171  454
1.750418069856171  467
1.7503989046218125  478
1.7503797398071277  443
1.7503605754121028  503
1.750341411436724  509
1.7503222478809772  548
1.7503030847448493  434
1.750283922028326  523
1.7502647597313936  476
1.7502455978540385  458
1.7502264363962468  507
1.7502072753580047  504
1.7501881147392986  421
1.7501689545401145  435
1.7501497947604383  430
1.7501306354002568  417
1.7501114764595562  471
1.7500923179383225  437
1.7500731598365422  373
1.750054002154201  495
1.7500348448912857  401
1.7500156880477822  482
1.7499965316236767  486
1.7499773756189556  435
1.749958220033605  507
1.7499390648676112  502
1.7499199101209604  444
1.7499007557936388  508
1.7498816018856325  474
1.749862448396928  535
1.7498432953275116  449
1.7498241426773693  482
1.7498049904464874  471
1.749785838634852  441
1.7497666872424495  456
1.7497475362692663  506
1.7497283857152879  524
1.7497092355805013  453
1.7496900858648927  415
1.749670936568448  398
1.7496517876911537  540
1.7496326392329957  471
1.7496134911939607  429
1.7495943435740346  474
1.7495751963732038  437
1.7495560495914544  400
1.7495369032287726  387
1.7495177572851448  427
1.7494986117605573  409
1.7494794666549962  449
1.749460321968448  476
1.7494411777008985  511
1.749422033852334  498
1.7494028904227412  431
1.7493837474121061  401
1.7493646048204148  417
1.7493454626476537  482
1.7493263208938088  455
1.7493071795588668  436
1.7492880386428133  523
1.7492688981456352  383
1.7492497580673187  427
1.7492306184078497  503
1.7492114791672146  445
1.7491923403453997  367
1.7491732019423913  451
1.7491540639581755  455
1.7491349263927387  454
1.749115789246067  375
1.7490966525181466  535
1.749077516208964  486
1.7490583803185054  468
1.749039244846757  449
1.749020109793705  446
1.7490009751593358  444
1.7489818409436355  395
1.7489627071465903  430
1.7489435737681869  422
1.748924440808411  396
1.7489053082672492  429
1.7488861761446877  454
1.7488670444407126  411
1.74884791315531  447
1.748828782288467  426
1.7488096518401692  383
1.748790521810403  442
1.7487713921991546  404
1.7487522630064105  445
1.7487331342321566  418
1.7487140058763795  458
1.7486948779390652  462
1.7486757504202002  493
1.7486566233197705  458
1.7486374966377627  484
1.748618370374163  354
1.7485992445289573  340
1.7485801191021322  453
1.748560994093674  379
1.7485418695035688  416
1.748522745331803  434
1.748503621578363  412
1.7484844982432348  455
1.7484653753264048  328
1.7484462528278593  348
1.748427130747584  411
1.7484080090855663  477
1.7483888878417917  405
1.7483697670162468  464
1.7483506466089176  460
1.7483315266197907  384
1.748312407048852  423
1.7482932878960882  407
1.7482741691614854  350
1.7482550508450296  472
1.7482359329467076  396
1.7482168154665052  382
1.748197698404409  419
1.7481785817604052  393
1.74815946553448  428
1.74814034972662  439
1.7481212343368109  419
1.7481021193650395  416
1.7480830048112919  400
1.7480638906755543  404
1.7480447769578131  407
1.7480256636580547  384
1.748006550776265  322
1.7479874383124305  337
1.7479683262665378  451
1.747949214638573  340
1.7479301034285222  332
1.7479109926363718  311
1.7478918822621083  402
1.7478727723057177  386
1.7478536627671863  352
1.7478345536465008  385
1.747815444943647  374
1.7477963366586113  369
1.7477772287913802  378
1.7477581213419398  387
1.7477390143102765  453
1.7477199076963765  359
1.7477008015002264  376
1.7476816957218122  410
1.74766259036112  403
1.7476434854181369  333
1.7476243808928482  335
1.7476052767852408  371
1.747586173095301  364
1.747567069823015  421
1.7475479669683687  292
1.7475288645313491  458
1.7475097625119422  330
1.7474906609101344  366
1.7474715597259118  359
1.7474524589592608  387
1.7474333586101678  372
1.747414258678619  403
1.7473951591646006  295
1.7473760600680994  373
1.7473569613891011  340
1.7473378631275922  318
1.7473187652835593  338
1.7472996678569883  449
1.7472805708478658  415
1.747261474256178  414
1.7472423780819113  388
1.747223282325052  334
1.747204186985586  391
1.7471850920635004  380
1.747165997558781  364
1.747146903471414  304
1.7471278098013858  347
1.7471087165486832  345
1.747089623713292  385
1.7470705312951986  343
1.7470514392943897  356
1.7470323477108511  396
1.7470132565445693  391
1.7469941657955308  343
1.7469750754637217  338
1.7469559855491283  391
1.7469368960517373  381
1.7469178069715345  318
1.7468987183085065  353
1.7468796300626397  353
1.7468605422339203  385
1.7468414548223345  366
1.7468223678278691  372
1.7468032812505099  344
1.7467841950902434  316
1.746765109347056  387
1.746746024020934  355
1.7467269391118636  313
1.7467078546198314  317
1.7466887705448233  304
1.7466696868868261  332
1.746650603645826  309
1.7466315208218093  348
1.746612438414762  388
1.7465933564246712  334
1.7465742748515225  361
1.7465551936953025  356
1.7465361129559978  314
1.7465170326335941  374
1.7464979527280784  363
1.7464788732394365  265
1.7464597941676552  367
1.7464407155127206  305
1.746421637274619  379
1.746402559453337  362
1.7463834820488606  354
1.7463644050611762  345
1.7463453284902704  334
1.7463262523361294  306
1.7463071765987392  321
1.7462881012780869  418
1.746269026374158  352
1.7462499518869392  314
1.746230877816417  357
1.7462118041625778  311
1.7461927309254077  274
1.7461736581048932  284
1.7461545857010206  343
1.7461355137137762  324
1.7461164421431463  373
1.7460973709891174  268
1.7460783002516758  351
1.7460592299308078  334
1.7460401600264996  337
1.7460210905387379  317
1.746002021467509  286
1.7459829528127988  278
1.7459638845745942  288
1.7459448167528813  315
1.7459257493476465  351
1.7459066823588762  311
1.7458876157865566  354
1.7458685496306743  300
1.7458494838912153  322
1.7458304185681663  289
1.7458113536615132  307
1.745792289171243  314
1.745773225097342  332
1.7457541614397958  289
1.7457350981985917  303
1.7457160353737153  312
1.7456969729651537  299
1.7456779109728926  232
1.7456588493969185  345
1.745639788237218  295
1.7456207274937774  332
1.745601667166583  338
1.7455826072556213  337
1.7455635477608784  383
1.7455444886823408  314
1.7455254300199947  331
1.7455063717738268  293
1.7454873139438234  317
1.7454682565299708  337
1.7454491995322552  311
1.7454301429506633  315
1.745411086785181  311
1.7453920310357949  343
1.7453729757024918  335
1.7453539207852575  284
1.7453348662840786  324
1.7453158121989416  330
1.7452967585298327  321
1.745277705276738  288
1.7452586524396445  287
1.7452396000185382  304
1.7452205480134055  268
1.7452014964242328  278
1.7451824452510065  270
1.7451633944937128  283
1.7451443441523384  230
1.7451252942268696  263
1.7451062447172927  281
1.7450871956235938  225
1.7450681469457598  261
1.7450490986837768  306
1.7450300508376313  254
1.7450110034073094  281
1.744991956392798  284
1.744972909794083  291
1.7449538636111506  272
1.7449348178439879  323
1.744915772492581  269
1.744896727556916  268
1.7448776830369799  277
1.7448586389327585  288
1.7448395952442382  272
1.7448205519714057  300
1.7448015091142475  246
1.7447824666727494  281
1.7447634246468984  237
1.7447443830366804  248
1.7447253418420823  225
1.7447063010630899  289
1.7446872606996902  305
1.7446682207518691  210
1.7446491812196134  264
1.7446301421029091  280
1.7446111034017429  261
1.744592065116101  259
1.74457302724597  291
1.7445539897913362  257
1.744534952752186  335
1.7445159161285053  273
1.7444968799202816  301
1.7444778441275004  220
1.7444588087501485  249
1.744439773788212  257
1.7444207392416775  260
1.7444017051105316  277
1.7443826713947603  217
1.7443636380943504  263
1.744344605209288  298
1.7443255727395595  263
1.7443065406851515  270
1.7442875090460501  250
1.7442684778222421  253
1.7442494470137138  255
1.7442304166204514  207
1.7442113866424414  252
1.7441923570796702  220
1.7441733279321245  219
1.7441542991997903  250
1.7441352708826543  251
1.7441162429807027  277
1.7440972154939216  181
1.7440781884222982  237
1.7440591617658185  288
1.744040135524469  219
1.7440211096982359  264
1.7440020842871058  245
1.7439830592910652  262
1.7439640347101004  228
1.7439450105441978  263
1.7439259867933437  262
1.7439069634575248  241
1.7438879405367271  244
1.7438689180309377  256
1.7438498959401423  256
1.7438308742643276  269
1.7438118530034803  188
1.7437928321575864  266
1.7437738117266324  234
1.7437547917106049  225
1.7437357721094902  231
1.7437167529232749  291
1.743697734151945  190
1.7436787157954874  214
1.743659697853888  253
1.7436406803271338  233
1.743621663215211  296
1.743602646518106  241
1.7435836302358054  220
1.7435646143682952  209
1.7435455989155624  156
1.7435265838775929  247
1.7435075692543733  209
1.7434885550458903  206
1.74346954125213  211
1.7434505278730787  286
1.7434315149087234  252
1.74341250235905  238
1.7433934902240453  267
1.7433744785036955  258
1.7433554671979872  211
1.7433364563069067  216
1.7433174458304406  162
1.743298435768575  210
1.7432794261212967  224
1.743260416888592  265
1.7432414080704473  196
1.7432223996668486  206
1.7432033916777834  230
1.7431843841032373  223
1.7431653769431972  230
1.743146370197649  197
1.7431273638665798  208
1.7431083579499758  166
1.743089352447823  189
1.7430703473601086  253
1.7430513426868184  209
1.7430323384279391  228
1.743013334583457  214
1.742994331153359  225
1.742975328137631  229
1.74295632553626  249
1.7429373233492316  186
1.7429183215765331  231
1.7428993202181506  210
1.7428803192740705  180
1.7428613187442794  227
1.7428423186287636  196
1.7428233189275097  311
1.7428043196405039  242
1.7427853207677328  239
1.7427663223091832  220
1.742747324264841  179
1.742728326634693  203
1.7427093294187255  209
1.742690332616925  181
1.742671336229278  179
1.742652340255771  184
1.7426333446963902  266
1.7426143495511222  209
1.7425953548199535  148
1.7425763605028706  255
1.74255736659986  220
1.7425383731109079  247
1.742519380036001  156
1.7425003873751257  188
1.7424813951282685  179
1.7424624032954157  185
1.742443411876554  236
1.7424244208716695  199
1.742405430280749  150
1.742386440103779  211
1.7423674503407456  197
1.7423484609916355  214
1.7423294720564353  250
1.7423104835351313  150
1.7422914954277102  183
1.742272507734158  241
1.7422535204544616  190
1.7422345335886071  204
1.7422155471365814  176
1.7421965610983707  231
1.7421775754739615  178
1.7421585902633403  207
1.7421396054664935  207
1.7421206210834077  186
1.7421016371140692  188
1.7420826535584646  216
1.7420636704165806  175
1.7420446876884033  181
1.7420257053739192  201
1.742006723473115  193
1.7419877419859768  164
1.7419687609124916  179
1.7419497802526456  135
1.741930800006425  196
1.7419118201738168  193
1.7418928407548073  172
1.741873861749383  227
1.7418548831575302  191
1.7418359049792356  213
1.7418169272144857  123
1.7417979498632665  243
1.7417789729255653  196
1.741759996401368  249
1.741741020290661  214
1.7417220445934312  208
1.7417030693096647  182
1.7416840944393484  209
1.7416651199824684  163
1.7416461459390113  128
1.7416271723089638  120
1.7416081990923122  151
1.7415892262890431  235
1.7415702538991429  243
1.741551281922598  183
1.741532310359395  175
1.7415133392095203  209
1.7414943684729605  130
1.7414753981497022  171
1.7414564282397316  192
1.7414374587430355  162
1.7414184896596003  228
1.7413995209894124  150
1.7413805527324582  154
1.7413615848887245  195
1.7413426174581976  188
1.7413236504408642  200
1.7413046838367103  110
1.741285717645723  128
1.7412667518678886  183
1.7412477865031932  152
1.7412288215516238  170
1.7412098570131669  200
1.7411908928878086  175
1.7411719291755359  166
1.7411529658763347  172
1.741134002990192  151
1.7411150405170943  143
1.741096078457028  181
1.741077116809979  149
1.7410581555759348  199
1.7410391947548813  129
1.7410202343468055  145
1.7410012743516934  148
1.7409823147695318  153
1.740963355600307  149
1.7409443968440055  87
1.740925438500614  148
1.740906480570119  151
1.7408875230525072  91
1.7408685659477645  148
1.740849609255878  188
1.7408306529768338  123
1.7408116971106187  156
1.740792741657219  116
1.7407737866166215  113
1.7407548319888124  178
1.7407358777737785  150
1.7407169239715061  156
1.7406979705819818  131
1.7406790176051923  151
1.7406600650411237  105
1.7406411128897625  139
1.7406221611510957  132
1.7406032098251096  108
1.7405842589117908  177
1.7405653084111259  190
1.740546358323101  199
1.740527408647703  164
1.740508459384918  125
1.7404895105347333  149
1.7404705620971346  167
1.740451614072109  143
1.7404326664596426  151
1.7404137192597222  121
1.7403947724723343  118
1.7403758260974653  177
1.740356880135102  111
1.7403379345852303  138
1.7403189894478375  170
1.7403000447229098  154
1.7402811004104337  167
1.7402621565103957  143
1.7402432130227823  111
1.7402242699475803  145
1.7402053272847757  135
1.7401863850343555  135
1.7401674431963063  120
1.7401485017706144  124
1.7401295607572664  137
1.7401106201562488  134
1.740091679967548  179
1.740072740191151  150
1.7400538008270439  140
1.7400348618752135  171
1.740015923335646  103
1.7399969852083281  177
1.7399780474932465  164
1.7399591101903877  103
1.7399401732997382  134
1.7399212368212842  96
1.7399023007550127  112
1.7398833651009102  150
1.7398644298589632  117
1.739845495029158  148
1.7398265606114813  95
1.7398076266059197  114
1.7397886930124595  133
1.7397697598310877  176
1.7397508270617907  98
1.7397318947045548  138
1.7397129627593668  133
1.739694031226213  142
1.7396751001050803  95
1.739656169395955  107
1.7396372390988235  113
1.7396183092136728  110
1.739599379740489  165
1.739580450679259  100
1.7395615220299692  116
1.7395425937926061  113
1.7395236659671562  94
1.7395047385536062  108
1.7394858115519427  104
1.7394668849621522  119
1.7394479587842213  124
1.7394290330181363  146
1.739410107663884  167
1.739391182721451  117
1.7393722581908235  100
1.7393533340719884  167
1.7393344103649322  131
1.7393154870696415  161
1.739296564186103  154
1.7392776417143028  129
1.7392587196542277  156
1.7392397980058643  132
1.7392208767691992  92
1.739201955944219  125
1.7391830355309101  145
1.7391641155292592  141
1.7391451959392528  104
1.7391262767608773  128
1.7391073579941194  103
1.7390884396389659  124
1.739069521695403  99
1.7390506041634177  108
1.7390316870429963  191
1.7390127703341252  142
1.738993854036791  110
1.7389749381509807  105
1.7389560226766805  77
1.738937107613877  78
1.7389181929625566  62
1.7388992787227064  97
1.7388803648943127  100
1.738861451477362  167
1.738842538471841  95
1.738823625877736  85
1.738804713695034  124
1.7387858019237212  113
1.7387668905637845  94
1.73874797961521  89
1.738729069077985  86
1.7387101589520955  116
1.7386912492375282  132
1.7386723399342696  131
1.7386534310423067  83
1.7386345225616255  141
1.7386156144922131  135
1.7385967068340558  93
1.73857779958714  88
1.7385588927514528  107
1.7385399863269804  97
1.7385210803137094  85
1.7385021747116263  103
1.7384832695207182  80
1.7384643647409712  104
1.738445460372372  113
1.7384265564149075  113
1.7384076528685637  109
1.7383887497333277  119
1.7383698470091857  135
1.7383509446961245  123
1.7383320427941307  101
1.738313141303191  117
1.7382942402232917  79
1.7382753395544195  104
1.7382564392965612  133
1.738237539449703  108
1.7382186400138318  121
1.738199740988934  78
1.7381808423749965  142
1.7381619441720058  92
1.738143046379948  102
1.7381241489988104  74
1.7381052520285794  60
1.7380863554692412  87
1.7380674593207825  58
1.7380485635831904  108
1.738029668256451  102
1.7380107733405514  132
1.7379918788354778  93
1.7379729847412169  68
1.7379540910577551  71
1.7379351977850794  97
1.737916304923176  100
1.7378974124720319  135
1.7378785204316336  108
1.7378596288019674  97
1.73784073758302  76
1.7378218467747784  91
1.7378029563772288  100
1.737784066390358  144
1.7377651768141524  85
1.737746287648599  100
1.7377273988936839  119
1.7377085105493941  113
1.7376896226157161  74
1.7376707350926366  101
1.737651847980142  111
1.7376329612782186  117
1.7376140749868538  97
1.737595189106034  122
1.7375763036357454  137
1.737557418575975  97
1.7375385339267093  124
1.7375196496879348  65
1.7375007658596382  115
1.7374818824418063  61
1.7374629994344255  97
1.7374441168374823  106
1.7374252346509638  116
1.737406352874856  67
1.737387471509146  113
1.73736859055382  72
1.7373497100088653  106
1.7373308298742678  61
1.7373119501500145  92
1.7372930708360919  57
1.7372741919324866  111
1.7372553134391853  86
1.7372364353561747  108
1.7372175576834408  111
1.7371986804209714  81
1.7371798035687522  97
1.73716092712677  142
1.7371420510950117  86
1.737123175473464  87
1.737104300262113  71
1.7370854254609456  129
1.7370665510699486  90
1.7370476770891083  109
1.7370288035184116  82
1.737009930357845  83
1.7369910576073953  59
1.7369721852670488  97
1.7369533133367925  78
1.7369344418166128  92
1.7369155707064963  108
1.73689670000643  60
1.7368778297164  73
1.7368589598363933  88
1.7368400903663965  63
1.736821221306396  78
1.736802352656379  68
1.736783484416331  68
1.73676461658624  47
1.736745749166092  55
1.7367268821558735  104
1.7367080155555714  61
1.7366891493651724  54
1.7366702835846628  90
1.7366514182140296  93
1.7366325532532592  84
1.7366136887023382  109
1.7365948245612535  80
1.7365759608299915  61
1.7365570975085391  90
1.7365382345968827  77
1.7365193720950092  77
1.736500510002905  96
1.736481648320557  58
1.7364627870479514  76
1.7364439261850753  18
1.7364250657319151  30
1.7364062056884577  90
1.7363873460546895  59
1.7363684868305973  94
1.7363496280161672  85
1.736330769611387  113
1.7363119116162424  133
1.7362930540307204  65
1.7362741968548077  83
1.7362553400884908  41
1.7362364837317563  66
1.736217627784591  69
1.7361987722469816  76
1.7361799171189147  48
1.736161062400377  141
1.7361422080913549  59
1.7361233541918355  54
1.736104500701805  85
1.7360856476212503  111
1.736066794950158  65
1.736047942688515  60
1.7360290908363076  58
1.7360102393935226  71
1.7359913883601468  92
1.7359725377361668  55
1.7359536875215689  96
1.7359348377163404  41
1.7359159883204671  45
1.7358971393339366  62
1.7358782907567352  84
1.7358594425888494  45
1.7358405948302662  72
1.7358217474809718  49
1.7358029005409534  76
1.7357840540101972  62
1.7357652078886903  46
1.7357463621764189  59
1.7357275168733701  -4
1.7357086719795303  65
1.7356898274948862  85
1.7356709834194246  54
1.7356521397531322  68
1.7356332964959953  55
1.7356144536480012  93
1.735595611209136  87
1.7355767691793866  77
1.7355579275587398  66
1.735539086347182  63
1.7355202455447  156
1.7355014051512805  55
1.7354825651669104  106
1.735463725591576  106
1.735444886425264  91
1.7354260476679615  47
1.7354072093196549  47
1.7353883713803309  83
1.735369533849976  20
1.7353506967285772  87
1.735331860016121  40
1.735313023712594  102
1.735294187817983  71
1.7352753523322748  54
1.735256517255456  47
1.735237682587513  72
1.735218848328433  77
1.7352000144782023  69
1.7351811810368079  79
1.735162348004236  58
1.7351435153804737  70
1.7351246831655076  74
1.7351058513593245  57
1.7350870199619108  59
1.735068188973253  65
1.7350493583933386  65
1.7350305282221539  65
1.7350116984596853  65
1.73499286910592  73
1.734974040160844  51
1.7349552116244447  28
1.7349363834967084  45
1.734917555777622  62
1.734898728467172  93
1.7348799015653453  70
1.7348610750721283  48
1.734842248987508  60
1.734823423311471  104
1.7348045980440039  60
1.7347857731850935  33
1.7347669487347266  65
1.7347481246928895  85
1.7347293010595695  53
1.7347104778347529  46
1.7346916550184264  55
1.7346728326105767  60
1.7346540106111907  78
1.734635189020255  76
1.7346163678377562  52
1.7345975470636812  82
1.7345787266980166  44
1.7345599067407491  71
1.7345410871918656  30
1.7345222680513526  86
1.7345034493191966  -4
1.7344846309953847  71
1.7344658130799036  55
1.7344469955727397  70
1.73442817847388  52
1.734409361783311  60
1.7343905455010193  77
1.7343717296269923  62
1.7343529141612157  101
1.734334099103677  54
1.7343152844543628  80
1.7342964702132595  46
1.734277656380354  55
1.734258842955633  58
1.7342400299390832  92
1.734221217330691  99
1.7342024051304439  36
1.734183593338328  74
1.7341647819543304  103
1.7341459709784375  81
1.734127160410636  44
1.734108350250913  76
1.7340895404992547  58
1.7340707311556482  38
1.73405192222008  33
1.734033113692537  80
1.734014305573006  23
1.7339954978614736  110
1.7339766905579261  39
1.733957883662351  78
1.7339390771747345  112
1.7339202710950636  89
1.733901465423325  44
1.733882660159505  71
1.733863855303591  45
1.7338450508555692  73
1.7338262468154264  76
1.7338074431831496  81
1.7337886399587252  112
1.7337698371421402  97
1.7337510347333813  92
1.7337322327324354  86
1.7337134311392888  71
1.7336946299539282  33
1.733675829176341  63
1.7336570288065132  70
1.7336382288444319  34
1.733619429290084  44
1.7336006301434557  55
1.7335818314045341  63
1.733563033073306  35
1.733544235149758  22
1.733525437633877  73
1.7335066405256494  70
1.733487843825062  18
1.733469047532102  70
1.7334502516467556  27
1.7334314561690098  29
1.7334126610988514  40
1.733393866436267  39
1.7333750721812433  36
1.7333562783337668  76
1.733337484893825  47
1.733318691861404  62
1.7332998992364912  33
1.7332811070190726  33
1.7332623152091353  52
1.733243523806666  39
1.7332247328116512  5
1.7332059422240782  55
1.7331871520439335  75
1.7331683622712035  52
1.7331495729058755  69
1.733130783947936  60
1.7331119953973715  23
1.7330932072541692  52
1.7330744195183154  52
1.7330556321897974  49
1.7330368452686014  67
1.7330180587547146  7
1.7329992726481234  -13
1.7329804869488148  43
1.7329617016567755  -5
1.7329429167719923  67
1.7329241322944513  42
1.7329053482241403  48
1.7328865645610456  13
1.732867781305154  64
1.7328489984564521  62
1.732830216014927  29
1.7328114339805651  64
1.7327926523533532  26
1.7327738711332783  17
1.7327550903203268  62
1.732736309914486  40
1.732717529915742  60
1.732698750324082  55
1.732679971139493  54
1.732661192361961  49
1.7326424139914733  43
1.7326236360280165  52
1.7326048584715776  41
1.7325860813221432  17
1.7325673045796999  50
1.7325485282442348  39
1.7325297523157344  59
1.7325109767941853  47
1.732492201679575  84
1.7324734269718896  48
1.732454652671116  21
1.7324358787772411  24
1.732417105290252  27
1.7323983322101346  9
1.7323795595368765  62
1.7323607872704638  32
1.732342015410884  77
1.7323232439581233  29
1.7323044729121686  36
1.732285702273007  33
1.7322669320406248  78
1.732248162215009  23
1.7322293927961463  46
1.7322106237840236  67
1.7321918551786277  27
1.7321730869799454  32
1.7321543191879634  55
1.7321355518026682  41
1.732116784824047  46
1.7320980182520864  17
1.7320792520867732  39
1.7320604863280942  34
1.7320417209760361  44
1.732022956030586  25
1.7320041914917303  44
1.7319854273594562  51
1.7319666636337498  39
1.7319479003145986  13
1.731929137401989  50
1.731910374895908  31
1.7318916127963422  33
1.7318728511032784  24
1.7318540898167034  79
1.7318353289366042  3
1.7318165684629674  30
1.7317978083957797  33
1.7317790487350282  65
1.7317602894806992  57
1.7317415306327801  55
1.7317227721912571  27
1.7317040141561175  45
1.731685256527348  4
1.7316664993049347  18
1.7316477424888654  48
1.7316289860791263  44
1.7316102300757046  25
1.7315914744785867  47
1.7315727192877597  25
1.73155396450321  38
1.7315352101249248  27
1.7315164561528908  28
1.7314977025870948  43
1.7314789494275233  49
1.7314601966741636  42
1.731441444327002  12
1.7314226923860259  39
1.7314039408512216  48
1.731385189722576  6
1.731366439000076  29
1.7313476886837083  38
1.7313289387734598  20
1.7313101892693175  39
1.7312914401712678  33
1.7312726914792977  28
1.731253943193394  12
1.7312351953135432  20
1.7312164478397327  33
1.7311977007719492  7
1.7311789541101792  24
1.7311602078544097  16
1.7311414620046275  44
1.7311227165608192  43
1.731103971522972  39
1.7310852268910724  23
1.7310664826651072  30
1.7310477388450634  28
1.7310289954309277  15
1.7310102524226871  49
1.7309915098203281  39
1.7309727676238378  49
1.7309540258332028  18
1.73093528444841  40
1.7309165434694465  71
1.7308978028962987  71
1.7308790627289534  37
1.7308603229673978  25
1.7308415836116184  26
1.730822844661602  33
1.7308041061173356  29
1.730785367978806  36
1.730766630246  44
1.7307478929189046  55
1.7307291559975064  41
1.7307104194817924  56
1.730691683371749  39
1.7306729476673635  7
1.7306542123686224  23
1.7306354774755128  52
1.7306167429880213  34
1.7305980089061348  24
1.7305792752298403  62
1.7305605419591243  19
1.7305418090939741  21
1.730523076634376  63
1.7305043445803172  0
1.7304856129317843  36
1.7304668816887643  82
1.730448150851244  36
1.7304294204192099  60
1.7304106903926493  -2
1.730391960771549  71
1.7303732315558953  4
1.7303545027456757  42
1.730335774340877  29
1.7303170463414854  34
1.7302983187474885  74
1.7302795915588725  30
1.7302608647756248  49
1.7302421383977318  13
1.7302234124251803  4
1.7302046868579577  39
1.7301859616960502  69
1.730167236939445  -10
1.7301485125881289  44
1.7301297886420886  11
1.7301110651013112  26
1.7300923419657832  26
1.7300736192354917  69
1.7300548969104235  61
1.7300361749905653  34
1.7300174534759043  41
1.7299987323664268  20
1.72998001166212  43
1.7299612913629707  45
1.7299425714689658  81
1.7299238519800921  20
1.7299051328963364  33
1.7298864142176857  31
1.7298676959441266  16
1.7298489780756463  63
1.7298302606122313  52
1.7298115435538686  24
1.729792826900545  55
1.7297741106522475  81
1.7297553948089628  52
1.7297366793706777  14
1.7297179643373792  41
1.7296992497090542  61
1.7296805354856895  14
1.729661821667272  14
1.7296431082537882  32
1.7296243952452253  7
1.7296056826415702  12
1.7295869704428095  17
1.7295682586489305  38
1.7295495472599196  6
1.7295308362757635  17
1.7295121256964496  7
1.7294934155219648  5
1.7294747057522954  49
1.729455996387429  7
1.7294372874273516  23
1.7294185788720509  5
1.729399870721513  13
1.7293811629757254  23
1.7293624556346745  44
1.7293437486983474  12
1.729325042166731  70
1.729306336039812  45
1.7292876303175775  11
1.7292689250000142  -27
1.729250220087109  10
1.7292315155788487  3
1.72921281147522  11
1.7291941077762105  20
1.7291754044818062  41
1.7291567015919944  13
1.7291379991067621  27
1.729119297026096  21
1.7291005953499825  41
1.7290818940784092  39
1.729063193211363  39
1.7290444927488302  43
1.729025792690798  -3
1.7290070930372532  12
1.728988393788183  41
1.7289696949435738  23
1.7289509965034127  23
1.7289322984676865  34
1.728913600836382  44
1.7288949036094863  42
1.7288762067869863  -7
1.7288575103688686  23
1.7288388143551203  23
1.7288201187457284  40
1.7288014235406794  20
1.7287827287399604  -14
1.7287640343435584  -5
1.72874534035146  15
1.7287266467636524  23
1.7287079535801224  58
1.7286892608008564  44
1.7286705684258419  17
1.7286518764550658  51
1.7286331848885146  39
1.7286144937261754  -1
1.728595802968035  44
1.7285771126140803  35
1.7285584226642985  12
1.728539733118676  -15
1.7285210439771999  39
1.728502355239857  3
1.7284836669066346  39
1.728464978977519  73
1.7284462914524976  -9
1.728427604331557  23
1.728408917614684  15
1.7283902313018658  7
1.7283715453930892  15
1.7283528598883409  33
1.728334174787608  2
1.7283154900908775  59
1.728296805798136  3
1.7282781219093706  23
1.7282594384245678  14
1.7282407553437151  17
1.7282220726667992  36
1.7282033903938068  27
1.728184708524725  45
1.7281660270595407  13
1.7281473459982406  33
1.7281286653408119  -12
1.7281099850872412  33
1.7280913052375158  8
1.7280726257916221  28
1.7280539467495473  24
1.7280352681112783  11
1.728016589876802  38
1.7279979120461053  12
1.727979234619175  -6
1.727960557595998  27
1.7279418809765614  8
1.7279232047608521  31
1.7279045289488568  2
1.7278858535405626  9
1.7278671785359563  25
1.7278485039350249  3
1.7278298297377548  15
1.7278111559441338  18
1.7277924825541484  -10
1.7277738095677853  17
1.7277551369850317  -28
1.7277364648058746  19
1.7277177930303005  1
1.7276991216582966  7
1.72768045068985  -9
1.7276617801249472  -3
1.7276431099635754  7
1.7276244402057213  33
1.727605770851372  19
1.7275871019005142  30
1.7275684333531351  23
1.7275497652092215  26
1.7275310974687605  13
1.7275124301317386  0
1.727493763198143  19
1.7274750966679606  45
1.7274564305411784  25
1.7274377648177832  19
1.7274190994977618  33
1.7274004345811012  2
1.7273817700677885  5
1.7273631059578107  50
1.7273444422511546  -5
1.727325778947807  12
1.7273071160477547  4
1.727288453550985  30
1.7272697914574846  23
1.7272511297672406  56
1.7272324684802398  28
1.7272138075964691  30
1.7271951471159157  1
1.727176487038566  12
1.7271578273644075  1
1.7271391680934267  10
1.7271205092256108  13
1.7271018507609466  12
1.7270831926994212  44
1.7270645350410214  15
1.727045877785734  0
1.7270272209335462  10
1.7270085644844448  38
1.7269899084384164  32
1.7269712527954488  11
1.7269525975555282  33
1.7269339427186419  -13
1.7269152882847767  12
1.7268966342539196  34
1.7268779806260575  37
1.7268593274011772  22
1.7268406745792657  21
1.7268220221603103  11
1.7268033701442975  38
1.7267847185312144  11
1.7267660673210479  -7
1.726747416513785  -1
1.7267287661094128  -4
1.7267101161079181  39
1.7266914665092876  39
1.7266728173135086  -12
1.726654168520568  58
1.7266355201304526  6
1.7266168721431494  -7
1.7265982245586453  9
1.7265795773769275  9
1.7265609305979823  9
1.7265422842217975  4
1.7265236382483595  -10
1.7265049926776557  -8
1.7264863475096726  19
1.7264677027443973  8
1.7264490583818168  8
1.7264304144219182  40
1.7264117708646882  30
1.7263931277101137  30
1.726374484958182  6
1.7263558426088796  38
1.726337200662194  0
1.7263185591181116  3
1.7262999179766199  -2
1.7262812772377054  -4
1.7262626369013552  -20
1.7262439969675563  11
1.7262253574362958  16
1.7262067183075605  31
1.7261880795813374  4
1.7261694412576132  7
1.726150803336375  7
1.7261321658176103  -14
1.7261135287013054  26
1.7260948919874477  -11
1.7260762556760239  33
1.726057619767021  3
1.7260389842604258  23
1.7260203491562256  -1
1.7260017144544073  0
1.7259830801549578  -18
1.725964446257864  3
1.7259458127631129  -2
1.7259271796706916  -13
1.725908546980587  26
1.725889914692786  37
1.7258712828072755  1
1.7258526513240426  60
1.7258340202430742  1
1.7258153895643575  19
1.7257967592878793  14
1.7257781294136265  3
1.7257594999415862  -16
1.7257408708717452  33
1.7257222422040903  -4
1.725703613938609  7
1.7256849860752883  19
1.7256663586141148  -1
1.7256477315550756  19
1.7256291048981578  42
1.7256104786433482  6
1.7255918527906338  32
1.7255732273400015  44
1.7255546022914385  -1
1.7255359776449317  -10
1.725517353400468  -3
1.7254987295580344  -3
1.7254801061176182  -10
1.7254614830792059  24
1.7254428604427847  18
1.7254242382083416  16
1.7254056163758635  40
1.7253869949453375  4
1.7253683739167505  -18
1.7253497532900897  30
1.7253311330653416  -21
1.7253125132424936  -15
1.7252938938215325  -26
1.7252752748024454  19
1.7252566561852194  -9
1.7252380379698413  -4
1.7252194201562983  28
1.7252008027445769  -4
1.7251821857346648  1
1.7251635691265483  2
1.7251449529202147  12
1.7251263371156513  17
1.7251077217128445  7
1.7250891067117817  -18
1.72507049211245  -30
1.7250518779148358  29
1.7250332641189268  17
1.7250146507247095  -5
1.7249960377321711  23
1.7249774251412986  17
1.724958812952079  26
1.7249402011644992  26
1.7249215897785461  11
1.7249029787942072  -8
1.724884368211469  39
1.7248657580303184  12
1.7248471482507428  17
1.7248285388727294  12
1.7248099298962645  14
1.7247913213213357  -9
1.7247727131479298  17
1.7247541053760336  7
1.7247354980056344  16
1.7247168910367192  19
1.7246982844692746  9
1.7246796783032883  8
1.7246610725387466  -17
1.724642467175637  10
1.7246238622139463  17
1.7246052576536615  6
1.7245866534947696  10
1.7245680497372577  1
1.7245494463811128  1
1.724530843426322  3
1.724512240872872  23
1.7244936387207501  30
1.724475036969943  60
1.7244564356204384  -2
1.7244378346722222  8
1.7244192341252824  -19
1.7244006339796056  -13
1.7243820342351792  -4
1.7243634348919896  -11
1.7243448359500242  17
1.72432623740927  11
1.7243076392697139  7
1.724289041531343  1
1.7242704441941443  -4
1.724251847258105  28
1.7242332507232117  12
1.7242146545894517  -42
1.724196058856812  10
1.7241774635252796  2
1.7241588685948415  -6
1.7241402740654848  -23
1.7241216799371963  -7
1.7241030862099633  -18
1.7240844928837729  14
1.7240658999586118  -7
1.724047307434467  -36
1.7240287153113256  4
1.7240101235891752  -15
1.723991532268002  1
1.7239729413477936  2
1.7239543508285367  7
1.7239357607102184  -8
1.7239171709928258  14
1.723898581676346  -4
1.7238799927607658  27
1.7238614042460723  4
1.7238428161322528  27
1.723824228419294  25
1.723805641107183  21
1.7237870541959068  23
1.7237684676854528  4
1.7237498815758077  37
1.7237312958669584  25
1.7237127105588923  31
1.723694125651596  22
1.7236755411450573  1
1.7236569570392624  23
1.7236383733341987  -5
1.7236197900298533  -4
1.7236012071262128  15
1.7235826246232648  24
1.7235640425209964  19
1.723545460819394  26
1.7235268795184453  6
1.723508298618137  2
1.7234897181184563  -13
1.72347113801939  -9
1.7234525583209253  21
1.7234339790230493  21
1.723415400125749  2
1.7233968216290112  -6
1.7233782435328233  -16
1.7233596658371724  26
1.723341088542045  9
1.723322511647429  4
1.7233039351533104  25
1.723285359059677  -3
1.7232667833665158  25
1.7232482080738136  -16
1.7232296331815578  15
1.723211058689735  23
1.7231924845983322  -15
1.723173910907337  2
1.7231553376167361  6
1.7231367647265166  -31
1.7231181922366656  -6
1.7230996201471702  12
1.7230810484580172  -12
1.723062477169194  -7
1.7230439062806875  45
1.7230253357924847  24
1.7230067657045727  -20
1.7229881960169386  -32
1.7229696267295693  10
1.722951057842452  -41
1.722932489355574  -3
1.7229139212689217  1
1.722895353582483  28
1.7228767862962442  -31
1.7228582194101927  17
1.7228396529243155  -2
1.7228210868385998  -2
1.7228025211530327  18
1.722783955867601  12
1.7227653909822915  -7
1.7227468264970922  -17
1.7227282624119895  -39
1.7227096987269706  27
1.7226911354420225  12
1.7226725725571324  -30
1.7226540100722871  -14
1.7226354479874741  5
1.7226168863026803  4
1.7225983250178925  33
1.722579764133098  20
1.7225612036482838  21
1.722542643563437  0
1.722524083878545  -17
1.722505524593594  7
1.7224869657085722  26
1.7224684072234657  22
1.7224498491382623  -20
1.7224312914529485  -25
1.7224127341675117  -32
1.7223941772819389  -31
1.722375620796217  7
1.7223570647103335  -4
1.7223385090242749  12
1.722319953738029  17
1.7223013988515823  -25
1.722282844364922  15
1.7222642902780354  40
1.7222457365909094  10
1.722227183303531  -12
1.7222086304158875  -2
1.7221900779279657  -19
1.722171525839753  33
1.7221529741512362  -15
1.7221344228624027  17
1.7221158719732395  -4
1.7220973214837332  -4
1.7220787713938717  1
1.7220602217036414  38
1.7220416724130296  -30
1.7220231235220234  3
1.72200457503061  22
1.7219860269387763  -23
1.7219674792465096  -14
1.721948931953797  -4
1.7219303850606253  -20
1.7219118385669816  -9
1.7218932924728532  38
1.7218747467782274  10
1.721856201483091  15
1.721837656587431  -26
1.7218191120912345  11
1.7218005679944888  -6
1.721782024297181  -2
1.721763480999298  -36
1.721744938100827  -4
1.7217263956017552  1
1.7217078535020696  26
1.721689311801757  -30
1.721670770500805  -18
1.7216522295992005  -9
1.7216336890969304  -26
1.7216151489939822  -8
1.7215966092903425  -23
1.7215780699859988  -25
1.7215595310809382  -10
1.7215409925751475  -20
1.721522454468614  16
1.7215039167613246  0
1.7214853794532667  6
1.7214668425444275  -6
1.7214483060347938  -11
1.7214297699243526  17
1.7214112342130914  -18
1.721392698900997  -22
1.7213741639880566  -20
1.7213556294742574  1
1.7213370953595863  -28
1.7213185616440307  -4
1.7213000283275774  0
1.7212814954102138  -3
1.7212629628919267  -9
1.7212444307727035  7
1.721225899052531  -18
1.7212073677313966  -12
1.7211888368092871  5
1.72117030628619  35
1.7211517761620923  9
1.7211332464369808  -44
1.7211147171108432  2
1.721096188183666  20
1.7210776596554362  33
1.7210591315261419  -13
1.7210406037957693  -11
1.721022076464306  -13
1.7210035495317388  1
1.720985022998055  -9
1.7209664968632419  23
1.7209479711272861  29
1.7209294457901751  -5
1.720910920851896  -14
1.7208923963124358  16
1.7208738721717818  1
1.720855348429921  1
1.7208368250868404  -4
1.7208183021425274  -4
1.7207997795969687  -12
1.720781257450152  -7
1.7207627357020638  0
1.7207442143526919  7
1.7207256934020227  -16
1.720707172850044  -4
1.7206886526967424  23
1.720670132942105  24
1.7206516135861196  -25
1.720633094628773  16
1.720614576070052  -41
1.720596057909944  -14
1.720577540148436  10
1.7205590227855154  7
1.720540505821169  -2
1.7205219892553842  23
1.7205034730881479  4
1.7204849573194474  -4
1.72046644194927  1
1.7204479269776023  -8
1.720429412404432  -10
1.7204108982297457  28
1.720392384453531  -1
1.7203738710757748  24
1.7203553580964643  8
1.7203368455155867  23
1.720318333333129  2
1.7202998215490783  -5
1.720281310163422  20
1.7202627991761472  -11
1.7202442885872404  20
1.7202257783966897  -4
1.7202072686044818  -15
1.7201887592106038  1
1.7201702502150427  -15
1.720151741617786  18
1.7201332334188209  -24
1.720114725618134  -31
1.720096218215713  12
1.7200777112115444  -4
1.7200592046056162  -18
1.7200406983979148  12
1.7200221925884278  -24
1.7200036871771422  5
1.719985182164045  4
1.7199666775491236  8
1.7199481733323652  18
1.7199296695137565  -41
1.719911166093285  28
1.719892663070938  -10
1.719874160446702  9
1.719855658220565  20
1.7198371563925137  -8
1.7198186549625347  18
1.7198001539306165  -9
1.7197816532967451  -1
1.719763153060908  -28
1.719744653223093  29
1.719726153783286  -16
1.7197076547414751  2
1.7196891560976473  -9
1.7196706578517893  1
1.719652160003889  7
1.7196336625539328  27
1.7196151655019083  23
1.7195966688478026  -6
1.7195781725916028  18
1.7195596767332961  -14
1.7195411812728698  -7
1.7195226862103108  -24
1.7195041915456064  -13
1.7194856972787436  -42
1.7194672034097098  19
1.719448709938492  -11
1.7194302168650775  -40
1.7194117241894533  -2
1.7193932319116065  0
1.7193747400315247  -15
1.7193562485491947  -32
1.7193377574646038  7
1.719319266777739  -8
1.7193007764885877  -36
1.7192822865971369  -1
1.719263797103374  8
1.7192453080072858  5
1.7192268193088598  -6
1.719208331008083  -9
1.7191898431049426  -35
1.7191713555994257  -17
1.7191528684915196  -38
1.7191343817812115  -41
1.7191158954684884  -14
1.7190974095533376  -32
1.7190789240357462  -41
1.7190604389157016  -25
1.7190419541931907  -28
1.7190234698682008  -13
1.719004985940719  14
1.7189865024107325  -20
1.7189680192782284  -4
1.7189495365431942  31
1.7189310542056166  -13
1.7189125722654834  -18
1.7188940907227812  31
1.7188756095774975  -5
1.7188571288296195  -34
1.718838648479134  -31
1.7188201685260287  16
1.7188016889702904  -5
1.7187832098119065  -2
1.718764731050864  12
1.7187462526871504  -12
1.7187277747207526  6
1.7187092971516578  -24
1.7186908199798532  -5
1.718672343205326  -36
1.7186538668280635  -23
1.7186353908480527  12
1.718616915265281  18
1.7185984400797356  5
1.7185799652914033  -15
1.7185614909002715  -8
1.7185430169063276  -11
1.7185245433095588  -5
1.718506070109952  -35
1.7184875973074947  -17
1.7184691249021737  -13
1.7184506528939765  1
1.7184321812828902  -10
1.718413710068902  -20
1.7183952392519992  -6
1.7183767688321687  -36
1.7183582988093982  24
1.7183398291836742  3
1.7183213599549847  -9
1.7183028911233162  20
1.7182844226886562  -17
1.718265954650992  -6
1.7182474870103106  -28
1.7182290197665993  -15
1.7182105529198453  4
1.7181920864700357  -25
1.7181736204171578  -23
1.7181551547611988  7
1.7181366895021457  -13
1.7181182246399862  -7
1.718099760174707  0
1.7180812961062957  4
1.7180628324347391  31
1.7180443691600247  -37
1.7180259062821397  -9
1.718007443801071  -9
1.7179889817168064  -30
1.7179705200293325  -25
1.7179520587386368  -15
1.7179335978447063  2
1.7179151373475285  -16
1.7178966772470905  3
1.7178782175433795  -28
1.7178597582363826  0
1.7178412993260872  -4
1.7178228408124803  -14
1.7178043826955494  -17
1.7177859249752814  22
1.7177674676516637  -14
1.7177490107246836  14
1.7177305541943277  -14
1.717712098060584  -8
1.7176936423234395  -9
1.7176751869828815  -24
1.7176567320388967  -3
1.717638277491473  -17
1.717619823340597  -26
1.7176013695862564  -3
1.7175829162284382  10
1.7175644632671296  -22
1.717546010702318  -35
1.7175275585339904  -38
1.717509106762134  -9
1.7174906553867362  -2
1.7174722044077841  -35
1.7174537538252652  7
1.7174353036391663  -1
1.717416853849475  -32
1.717398404456178  1
1.7173799554592633  7
1.7173615068587176  -14
1.717343058654528  -14
1.7173246108466822  8
1.7173061634351667  -31
1.7172877164199696  -2
1.7172692698010776  -10
1.7172508235784782  -4
1.7172323777521585  -17
1.7172139323221058  1
1.717195487288307  25
1.71717704265075  -31
1.7171585984094213  6
1.7171401545643086  -13
1.717121711115399  0
1.7171032680626794  10
1.7170848254061377  -11
1.7170663831457607  1
1.7170479412815358  7
1.71702949981345  -20
1.7170110587414908  13
1.7169926180656452  -12
1.7169741777859007  -20
1.7169557379022444  -6
1.7169372984146636  -6
1.7169188593231453  -14
1.716900420627677  3
1.7168819823282457  3
1.716863544424839  9
1.716845106917444  -15
1.716826669806048  32
1.7168082330906378  -4
1.7167897967712011  -19
1.716771360847725  -21
1.716752925320197  4
1.716734490188604  -29
1.7167160554529333  -4
1.7166976211131721  -18
1.716679187169308  7
1.7166607536213276  -3
1.716642320469219  -32
1.7166238877129685  -48
1.7166054553525643  -7
1.7165870233879927  -25
1.7165685918192417  5
1.7165501606462983  -5
1.7165317298691498  -18
1.7165132994877832  33
1.716494869502186  2
1.7164764399123456  -31
1.7164580107182486  13
1.7164395819198828  -31
1.7164211535172356  -26
1.7164027255102938  11
1.716384297899045  -10
1.7163658706834761  3
1.7163474438635749  -3
1.716329017439328  -20
1.7163105914107233  -37
1.7162921657777475  30
1.716273740540388  -23
1.7162553156986324  -17
1.7162368912524677  -21
1.716218467201881  -1
1.7162000435468598  -17
1.7161816202873914  -12
1.716163197423463  19
1.7161447749550616  -41
1.7161263528821749  -25
1.7161079312047898  7
1.7160895099228937  11
1.7160710890364739  -5
1.7160526685455175  -8
1.716034248450012  -32
1.7160158287499445  -13
1.7159974094453025  -28
1.7159789905360732  -17
1.7159605720222435  12
1.7159421539038011  4
1.7159237361807331  1
1.7159053188530269  7
1.7158869019206693  -50
1.7158684853836481  -18
1.7158500692419505  -31
1.7158316534955635  -9
1.7158132381444746  9
1.715794823188671  -21
1.71577640862814  4
1.7157579944628687  -34
1.7157395806928446  -22
1.715721167318055  12
1.715702754338487  -33
1.7156843417541279  6
1.7156659295649652  -15
1.7156475177709858  1
1.715629106372177  -35
1.7156106953685264  -34
1.7155922847600213  -5
1.7155738745466487  -14
1.7155554647283962  2
1.7155370553052507  -16
1.7155186462771996  -41
1.7155002376442303  14
1.71548182940633  17
1.715463421563486  2
1.7154450141156856  -9
1.715426607062916  -16
1.7154082004051647  9
1.7153897941424188  8
1.7153713882746655  1
1.7153529828018923  -23
1.7153345777240863  -9
1.715316173041235  -9
1.7152977687533253  -26
1.715279364860345  -20
1.7152609613622811  -35
1.7152425582591209  -25
1.7152241555508514  -19
1.7152057532374605  1
1.7151873513189353  -13
1.715168949795263  -15
1.7151505486664307  -25
1.715132147932426  -1
1.7151137475932359  -18
1.715095347648848  -2
1.7150769480992494  -4
1.7150585489444274  -17
1.7150401501843695  0
1.7150217518190627  -12
1.7150033538484946  -15
1.7149849562726522  -38
1.7149665590915228  -4
1.7149481623050942  18
1.7149297659133529  -9
1.7149113699162868  -16
1.714892974313883  -21
1.7148745791061288  21
1.7148561842930117  -11
1.7148377898745186  -28
1.714819395850637  -37
1.714801002221354  -48
1.7147826089866576  -34
1.7147642161465344  -31
1.714745823700972  -15
1.7147274316499577  15
1.7147090399934786  -20
1.714690648731522  24
1.7146722578640756  -10
1.7146538673911265  -2
1.7146354773126617  -41
1.714617087628669  -5
1.7145986983391355  1
1.7145803094440484  -24
1.714561920943395  -3
1.714543532837163  -60
1.7145251451253392  -22
1.7145067578079112  -35
1.7144883708848662  -34
1.7144699843561915  -1
1.7144515982218744  9
1.7144332124819024  -14
1.7144148271362627  -26
1.7143964421849425  7
1.7143780576279288  28
1.71435967346521  -5
1.7143412896967725  -11
1.7143229063226038  -18
1.7143045233426915  -47
1.7142861407570225  -10
1.7142677585655843  -15
1.7142493767683644  23
1.7142309953653498  -14
1.7142126143565282  8
1.7141942337418865  -39
1.7141758535214122  -8
1.7141574736950926  12
1.714139094262915  12
1.714120715224867  -12
1.7141023365809356  -15
1.7140839583311083  -10
1.7140655804753722  11
1.7140472030137148  -7
1.7140288259461234  -12
1.7140104492725852  -18
1.7139920729930878  -7
1.7139736971076183  -36
1.7139553216161638  3
1.7139369465187122  -12
1.7139185718152508  -19
1.7139001975057664  13
1.7138818235902467  -22
1.713863450068679  -20
1.7138450769410503  -5
1.7138267042073485  10
1.7138083318675605  -15
1.7137899599216737  -19
1.7137715883696756  -6
1.7137532172115535  -48
1.7137348464472946  -29
1.7137164760768862  -22
1.7136981061003158  11
1.7136797365175707  19
1.713661367328638  -14
1.7136429985335053  11
1.71362463013216  -8
1.7136062621245893  11
1.7135878945107805  -7
1.713569527290721  7
1.7135511604643983  -3
1.713532794031799  -9
1.7135144279929113  -12
1.7134960623477224  1
1.7134776970962193  -15
1.7134593322383898  -13
1.7134409677742208  1
1.7134226037037  -26
1.7134042400268141  -4
1.7133858767435513  -15
1.7133675138538984  -23
1.713349151357843  -9
1.7133307892553722  -5
1.7133124275464735  -14
1.7132940662311342  -1
1.7132757053093417  -18
1.7132573447810835  -18
1.7132389846463465  -11
1.7132206249051185  -1
1.7132022655573866  -25
1.7131839066031382  10
1.7131655480423607  -4
1.7131471898750414  -20
1.7131288321011673  -18
1.7131104747207264  36
1.713092117733706  -16
1.713073761140093  -32
1.7130554049398752  -12
1.7130370491330396  -9
1.7130186937195735  -6
1.7130003386994648  -22
1.7129819840727003  -44
1.7129636298392674  -3
1.712945275999154  7
1.7129269225523467  -25
1.7129085694988333  -6
1.7128902168386013  2
1.7128718645716376  -29
1.7128535126979298  -17
1.7128351612174655  -8
1.7128168101302317  18
1.7127984594362158  -27
1.7127801091354053  -6
1.7127617592277875  -29
1.7127434097133498  -10
1.7127250605920796  -48
1.7127067118639638  -41
1.7126883635289907  -25
1.7126700155871468  -17
1.7126516680384198  -25
1.7126333208827973  -31
1.7126149741202663  -7
1.7125966277508142  -35
1.7125782817744286  -9
1.7125599361910966  -1
1.712541591000806  -37
1.7125232462035436  17
1.712504901799297  -24
1.7124865577880537  -20
1.7124682141698009  -5
1.7124498709445262  -13
1.7124315281122167  -9
1.7124131856728597  -16
1.7123948436264431  -10
1.7123765019729538  -47
1.7123581607123792  -31
1.712339819844707  -12
1.7123214793699242  -14
1.7123031392880181  -22
1.7122847995989767  -19
1.712266460302787  -33
1.7122481213994363  -17
1.712229782888912  -16
1.7122114447712016  -9
1.7121931070462924  -16
1.7121747697141716  -7
1.7121564327748269  -25
1.7121380962282455  -18
1.712119760074415  -14
1.7121014243133224  -34
1.7120830889449554  -2
1.7120647539693012  -16
1.7120464193863474  14
1.712028085196081  -31
1.7120097513984898  9
1.711991417993561  -36
1.711973084981282  -10
1.71195475236164  -25
1.7119364201346228  16
1.7119180883002174  -25
1.7118997568584113  -9
1.711881425809192  -19
1.7118630951525466  -28
1.711844764888463  -35
1.711826435016928  -20
1.7118081055379297  -12
1.711789776451455  -25
1.7117714477574912  -1
1.7117531194560258  -25
1.7117347915470464  2
1.7117164640305402  18
1.7116981369064947  -14
1.7116798101748973  9
1.7116614838357351  -46
1.711643157888996  -11
1.7116248323346668  -31
1.7116065071727355  7
1.711588182403189  -1
1.711569858026015  -17
1.7115515340412009  -8
1.7115332104487337  -20
1.7115148872486015  -18
1.7114965644407911  8
1.71147824202529  -17
1.7114599200020857  -8
1.7114415983711657  -22
1.7114232771325173  5
1.711404956286128  7
1.711386635831985  -15
1.7113683157700759  -4
1.711349996100388  -9
1.7113316768229085  -10
1.7113133579376254  -18
1.7112950394445254  -13
1.7112767213435964  6
1.7112584036348257  -41
1.7112400863182007  2
1.7112217693937086  -39
1.7112034528613371  -19
1.7111851367210733  0
1.711166820972905  -19
1.7111485056168192  -29
1.7111301906528036  10
1.7111118760808455  -10
1.7110935619009324  -29
1.7110752481130516  4
1.7110569347171904  -10
1.7110386217133362  -23
1.711020309101477  -4
1.7110019968815997  -28
