# x-label = Wavelength [nm]
# y-label = Intensity
776.7465157357716  26
776.7540175695949  7
776.7615194034182  -1
776.7690212372414  26
776.7765230710647  3
776.784024904888  12
776.7915267387112  -3
776.7990285725346  8
776.8065304063579  -3
776.8140322401811  -9
776.8215340740044  35
776.8290359078277  -28
776.836537741651  14
776.8440395754742  -9
776.8515414092975  -25
776.8590432431208  13
776.866545076944  5
776.8740469107673  -19
776.8815487445906  8
776.8890505784138  4
776.8965524122372  -7
776.9040542460605  -23
776.9115560798838  36
776.919057913707  -11
776.9265597475303  3
776.9340615813536  18
776.9415634151768  -15
776.9490652490001  30
776.9565670828234  -17
776.9640689166466  6
776.9715707504699  9
776.9790725842932  -14
776.9865744181166  -12
776.9940762519398  -29
777.0015780857631  -6
777.0090799195864  -20
777.0165817534096  12
777.0240835872329  3
777.0315854210562  -6
777.0390872548794  -6
777.0465890887027  -7
777.054090922526  14
777.0615927563493  -7
777.0690945901725  3
777.0765964239959  7
777.0840982578192  34
777.0916000916424  20
777.0991019254657  29
777.106603759289  4
777.1141055931122  -5
777.1216074269355  3
777.1291092607588  1
777.1366110945821  14
777.1441129284053  23
777.1516147622286  -19
777.159116596052  -3
777.1666184298751  -5
777.1741202636985  6
777.1816220975218  -40
777.189123931345  -13
777.1966257651683  22
777.2041275989916  -2
777.2116294328149  21
777.2191312666381  -31
777.2266331004614  29
777.2341349342847  11
777.2416367681079  -12
777.2491386019312  -11
777.2566404357545  -6
777.2641422695777  6
777.2716441034011  7
777.2791459372244  -3
777.2866477710477  -7
777.2941496048709  -37
777.3016514386942  5
777.3091532725175  -3
777.3166551063407  6
777.324156940164  -3
777.3316587739873  -7
777.3391606078105  -21
777.3466624416338  2
777.3541642754572  25
777.3616661092805  5
777.3691679431037  -9
777.376669776927  4
777.3841716107503  -4
777.3916734445735  -5
777.3991752783968  -38
777.4066771122201  -15
777.4141789460433  21
777.4216807798666  -1
777.4291826136899  20
777.4366844475132  11
777.4441862813364  -2
777.4516881151598  -8
777.4591899489831  -2
777.4666917828063  -1
777.4741936166296  27
777.4816954504529  -8
777.4891972842761  13
777.4966991180994  20
777.5042009519227  -12
777.511702785746  -10
777.5192046195692  12
777.5267064533925  9
777.5342082872158  -23
777.541710121039  -17
777.5492119548624  6
777.5567137886857  -26
777.5642156225089  -3
777.5717174563322  -14
777.5792192901555  -12
777.5867211239788  13
777.594222957802  -4
777.6017247916253  -49
777.6092266254486  9
777.6167284592718  -17
777.6242302930951  -4
777.6317321269185  13
777.6392339607416  18
777.646735794565  -1
777.6542376283883  30
777.6617394622116  3
777.6692412960348  5
777.6767431298581  -6
777.6842449636814  -13
777.6917467975046  -12
777.6992486313279  11
777.7067504651512  17
777.7142522989745  -3
777.7217541327977  12
777.729255966621  -5
777.7367578004444  21
777.7442596342676  28
777.7517614680909  13
777.7592633019142  8
777.7667651357374  4
777.7742669695607  4
777.781768803384  -10
777.7892706372072  14
777.7967724710305  -20
777.8042743048538  20
777.8117761386771  -29
777.8192779725003  -3
777.8267798063237  -17
777.834281640147  -9
777.8417834739702  -1
777.8492853077935  4
777.8567871416168  8
777.8642889754401  -5
777.8717908092633  -9
777.8792926430866  14
777.8867944769099  15
777.8942963107331  2
777.9017981445564  -20
777.9092999783797  10
777.916801812203  14
777.9243036460263  21
777.9318054798496  27
777.9393073136729  -7
777.9468091474961  -13
777.9543109813194  2
777.9618128151427  -19
777.9693146489659  9
777.9768164827892  -6
777.9843183166125  -10
777.9918201504357  -15
777.999321984259  -7
778.0068238180824  23
778.0143256519057  7
778.0218274857289  5
778.0293293195522  33
778.0368311533755  15
778.0443329871987  20
778.051834821022  14
778.0593366548453  8
778.0668384886685  -9
778.0743403224918  -18
778.0818421563151  -7
778.0893439901384  -3
778.0968458239616  13
778.104347657785  -27
778.1118494916083  -18
778.1193513254315  9
778.1268531592548  -10
778.1343549930781  7
778.1418568269013  -20
778.1493586607246  -36
778.1568604945479  18
778.1643623283712  4
778.1718641621944  -25
778.1793659960177  -9
778.186867829841  -1
778.1943696636642  6
778.2018714974876  23
778.2093733313109  -31
778.2168751651341  -12
778.2243769989574  -13
778.2318788327807  -20
778.239380666604  15
778.2468825004272  3
778.2543843342505  4
778.2618861680738  -28
778.269388001897  -17
778.2768898357203  6
778.2843916695437  1
778.2918935033669  -28
778.2993953371902  -25
778.3068971710135  2
778.3143990048368  -3
778.32190083866  -34
778.3294026724833  3
778.3369045063066  15
778.3444063401298  -5
778.3519081739531  23
778.3594100077764  -3
778.3669118415996  26
778.3744136754229  -10
778.3819155092463  13
778.3894173430696  46
778.3969191768928  3
778.4044210107161  3
778.4119228445394  -12
778.4194246783626  35
778.4269265121859  26
778.4344283460092  -11
778.4419301798324  28
778.4494320136557  -22
778.456933847479  -10
778.4644356813023  15
778.4719375151255  10
778.4794393489489  22
778.4869411827722  -11
778.4944430165954  15
778.5019448504187  34
778.509446684242  22
778.5169485180652  -2
778.5244503518885  10
778.5319521857118  -10
778.5394540195351  -23
778.5469558533583  -5
778.5544576871816  28
778.561959521005  12
778.5694613548281  19
778.5769631886515  2
778.5844650224748  29
778.591966856298  84
778.5994686901213  12
778.6069705239446  -6
778.6144723577679  -33
778.6219741915911  3
778.6294760254144  -9
778.6369778592377  3
778.6444796930609  11
778.6519815268842  -31
778.6594833607076  -5
778.6669851945308  14
778.6744870283541  -19
778.6819888621774  22
778.6894906960007  -15
778.6969925298239  -8
778.7044943636472  -10
778.7119961974705  23
778.7194980312937  1
778.726999865117  -17
778.7345016989403  -23
778.7420035327635  -28
778.7495053665868  -38
778.7570072004102  -10
778.7645090342335  20
778.7720108680567  -19
778.77951270188  58
778.7870145357033  7
778.7945163695265  -8
778.8020182033498  2
778.8095200371731  -2
778.8170218709963  25
778.8245237048196  -6
778.8320255386429  -22
778.8395273724663  10
778.8470292062894  -10
778.8545310401128  13
778.8620328739361  -10
778.8695347077593  26
778.8770365415826  2
778.8845383754059  -3
778.8920402092291  -19
778.8995420430524  51
778.9070438768757  2
778.914545710699  15
778.9220475445222  5
778.9295493783455  -15
778.9370512121689  2
778.944553045992  -20
778.9520548798154  -17
778.9595567136387  10
778.9670585474619  9
778.9745603812852  -21
778.9820622151085  6
778.9895640489318  -5
778.997065882755  -10
779.0045677165783  33
779.0120695504016  -14
779.0195713842248  -23
779.0270732180481  -5
779.0345750518715  -18
779.0420768856947  43
779.049578719518  27
779.0570805533413  -24
779.0645823871646  -20
779.0720842209878  3
779.0795860548111  17
779.0870878886344  -18
779.0945897224576  -19
779.1020915562809  -12
779.1095933901042  5
779.1170952239274  -9
779.1245970577507  23
779.1320988915741  11
779.1396007253974  11
779.1471025592206  14
779.1546043930439  -17
779.1621062268672  -7
779.1696080606904  3
779.1771098945137  -4
779.184611728337  31
779.1921135621602  -20
779.1996153959835  1
779.2071172298068  -24
779.2146190636302  -3
779.2221208974534  13
779.2296227312767  -17
779.2371245651  1
779.2446263989232  30
779.2521282327465  6
779.2596300665698  -9
779.267131900393  10
779.2746337342163  18
779.2821355680396  -18
779.2896374018629  23
779.2971392356861  18
779.3046410695094  14
779.3121429033328  12
779.319644737156  2
779.3271465709793  -31
779.3346484048026  -10
779.3421502386259  -3
779.3496520724491  6
779.3571539062724  -12
779.3646557400957  8
779.3721575739189  -3
779.3796594077422  8
779.3871612415655  -3
779.3946630753887  -23
779.402164909212  5
779.4096667430354  2
779.4171685768586  -15
779.4246704106819  -22
779.4321722445052  15
779.4396740783285  -14
779.4471759121517  -34
779.454677745975  -5
779.4621795797983  9
779.4696814136215  14
779.4771832474448  31
779.4846850812681  8
779.4921869150915  8
779.4996887489147  -2
779.507190582738  -10
779.5146924165613  20
779.5221942503845  7
779.5296960842078  -20
779.5371979180311  19
779.5446997518543  18
779.5522015856776  9
779.5597034195009  -10
779.5672052533242  31
779.5747070871474  18
779.5822089209707  -18
779.589710754794  -20
779.5972125886173  -7
779.6047144224406  -5
779.6122162562639  -18
779.6197180900871  -1
779.6272199239104  20
779.6347217577337  17
779.642223591557  -4
779.6497254253802  -17
779.6572272592035  10
779.6647290930268  2
779.67223092685  -8
779.6797327606733  -27
779.6872345944967  17
779.6947364283199  -4
779.7022382621432  -7
779.7097400959665  8
779.7172419297898  -12
779.724743763613  7
779.7322455974363  -2
779.7397474312596  6
779.7472492650828  8
779.7547510989061  -11
779.7622529327294  6
779.7697547665526  7
779.777256600376  -4
779.7847584341993  -3
779.7922602680226  19
779.7997621018458  9
779.8072639356691  9
779.8147657694924  6
779.8222676033156  9
779.8297694371389  5
779.8372712709622  -2
779.8447731047854  8
779.8522749386087  -19
779.859776772432  6
779.8672786062554  -33
779.8747804400786  -9
779.8822822739019  -14
779.8897841077252  5
779.8972859415484  -15
779.9047877753717  -10
779.912289609195  8
779.9197914430182  -4
779.9272932768415  -7
779.9347951106648  -9
779.9422969444881  49
779.9497987783113  4
779.9573006121346  -13
779.964802445958  -17
779.9723042797812  -15
779.9798061136045  -5
779.9873079474278  -31
779.994809781251  -6
780.0023116150743  3
780.0098134488976  27
780.0173152827209  10
780.0248171165441  -37
780.0323189503674  -33
780.0398207841907  1
780.0473226180139  2
780.0548244518372  4
780.0623262856606  5
780.0698281194838  9
780.0773299533071  -19
780.0848317871304  -45
780.0923336209537  1
780.0998354547769  25
780.1073372886002  -5
780.1148391224235  18
780.1223409562467  20
780.12984279007  41
780.1373446238933  -4
780.1448464577165  -14
780.1523482915399  21
780.1598501253632  20
780.1673519591865  5
780.1748537930097  -5
780.182355626833  -13
780.1898574606563  14
780.1973592944795  -17
780.2048611283028  1
780.2123629621261  24
780.2198647959493  -23
780.2273666297726  -6
780.234868463596  6
780.2423702974193  -6
780.2498721312425  9
780.2573739650658  1
780.2648757988891  3
780.2723776327123  -12
780.2798794665356  23
780.2873813003589  14
780.2948831341821  9
780.3023849680054  6
780.3098868018287  -2
780.317388635652  -24
780.3248904694752  15
780.3323923032985  -8
780.3398941371219  8
780.3473959709451  38
780.3548978047684  -23
780.3623996385917  41
780.3699014724149  5
780.3774033062382  3
780.3849051400615  -10
780.3924069738848  -6
780.399908807708  6
780.4074106415313  -7
780.4149124753546  -24
780.4224143091778  -4
780.4299161430012  -8
780.4374179768245  51
780.4449198106477  -43
780.452421644471  -2
780.4599234782943  -20
780.4674253121176  -27
780.4749271459408  20
780.4824289797641  -44
780.4899308135874  -12
780.4974326474106  -31
780.5049344812339  -27
780.5124363150572  -24
780.5199381488804  4
780.5274399827038  26
780.5349418165271  -6
780.5424436503504  -6
780.5499454841736  -3
780.5574473179969  17
780.5649491518202  45
780.5724509856434  -23
780.5799528194667  3
780.58745465329  -31
780.5949564871132  -13
780.6024583209365  10
780.6099601547598  8
780.6174619885832  -19
780.6249638224064  23
780.6324656562297  6
780.639967490053  -10
780.6474693238762  -23
780.6549711576995  24
780.6624729915228  10
780.669974825346  29
780.6774766591693  11
780.6849784929926  22
780.6924803268159  7
780.6999821606391  -13
780.7074839944625  -8
780.7149858282858  25
780.722487662109  26
780.7299894959323  -2
780.7374913297556  -22
780.7449931635788  1
780.7524949974021  -23
780.7599968312254  5
780.7674986650487  9
780.7750004988719  -1
780.7825023326952  -15
780.7900041665185  24
780.7975060003417  2
780.805007834165  -7
780.8125096679884  -12
780.8200115018116  1
780.8275133356349  -6
780.8350151694582  -17
780.8425170032815  28
780.8500188371047  11
780.857520670928  -12
780.8650225047513  -7
780.8725243385745  -12
780.8800261723978  30
780.8875280062211  20
780.8950298400443  3
780.9025316738677  12
780.910033507691  -8
780.9175353415143  -11
780.9250371753375  -6
780.9325390091608  14
780.9400408429841  -5
780.9475426768073  4
780.9550445106306  -17
780.9625463444539  51
780.9700481782772  -25
780.9775500121004  13
780.9850518459237  -28
780.9925536797471  11
781.0000555135703  -8
781.0075573473936  14
781.0150591812169  4
781.0225610150401  -5
781.0300628488634  -12
781.0375646826867  6
781.0450665165099  -4
781.0525683503332  -9
781.0600701841565  -7
781.0675720179798  -3
781.075073851803  7
781.0825756856264  8
781.0900775194497  -23
781.0975793532729  28
781.1050811870962  -26
781.1125830209195  -14
781.1200848547428  3
781.127586688566  15
781.1350885223893  2
781.1425903562126  -36
781.1500921900358  -17
781.1575940238591  20
781.1650958576824  -1
781.1725976915056  73
781.180099525329  -75
781.1876013591523  15
781.1951031929756  -24
781.2026050267988  4
781.2101068606221  11
781.2176086944454  37
781.2251105282686  4
781.2326123620919  39
781.2401141959152  -21
781.2476160297384  -8
781.2551178635617  -2
781.262619697385  13
781.2701215312084  -13
781.2776233650316  14
781.2851251988549  2
781.2926270326782  18
781.3001288665014  25
781.3076307003247  -23
781.315132534148  -24
781.3226343679712  -29
781.3301362017945  -27
781.3376380356178  19
781.3451398694411  20
781.3526417032643  19
781.3601435370877  27
781.367645370911  -13
781.3751472047342  -2
781.3826490385575  2
781.3901508723808  25
781.397652706204  -52
781.4051545400273  -10
781.4126563738506  -14
781.4201582076739  10
781.4276600414971  5
781.4351618753204  31
781.4426637091437  -22
781.4501655429669  8
781.4576673767903  5
781.4651692106136  15
781.4726710444368  13
781.4801728782601  -8
781.4876747120834  6
781.4951765459067  15
781.5026783797299  2
781.5101802135532  -14
781.5176820473765  5
781.5251838811997  25
781.532685715023  24
781.5401875488463  -5
781.5476893826695  -9
781.5551912164929  -34
781.5626930503162  -21
781.5701948841395  -5
781.5776967179627  4
781.585198551786  -2
781.5927003856093  11
781.6002022194325  -25
781.6077040532558  2
781.6152058870791  21
781.6227077209023  53
781.6302095547256  -19
781.637711388549  26
781.6452132223723  4
781.6527150561955  -21
781.6602168900188  29
781.6677187238421  -22
781.6752205576653  -4
781.6827223914886  -24
781.6902242253119  41
781.6977260591351  -5
781.7052278929584  20
781.7127297267817  11
781.720231560605  10
781.7277333944282  -1
781.7352352282516  -1
781.7427370620749  17
781.7502388958981  -10
781.7577407297214  4
781.7652425635447  -23
781.7727443973679  11
781.7802462311912  1
781.7877480650145  -43
781.7952498988378  28
781.802751732661  -25
781.8102535664843  -20
781.8177554003076  -20
781.8252572341308  -35
781.8327590679542  -4
781.8402609017775  27
781.8477627356007  5
781.855264569424  -27
781.8627664032473  -9
781.8702682370706  -2
781.8777700708938  -2
781.8852719047171  -20
781.8927737385404  -5
781.9002755723636  15
781.9077774061869  30
781.9152792400102  -15
781.9227810738334  5
781.9302829076568  35
781.9377847414801  35
781.9452865753034  -14
781.9527884091266  8
781.9602902429499  -6
781.9677920767732  -3
781.9752939105964  11
781.9827957444197  -29
781.990297578243  4
781.9977994120662  4
782.0053012458895  37
782.0128030797129  13
782.0203049135362  -9
782.0278067473594  10
782.0353085811827  -15
782.042810415006  -7
782.0503122488292  -9
782.0578140826525  9
782.0653159164758  15
782.072817750299  1
782.0803195841223  19
782.0878214179456  9
782.095323251769  -10
782.1028250855921  -12
782.1103269194155  -47
782.1178287532388  -40
782.125330587062  18
782.1328324208853  14
782.1403342547086  10
782.1478360885318  -24
782.1553379223551  -4
782.1628397561784  1
782.1703415900017  28
782.1778434238249  -14
782.1853452576482  10
782.1928470914715  30
782.2003489252947  2
782.2078507591181  24
782.2153525929414  15
782.2228544267646  31
782.2303562605879  -24
782.2378580944112  9
782.2453599282345  -9
782.2528617620577  -12
782.260363595881  12
782.2678654297043  3
782.2753672635275  26
782.2828690973508  4
782.2903709311742  3
782.2978727649974  14
782.3053745988207  36
782.312876432644  -3
782.3203782664673  23
782.3278801002905  13
782.3353819341138  8
782.3428837679371  8
782.3503856017603  -5
782.3578874355836  -17
782.3653892694069  10
782.3728911032301  3
782.3803929370534  9
782.3878947708768  3
782.3953966047001  -8
782.4028984385233  5
782.4104002723466  -12
782.4179021061699  1
782.4254039399931  -15
782.4329057738164  14
782.4404076076397  -66
782.4479094414629  -29
782.4554112752862  13
782.4629131091095  11
782.4704149429328  5
782.477916776756  -10
782.4854186105794  6
782.4929204444027  1
782.5004222782259  -8
782.5079241120492  26
782.5154259458725  31
782.5229277796957  -8
782.530429613519  -17
782.5379314473423  21
782.5454332811656  4
782.5529351149888  10
782.5604369488121  7
782.5679387826355  -21
782.5754406164586  -9
782.582942450282  10
782.5904442841053  22
782.5979461179286  37
782.6054479517518  2
782.6129497855751  -12
782.6204516193984  29
782.6279534532216  -12
782.6354552870449  3
782.6429571208682  3
782.6504589546914  6
782.6579607885147  -1
782.665462622338  -7
782.6729644561613  4
782.6804662899846  -11
782.6879681238079  6
782.6954699576312  22
782.7029717914544  6
782.7104736252777  -5
782.717975459101  24
782.7254772929242  -8
782.7329791267475  -7
782.7404809605708  -10
782.7479827943941  -2
782.7554846282173  18
782.7629864620407  23
782.770488295864  -11
782.7779901296872  -47
782.7854919635105  -14
782.7929937973338  15
782.800495631157  31
782.8079974649803  10
782.8154992988036  28
782.8230011326268  6
782.8305029664501  -28
782.8380048002734  -4
782.8455066340968  10
782.85300846792  -20
782.8605103017433  13
782.8680121355666  -15
782.8755139693898  12
782.8830158032131  17
782.8905176370364  -3
782.8980194708597  7
782.9055213046829  -11
782.9130231385062  -8
782.9205249723295  -14
782.9280268061527  30
782.935528639976  -10
782.9430304737994  4
782.9505323076226  7
782.9580341414459  24
782.9655359752692  1
782.9730378090925  11
782.9805396429157  15
782.988041476739  9
782.9955433105623  -26
783.0030451443855  13
783.0105469782088  -3
783.0180488120321  5
783.0255506458553  -18
783.0330524796786  19
783.040554313502  -3
783.0480561473253  11
783.0555579811485  9
783.0630598149718  21
783.0705616487951  3
783.0780634826183  4
783.0855653164416  13
783.0930671502649  -10
783.1005689840881  -12
783.1080708179114  27
783.1155726517347  11
783.123074485558  -15
783.1305763193812  28
783.1380781532046  13
783.1455799870279  45
783.1530818208511  10
783.1605836546744  -6
783.1680854884977  7
783.1755873223209  -15
783.1830891561442  23
783.1905909899675  10
783.1980928237908  -28
783.205594657614  -7
783.2130964914373  3
783.2205983252607  -1
783.2281001590839  -2
783.2356019929072  11
783.2431038267305  -15
783.2506056605537  11
783.258107494377  8
783.2656093282003  35
783.2731111620236  -26
783.2806129958468  -17
783.2881148296701  -10
783.2956166634934  6
783.3031184973166  -38
783.31062033114  -8
783.3181221649633  -15
783.3256239987865  1
783.3331258326098  -8
783.3406276664331  -23
783.3481295002564  3
783.3556313340796  -1
783.3631331679029  -1
783.3706350017262  24
783.3781368355494  9
783.3856386693727  1
783.393140503196  -9
783.4006423370192  8
783.4081441708425  13
783.4156460046659  -5
783.4231478384892  -24
783.4306496723124  13
783.4381515061357  11
783.445653339959  13
783.4531551737822  10
783.4606570076055  15
783.4681588414288  -17
783.475660675252  4
783.4831625090753  20
783.4906643428986  28
783.498166176722  -5
783.5056680105452  -7
783.5131698443685  -6
783.5206716781918  6
783.528173512015  -3
783.5356753458383  11
783.5431771796616  -25
783.5506790134848  -11
783.5581808473081  15
783.5656826811314  8
783.5731845149547  -11
783.5806863487779  -8
783.5881881826012  11
783.5956900164246  -7
783.6031918502478  -24
783.6106936840711  33
783.6181955178944  -4
783.6256973517176  19
783.6331991855409  15
783.6407010193642  26
783.6482028531875  -31
783.6557046870107  -4
783.663206520834  24
783.6707083546573  17
783.6782101884805  24
783.6857120223038  -27
783.6932138561272  10
783.7007156899504  13
783.7082175237737  18
783.715719357597  14
783.7232211914203  12
783.7307230252435  4
783.7382248590668  3
783.7457266928901  -36
783.7532285267133  -21
783.7607303605366  -11
783.7682321943599  -2
783.7757340281831  -19
783.7832358620064  2
783.7907376958298  9
783.7982395296531  9
783.8057413634763  -7
783.8132431972996  -26
783.8207450311229  -8
783.8282468649461  10
783.8357486987694  19
783.8432505325927  -18
783.8507523664159  5
783.8582542002392  5
783.8657560340625  -30
783.8732578678859  6
783.880759701709  -20
783.8882615355324  1
783.8957633693557  6
783.9032652031789  -14
783.9107670370022  19
783.9182688708255  -26
783.9257707046487  9
783.933272538472  -24
783.9407743722953  -5
783.9482762061186  14
783.9557780399418  36
783.9632798737651  -18
783.9707817075885  -12
783.9782835414117  -2
783.985785375235  8
783.9932872090583  5
784.0007890428815  -4
784.0082908767048  -2
784.0157927105281  21
784.0232945443514  21
784.0307963781746  -5
784.0382982119979  8
784.0458000458212  35
784.0533018796444  -45
784.0608037134677  15
784.0683055472911  4
784.0758073811143  15
784.0833092149376  7
784.0908110487609  -11
784.0983128825842  7
784.1058147164074  -3
784.1133165502307  -10
784.120818384054  42
784.1283202178772  12
784.1358220517005  -13
784.1433238855238  -40
784.150825719347  7
784.1583275531704  -4
784.1658293869937  19
784.173331220817  12
784.1808330546402  -10
784.1883348884635  -38
784.1958367222868  47
784.20333855611  -30
784.2108403899333  33
784.2183422237566  4
784.2258440575798  28
784.2333458914031  3
784.2408477252264  12
784.2483495590498  -10
784.255851392873  6
784.2633532266963  -4
784.2708550605196  6
784.2783568943428  -15
784.2858587281661  4
784.2933605619894  -7
784.3008623958126  -12
784.3083642296359  9
784.3158660634592  -23
784.3233678972825  11
784.3308697311057  -8
784.338371564929  -27
784.3458733987524  12
784.3533752325756  25
784.3608770663989  13
784.3683789002222  25
784.3758807340455  -8
784.3833825678687  14
784.390884401692  11
784.3983862355153  3
784.4058880693385  26
784.4133899031618  -9
784.4208917369851  6
784.4283935708083  -5
784.4358954046317  -55
784.443397238455  1
784.4508990722783  -8
784.4584009061015  35
784.4659027399248  -11
784.4734045737481  2
784.4809064075713  20
784.4884082413946  30
784.4959100752179  5
784.5034119090411  -8
784.5109137428644  13
784.5184155766877  11
784.525917410511  13
784.5334192443343  19
784.5409210781576  4
784.5484229119809  22
784.5559247458041  -26
784.5634265796274  4
784.5709284134507  -2
784.5784302472739  -24
784.5859320810972  9
784.5934339149205  24
784.6009357487438  19
784.608437582567  -12
784.6159394163903  21
784.6234412502137  -6
784.6309430840369  17
784.6384449178602  -34
784.6459467516835  5
784.6534485855067  -15
784.66095041933  1
784.6684522531533  -12
784.6759540869766  -6
784.6834559207998  12
784.6909577546231  10
784.6984595884464  30
784.7059614222696  19
784.713463256093  -2
784.7209650899163  35
784.7284669237395  29
784.7359687575628  34
784.7434705913861  20
784.7509724252094  10
784.7584742590326  24
784.7659760928559  -17
784.7734779266792  11
784.7809797605024  -2
784.7884815943257  14
784.795983428149  -2
784.8034852619722  41
784.8109870957956  6
784.8184889296189  1
784.8259907634422  -5
784.8334925972654  -8
784.8409944310887  -22
784.848496264912  18
784.8559980987352  13
784.8634999325585  8
784.8710017663818  -12
784.878503600205  -13
784.8860054340283  21
784.8935072678516  -2
784.901009101675  -4
784.9085109354982  17
784.9160127693215  15
784.9235146031448  -30
784.931016436968  -5
784.9385182707913  10
784.9460201046146  -15
784.9535219384378  -3
784.9610237722611  -1
784.9685256060844  -1
784.9760274399077  7
784.9835292737309  -10
784.9910311075542  10
784.9985329413776  -3
785.0060347752008  18
785.0135366090241  -24
785.0210384428474  22
785.0285402766706  -28
785.0360421104939  14
785.0435439443172  13
785.0510457781405  6
785.0585476119637  26
785.066049445787  5
785.0735512796103  -3
785.0810531134335  11
785.0885549472569  13
785.0960567810802  34
785.1035586149034  31
785.1110604487267  21
785.11856228255  -8
785.1260641163733  30
785.1335659501965  10
785.1410677840198  14
785.1485696178431  6
785.1560714516663  44
785.1635732854896  -10
785.171075119313  8
785.1785769531361  -40
785.1860787869595  4
785.1935806207828  -17
785.2010824546061  20
785.2085842884293  -5
785.2160861222526  23
785.2235879560759  -15
785.2310897898991  -6
785.2385916237224  24
785.2460934575457  -31
785.2535952913689  24
785.2610971251922  4
785.2685989590155  4
785.2761007928389  -18
785.2836026266621  -19
785.2911044604854  -8
785.2986062943087  25
785.3061081281319  8
785.3136099619552  25
785.3211117957785  17
785.3286136296017  2
785.336115463425  10
785.3436172972483  21
785.3511191310716  -3
785.3586209648948  -20
785.3661227987182  3
785.3736246325415  61
785.3811264663647  12
785.388628300188  5
785.3961301340113  5
785.4036319678345  -18
785.4111338016578  -8
785.4186356354811  1
785.4261374693044  -33
785.4336393031276  11
785.4411411369509  -15
785.4486429707742  -5
785.4561448045974  37
785.4636466384208  -26
785.4711484722441  -7
785.4786503060673  1
785.4861521398906  19
785.4936539737139  44
785.5011558075372  2
785.5086576413604  -4
785.5161594751837  42
785.523661309007  -8
785.5311631428302  7
785.5386649766535  12
785.5461668104768  -3
785.5536686443  -17
785.5611704781234  -23
785.5686723119467  34
785.57617414577  13
785.5836759795932  -23
785.5911778134165  9
785.5986796472398  -8
785.606181481063  9
785.6136833148863  12
785.6211851487096  12
785.6286869825328  11
785.6361888163561  -3
785.6436906501795  7
785.6511924840028  11
785.658694317826  30
785.6661961516493  34
785.6736979854726  33
785.6811998192958  -10
785.6887016531191  2
785.6962034869424  -9
785.7037053207656  68
785.7112071545889  13
785.7187089884122  27
785.7262108222355  14
785.7337126560587  -18
785.741214489882  22
785.7487163237054  12
785.7562181575286  24
785.7637199913519  21
785.7712218251752  8
785.7787236589984  19
785.7862254928217  27
785.793727326645  8
785.8012291604683  -11
785.8087309942915  12
785.8162328281148  14
785.8237346619381  18
785.8312364957613  26
785.8387383295847  1
785.846240163408  28
785.8537419972312  19
785.8612438310545  21
785.8687456648778  -31
785.8762474987011  22
785.8837493325243  19
785.8912511663476  25
785.8987530001709  33
785.9062548339941  -3
785.9137566678174  7
785.9212585016408  -20
785.928760335464  39
785.9362621692873  33
785.9437640031106  -8
785.9512658369339  -7
785.9587676707571  -15
785.9662695045804  17
785.9737713384037  -5
785.9812731722269  18
785.9887750060502  10
785.9962768398735  -6
786.0037786736968  19
786.01128050752  -13
786.0187823413434  -6
786.0262841751667  12
786.0337860089899  -15
786.0412878428132  7
786.0487896766365  10
786.0562915104597  22
786.063793344283  -9
786.0712951781063  11
786.0787970119295  -1
786.0862988457528  12
786.0938006795761  -18
786.1013025133994  -3
786.1088043472226  2
786.116306181046  17
786.1238080148693  4
786.1313098486925  19
786.1388116825158  -7
786.1463135163391  27
786.1538153501624  25
786.1613171839856  9
786.1688190178089  -2
786.1763208516322  7
786.1838226854554  9
786.1913245192787  14
786.198826353102  35
786.2063281869252  5
786.2138300207486  17
786.2213318545719  -7
786.2288336883952  -4
786.2363355222184  47
786.2438373560417  12
786.251339189865  -3
786.2588410236882  37
786.2663428575115  -10
786.2738446913348  3
786.281346525158  65
786.2888483589813  -7
786.2963501928047  8
786.303852026628  5
786.3113538604512  -17
786.3188556942745  35
786.3263575280978  -12
786.333859361921  41
786.3413611957443  -6
786.3488630295676  -2
786.3563648633908  25
786.3638666972141  42
786.3713685310374  36
786.3788703648607  6
786.386372198684  37
786.3938740325073  14
786.4013758663306  6
786.4088777001538  6
786.4163795339771  -6
786.4238813678004  -3
786.4313832016236  18
786.4388850354469  11
786.4463868692702  23
786.4538887030935  12
786.4613905369167  -18
786.46889237074  22
786.4763942045633  9
786.4838960383865  11
786.4913978722099  2
786.4988997060332  10
786.5064015398564  9
786.5139033736797  24
786.521405207503  22
786.5289070413263  24
786.5364088751495  26
786.5439107089728  20
786.5514125427961  10
786.5589143766193  14
786.5664162104426  27
786.573918044266  -4
786.5814198780892  -2
786.5889217119125  5
786.5964235457358  36
786.6039253795591  4
786.6114272133823  24
786.6189290472056  71
786.6264308810289  22
786.6339327148521  3
786.6414345486754  6
786.6489363824987  11
786.6564382163219  34
786.6639400501452  8
786.6714418839686  44
786.6789437177919  -6
786.6864455516151  -12
786.6939473854384  -1
786.7014492192617  -7
786.7089510530849  8
786.7164528869082  28
786.7239547207315  20
786.7314565545547  -8
786.738958388378  3
786.7464602222013  -3
786.7539620560246  3
786.7614638898478  -7
786.7689657236712  35
786.7764675574945  24
786.7839693913177  22
786.791471225141  4
786.7989730589643  14
786.8064748927875  28
786.8139767266108  9
786.8214785604341  -1
786.8289803942574  10
786.8364822280806  2
786.8439840619039  23
786.8514858957273  -1
786.8589877295504  41
786.8664895633738  11
786.8739913971971  23
786.8814932310203  17
786.8889950648436  59
786.8964968986669  22
786.9039987324902  24
786.9115005663134  27
786.9190024001367  11
786.92650423396  -4
786.9340060677832  20
786.9415079016065  -18
786.9490097354299  49
786.956511569253  21
786.9640134030764  12
786.9715152368997  10
786.979017070723  15
786.9865189045462  -28
786.9940207383695  14
787.0015225721928  31
787.009024406016  -3
787.0165262398393  44
787.0240280736626  3
787.0315299074858  -3
787.0390317413091  39
787.0465335751325  9
787.0540354089558  46
787.061537242779  17
787.0690390766023  19
787.0765409104256  55
787.0840427442488  50
787.0915445780721  40
787.0990464118954  22
787.1065482457186  6
787.1140500795419  2
787.1215519133652  -2
787.1290537471886  -2
787.1365555810117  -11
787.1440574148351  -18
787.1515592486584  -12
787.1590610824816  24
787.1665629163049  13
787.1740647501282  30
787.1815665839514  37
787.1890684177747  4
787.196570251598  10
787.2040720854213  5
787.2115739192445  -1
787.2190757530678  10
787.2265775868912  19
787.2340794207144  14
787.2415812545377  31
787.249083088361  -22
787.2565849221842  31
787.2640867560075  20
787.2715885898308  18
787.2790904236541  30
787.2865922574773  38
787.2940940913006  -23
787.3015959251239  17
787.3090977589471  -1
787.3165995927704  52
787.3241014265938  13
787.331603260417  26
787.3391050942403  -14
787.3466069280636  -24
787.3541087618869  -11
787.3616105957101  26
787.3691124295334  -11
787.3766142633567  4
787.3841160971799  -9
787.3916179310032  36
787.3991197648265  2
787.4066215986497  25
787.414123432473  24
787.4216252662964  17
787.4291271001197  20
787.4366289339429  -1
787.4441307677662  2
787.4516326015895  -9
787.4591344354127  21
787.466636269236  20
787.4741381030593  1
787.4816399368825  28
787.4891417707058  43
787.4966436045291  -7
787.5041454383525  15
787.5116472721757  40
787.519149105999  -4
787.5266509398223  44
787.5341527736455  14
787.5416546074688  68
787.5491564412921  8
787.5566582751153  -9
787.5641601089386  3
787.5716619427619  31
787.5791637765852  18
787.5866656104084  42
787.5941674442317  21
787.601669278055  -10
787.6091711118783  8
787.6166729457016  8
787.6241747795249  17
787.6316766133481  5
787.6391784471714  23
787.6466802809947  -4
787.654182114818  29
787.6616839486412  34
787.6691857824645  39
787.6766876162878  21
787.684189450111  45
787.6916912839343  39
787.6991931177577  12
787.7066949515809  12
787.7141967854042  -13
787.7216986192275  39
787.7292004530508  19
787.736702286874  34
787.7442041206973  -3
787.7517059545206  53
787.7592077883438  -19
787.7667096221671  20
787.7742114559904  14
787.7817132898138  11
787.789215123637  -7
787.7967169574603  21
787.8042187912836  -21
787.8117206251068  4
787.8192224589301  9
787.8267242927534  5
787.8342261265766  4
787.8417279603999  27
787.8492297942232  -9
787.8567316280465  10
787.8642334618697  31
787.871735295693  -27
787.8792371295164  15
787.8867389633396  61
787.8942407971629  39
787.9017426309862  -2
787.9092444648094  46
787.9167462986327  29
787.924248132456  12
787.9317499662793  -29
787.9392518001025  1
787.9467536339258  1
787.9542554677491  -7
787.9617573015723  3
787.9692591353956  27
787.976760969219  18
787.9842628030422  1
787.9917646368655  -5
787.9992664706888  30
788.0067683045121  -4
788.0142701383353  7
788.0217719721586  7
788.0292738059819  8
788.0367756398051  1
788.0442774736284  45
788.0517793074517  -5
788.0592811412749  21
788.0667829750982  40
788.0742848089216  36
788.0817866427449  27
788.0892884765681  42
788.0967903103914  38
788.1042921442147  -2
788.1117939780379  50
788.1192958118612  36
788.1267976456845  7
788.1342994795077  1
788.141801313331  12
788.1493031471543  10
788.1568049809777  9
788.1643068148009  13
788.1718086486242  10
788.1793104824475  -17
788.1868123162707  3
788.194314150094  -11
788.2018159839173  29
788.2093178177405  8
788.2168196515638  23
788.2243214853871  -14
788.2318233192104  -10
788.2393251530336  -12
788.246826986857  31
788.2543288206803  4
788.2618306545035  34
788.2693324883268  -23
788.2768343221501  -6
788.2843361559733  15
788.2918379897966  20
788.2993398236199  30
788.3068416574432  45
788.3143434912664  29
788.3218453250897  43
788.329347158913  17
788.3368489927362  31
788.3443508265595  1
788.3518526603829  23
788.3593544942061  -1
788.3668563280294  20
788.3743581618527  14
788.381859995676  20
788.3893618294992  31
788.3968636633225  46
788.4043654971458  30
788.411867330969  1
788.4193691647923  19
788.4268709986156  19
788.4343728324388  30
788.4418746662622  26
788.4493765000855  23
788.4568783339088  31
788.464380167732  47
788.4718820015553  24
788.4793838353786  24
788.4868856692018  14
788.4943875030251  56
788.5018893368484  20
788.5093911706716  14
788.5168930044949  79
788.5243948383182  2
788.5318966721416  63
788.5393985059648  41
788.5469003397881  41
788.5544021736114  -1
788.5619040074346  24
788.5694058412579  4
788.5769076750812  24
788.5844095089044  -11
788.5919113427277  -10
788.599413176551  63
788.6069150103743  5
788.6144168441975  42
788.6219186780208  26
788.6294205118442  51
788.6369223456674  10
788.6444241794907  17
788.651926013314  -25
788.6594278471372  26
788.6669296809605  13
788.6744315147838  -5
788.6819333486071  47
788.6894351824303  -14
788.6969370162536  26
788.7044388500769  50
788.7119406839001  21
788.7194425177235  5
788.7269443515468  -11
788.73444618537  35
788.7419480191933  21
788.7494498530166  36
788.7569516868399  33
788.7644535206631  21
788.7719553544864  20
788.7794571883097  22
788.7869590221329  3
788.7944608559562  4
788.8019626897795  41
788.8094645236027  17
788.816966357426  14
788.8244681912494  29
788.8319700250727  21
788.8394718588959  26
788.8469736927192  17
788.8544755265425  8
788.8619773603657  -8
788.869479194189  -6
788.8769810280123  37
788.8844828618355  44
788.8919846956588  37
788.8994865294821  40
788.9069883633055  29
788.9144901971287  1
788.921992030952  37
788.9294938647753  17
788.9369956985985  4
788.9444975324218  14
788.9519993662451  20
788.9595012000683  41
788.9670030338916  7
788.9745048677149  9
788.9820067015382  37
788.9895085353614  23
788.9970103691847  18
789.0045122030081  55
789.0120140368313  51
789.0195158706546  27
789.0270177044779  40
789.0345195383011  -19
789.0420213721244  -5
789.0495232059477  14
789.057025039771  -2
789.0645268735942  21
789.0720287074175  28
789.0795305412408  28
789.087032375064  -3
789.0945342088874  44
789.1020360427107  87
789.1095378765339  6
789.1170397103572  -2
789.1245415441805  35
789.1320433780038  40
789.139545211827  21
789.1470470456503  11
789.1545488794736  35
789.1620507132968  56
789.1695525471201  37
789.1770543809434  49
789.1845562147666  11
789.19205804859  45
789.1995598824133  41
789.2070617162366  30
789.2145635500598  10
789.2220653838831  25
789.2295672177064  1
789.2370690515296  65
789.2445708853529  30
789.2520727191762  6
789.2595745529994  31
789.2670763868227  -15
789.274578220646  11
789.2820800544694  38
789.2895818882926  21
789.2970837221159  44
789.3045855559392  41
789.3120873897624  28
789.3195892235857  10
789.327091057409  53
789.3345928912322  46
789.3420947250555  -23
789.3495965588788  13
789.3570983927021  19
789.3646002265253  40
789.3721020603487  24
789.379603894172  26
789.3871057279952  37
789.3946075618185  9
789.4021093956418  46
789.4096112294651  12
789.4171130632883  8
789.4246148971116  11
789.4321167309349  36
789.4396185647581  60
789.4471203985814  34
789.4546222324047  29
789.462124066228  53
789.4696259000513  -9
789.4771277338746  38
789.4846295676979  6
789.4921314015211  39
789.4996332353444  35
789.5071350691677  41
789.5146369029909  20
789.5221387368142  47
789.5296405706375  29
789.5371424044607  22
789.544644238284  21
789.5521460721073  37
789.5596479059307  8
789.5671497397539  29
789.5746515735772  31
789.5821534074005  6
789.5896552412237  35
789.597157075047  41
789.6046589088703  20
789.6121607426935  43
789.6196625765168  50
789.6271644103401  20
789.6346662441634  22
789.6421680779866  43
789.64966991181  50
789.6571717456333  33
789.6646735794565  70
789.6721754132798  23
789.6796772471031  60
789.6871790809263  6
789.6946809147496  26
789.7021827485729  17
789.7096845823962  56
789.7171864162194  7
789.7246882500427  44
789.732190083866  42
789.7396919176892  40
789.7471937515126  45
789.7546955853359  13
789.7621974191591  15
789.7696992529824  31
789.7772010868057  13
789.784702920629  10
789.7922047544522  39
789.7997065882755  63
789.8072084220988  38
789.814710255922  22
789.8222120897453  40
789.8297139235686  35
789.8372157573918  20
789.8447175912152  57
789.8522194250385  22
789.8597212588618  11
789.867223092685  34
789.8747249265083  57
789.8822267603316  22
789.8897285941548  44
789.8972304279781  21
789.9047322618014  49
789.9122340956246  40
789.9197359294479  28
789.9272377632713  31
789.9347395970946  47
789.9422414309178  69
789.9497432647411  22
789.9572450985644  71
789.9647469323876  40
789.9722487662109  26
789.9797506000342  36
789.9872524338574  56
789.9947542676807  57
790.002256101504  72
790.0097579353273  71
790.0172597691505  77
790.0247616029739  40
790.0322634367972  12
790.0397652706204  51
790.0472671044437  37
790.054768938267  28
790.0622707720902  71
790.0697726059135  60
790.0772744397368  29
790.0847762735601  83
790.0922781073833  40
790.0997799412066  5
790.10728177503  65
790.1147836088531  17
790.1222854426765  20
790.1297872764998  37
790.137289110323  14
790.1447909441463  13
790.1522927779696  26
790.1597946117929  14
790.1672964456161  34
790.1747982794394  1
790.1823001132627  75
790.1898019470859  78
790.1973037809092  34
790.2048056147325  36
790.2123074485557  33
790.2198092823791  22
790.2273111162024  84
790.2348129500257  47
790.2423147838489  77
790.2498166176722  2
790.2573184514955  35
790.2648202853187  53
790.272322119142  15
790.2798239529653  11
790.2873257867885  86
790.2948276206118  25
790.3023294544352  62
790.3098312882585  33
790.3173331220817  62
790.324834955905  54
790.3323367897283  39
790.3398386235515  78
790.3473404573748  77
790.3548422911981  28
790.3623441250213  62
790.3698459588446  52
790.3773477926679  66
790.3848496264912  39
790.3923514603144  23
790.3998532941378  62
790.4073551279611  23
790.4148569617843  -1
790.4223587956076  42
790.4298606294309  45
790.4373624632541  15
790.4448642970774  28
790.4523661309007  81
790.459867964724  35
790.4673697985472  43
790.4748716323705  51
790.4823734661938  42
790.489875300017  58
790.4973771338404  73
790.5048789676637  40
790.5123808014869  23
790.5198826353102  60
790.5273844691335  49
790.5348863029568  11
790.54238813678  45
790.5498899706033  55
790.5573918044266  53
790.5648936382498  56
790.5723954720731  47
790.5798973058965  58
790.5873991397197  11
790.594900973543  21
790.6024028073663  34
790.6099046411896  34
790.6174064750128  51
790.6249083088361  34
790.6324101426594  33
790.6399119764826  38
790.6474138103059  7
790.6549156441292  33
790.6624174779524  42
790.6699193117757  38
790.677421145599  46
790.6849229794224  41
790.6924248132456  77
790.6999266470689  30
790.7074284808922  54
790.7149303147154  68
790.7224321485387  22
790.729933982362  62
790.7374358161852  39
790.7449376500085  61
790.7524394838318  36
790.7599413176551  37
790.7674431514783  3
790.7749449853017  22
790.782446819125  41
790.7899486529482  73
790.7974504867715  25
790.8049523205948  49
790.812454154418  22
790.8199559882413  56
790.8274578220646  61
790.8349596558879  47
790.8424614897111  82
790.8499633235344  70
790.8574651573578  75
790.864966991181  54
790.8724688250043  11
790.8799706588276  61
790.8874724926508  12
790.8949743264741  55
790.9024761602974  25
790.9099779941207  40
790.9174798279439  23
790.9249816617672  45
790.9324834955905  51
790.9399853294137  54
790.947487163237  31
790.9549889970604  54
790.9624908308836  30
790.9699926647069  47
790.9774944985302  18
790.9849963323535  10
790.9924981661767  28
791.0  52
791.0075018338233  50
791.0150036676465  42
791.0225055014698  50
791.0300073352931  52
791.0375091691164  41
791.0450110029396  85
791.052512836763  89
791.0600146705863  34
791.0675165044095  54
791.0750183382328  76
791.0825201720561  72
791.0900220058793  15
791.0975238397026  26
791.1050256735259  44
791.1125275073492  21
791.1200293411724  59
791.1275311749957  65
791.135033008819  43
791.1425348426422  67
791.1500366764656  27
791.1575385102889  23
791.1650403441121  50
791.1725421779354  34
791.1800440117587  51
791.187545845582  69
791.1950476794052  17
791.2025495132285  39
791.2100513470518  52
791.217553180875  61
791.2250550146983  28
791.2325568485217  45
791.2400586823449  55
791.2475605161682  117
791.2550623499915  27
791.2625641838148  71
791.270066017638  66
791.2775678514613  68
791.2850696852846  76
791.2925715191078  39
791.3000733529311  84
791.3075751867544  42
791.3150770205776  67
791.322578854401  59
791.3300806882243  49
791.3375825220476  69
791.3450843558708  34
791.3525861896941  42
791.3600880235174  61
791.3675898573406  72
791.3750916911639  78
791.3825935249872  70
791.3900953588104  51
791.3975971926337  25
791.405099026457  70
791.4126008602803  44
791.4201026941035  88
791.4276045279269  55
791.4351063617502  31
791.4426081955734  46
791.4501100293967  15
791.45761186322  107
791.4651136970432  84
791.4726155308665  38
791.4801173646898  41
791.4876191985131  40
791.4951210323363  52
791.5026228661596  61
791.510124699983  70
791.5176265338062  51
791.5251283676295  94
791.5326302014528  76
791.540132035276  78
791.5476338690993  20
791.5551357029226  35
791.5626375367459  77
791.5701393705691  74
791.5776412043924  62
791.5851430382157  51
791.5926448720389  46
791.6001467058622  42
791.6076485396856  -9
791.6151503735088  67
791.6226522073321  46
791.6301540411554  75
791.6376558749787  105
791.6451577088019  66
791.6526595426252  47
791.6601613764485  52
791.6676632102717  106
791.675165044095  86
791.6826668779183  86
791.6901687117415  67
791.6976705455648  54
791.7051723793882  28
791.7126742132115  35
791.7201760470347  42
791.727677880858  74
791.7351797146813  45
791.7426815485045  76
791.7501833823278  103
791.7576852161511  87
791.7651870499743  83
791.7726888837976  56
791.7801907176209  42
791.7876925514443  83
791.7951943852675  17
791.8026962190908  106
791.8101980529141  72
791.8176998867373  17
791.8252017205606  50
791.8327035543839  86
791.8402053882071  27
791.8477072220304  66
791.8552090558537  49
791.862710889677  61
791.8702127235002  59
791.8777145573235  91
791.8852163911469  47
791.89271822497  56
791.9002200587934  59
791.9077218926167  30
791.9152237264399  71
791.9227255602632  116
791.9302273940865  86
791.9377292279098  54
791.945231061733  -2
791.9527328955563  27
791.9602347293796  65
791.9677365632028  46
791.9752383970261  27
791.9827402308495  79
791.9902420646727  51
791.997743898496  34
792.0052457323193  58
792.0127475661426  82
792.0202493999658  33
792.0277512337891  79
792.0352530676124  85
792.0427549014356  63
792.0502567352589  50
792.0577585690822  50
792.0652604029054  70
792.0727622367287  61
792.0802640705521  61
792.0877659043754  58
792.0952677381986  52
792.1027695720219  58
792.1102714058452  81
792.1177732396684  53
792.1252750734917  70
792.132776907315  47
792.1402787411382  58
792.1477805749615  61
792.1552824087848  63
792.1627842426082  70
792.1702860764314  61
792.1777879102547  109
792.185289744078  57
792.1927915779012  51
792.2002934117245  60
792.2077952455478  79
792.215297079371  59
792.2227989131943  40
792.2303007470176  93
792.2378025808409  75
792.2453044146641  68
792.2528062484874  58
792.2603080823108  73
792.267809916134  12
792.2753117499573  73
792.2828135837806  44
792.2903154176038  98
792.2978172514271  89
792.3053190852504  78
792.3128209190737  88
792.3203227528969  42
792.3278245867202  49
792.3353264205435  81
792.3428282543667  66
792.35033008819  98
792.3578319220134  113
792.3653337558366  110
792.3728355896599  45
792.3803374234832  88
792.3878392573065  40
792.3953410911297  47
792.402842924953  62
792.4103447587763  97
792.4178465925995  67
792.4253484264228  52
792.4328502602461  71
792.4403520940693  120
792.4478539278927  20
792.455355761716  86
792.4628575955393  43
792.4703594293625  47
792.4778612631858  73
792.4853630970091  71
792.4928649308323  72
792.5003667646556  92
792.5078685984789  89
792.5153704323021  39
792.5228722661254  46
792.5303740999487  81
792.537875933772  89
792.5453777675953  70
792.5528796014186  81
792.5603814352419  83
792.5678832690651  95
792.5753851028884  50
792.5828869367117  49
792.5903887705349  86
792.5978906043582  82
792.6053924381815  36
792.6128942720048  72
792.620396105828  71
792.6278979396513  93
792.6353997734747  81
792.6429016072979  149
792.6504034411212  62
792.6579052749445  73
792.6654071087678  60
792.672908942591  68
792.6804107764143  100
792.6879126102376  114
792.6954144440608  72
792.7029162778841  92
792.7104181117074  140
792.7179199455306  82
792.725421779354  107
792.7329236131773  67
792.7404254470006  39
792.7479272808238  62
792.7554291146471  86
792.7629309484704  77
792.7704327822936  38
792.7779346161169  36
792.7854364499402  60
792.7929382837634  108
792.8004401175867  116
792.80794195141  86
792.8154437852334  94
792.8229456190566  79
792.8304474528799  100
792.8379492867032  68
792.8454511205264  72
792.8529529543497  39
792.860454788173  63
792.8679566219962  84
792.8754584558195  110
792.8829602896428  120
792.8904621234661  78
792.8979639572893  108
792.9054657911126  36
792.912967624936  108
792.9204694587592  89
792.9279712925825  94
792.9354731264058  121
792.942974960229  90
792.9504767940523  81
792.9579786278756  63
792.9654804616989  59
792.9729822955221  106
792.9804841293454  49
792.9879859631687  116
792.9954877969919  69
793.0029896308153  95
793.0104914646386  122
793.0179932984618  78
793.0254951322851  77
793.0329969661084  103
793.0404987999317  155
793.0480006337549  111
793.0555024675782  88
793.0630043014015  134
793.0705061352247  117
793.078007969048  93
793.0855098028713  90
793.0930116366945  109
793.1005134705179  52
793.1080153043412  116
793.1155171381645  106
793.1230189719877  155
793.130520805811  81
793.1380226396343  150
793.1455244734575  81
793.1530263072808  101
793.1605281411041  114
793.1680299749273  104
793.1755318087506  28
793.183033642574  111
793.1905354763973  111
793.1980373102205  124
793.2055391440438  113
793.2130409778671  61
793.2205428116903  131
793.2280446455136  100
793.2355464793369  140
793.2430483131601  107
793.2505501469834  115
793.2580519808067  89
793.26555381463  118
793.2730556484532  147
793.2805574822765  145
793.2880593160999  124
793.2955611499231  97
793.3030629837464  98
793.3105648175697  93
793.3180666513929  85
793.3255684852162  166
793.3330703190395  130
793.3405721528628  133
793.348073986686  107
793.3555758205093  117
793.3630776543326  172
793.3705794881558  39
793.3780813219792  131
793.3855831558025  107
793.3930849896257  123
793.400586823449  165
793.4080886572723  164
793.4155904910956  104
793.4230923249188  135
793.4305941587421  87
793.4380959925654  107
793.4455978263886  166
793.4530996602119  168
793.4606014940352  148
793.4681033278584  109
793.4756051616818  163
793.4831069955051  103
793.4906088293284  155
793.4981106631516  104
793.5056124969749  147
793.5131143307982  161
793.5206161646214  139
793.5281179984447  117
793.535619832268  125
793.5431216660912  151
793.5506234999145  125
793.5581253337378  141
793.5656271675612  158
793.5731290013844  163
793.5806308352077  151
793.588132669031  104
793.5956345028542  129
793.6031363366775  161
793.6106381705008  158
793.618140004324  156
793.6256418381473  154
793.6331436719706  132
793.6406455057939  158
793.6481473396171  164
793.6556491734405  141
793.6631510072638  164
793.670652841087  200
793.6781546749103  180
793.6856565087336  131
793.6931583425568  185
793.7006601763801  123
793.7081620102034  203
793.7156638440267  150
793.7231656778499  122
793.7306675116732  206
793.7381693454965  137
793.7456711793197  95
793.753173013143  166
793.7606748469664  127
793.7681766807896  153
793.7756785146129  120
793.7831803484362  148
793.7906821822595  148
793.7981840160827  148
793.805685849906  194
793.8131876837293  234
793.8206895175525  177
793.8281913513758  124
793.8356931851991  277
793.8431950190223  154
793.8506968528457  141
793.858198686669  167
793.8657005204923  175
793.8732023543155  132
793.8807041881388  154
793.8882060219621  212
793.8957078557853  177
793.9032096896086  141
793.9107115234319  155
793.9182133572551  177
793.9257151910784  108
793.9332170249018  207
793.9407188587251  210
793.9482206925483  194
793.9557225263716  206
793.9632243601949  188
793.9707261940181  215
793.9782280278414  184
793.9857298616647  186
793.9932316954879  205
794.0007335293112  173
794.0082353631345  242
794.0157371969578  151
794.023239030781  206
794.0307408646044  214
794.0382426984277  186
794.0457445322509  195
794.0532463660742  193
794.0607481998975  246
794.0682500337207  249
794.075751867544  158
794.0832537013673  170
794.0907555351906  204
794.0982573690138  173
794.1057592028371  265
794.1132610366604  253
794.1207628704836  200
794.128264704307  228
794.1357665381303  273
794.1432683719535  230
794.1507702057768  267
794.1582720396001  206
794.1657738734234  183
794.1732757072466  209
794.1807775410699  190
794.1882793748932  181
794.1957812087164  239
794.2032830425397  259
794.210784876363  186
794.2182867101862  223
794.2257885440096  251
794.2332903778329  228
794.2407922116562  244
794.2482940454794  247
794.2557958793027  228
794.263297713126  327
794.2707995469492  220
794.2783013807725  216
794.2858032145958  296
794.2933050484191  232
794.3008068822423  295
794.3083087160657  231
794.315810549889  301
794.3233123837122  267
794.3308142175355  330
794.3383160513588  276
794.345817885182  238
794.3533197190053  266
794.3608215528286  258
794.3683233866519  329
794.3758252204751  202
794.3833270542984  219
794.3908288881217  246
794.398330721945  280
794.4058325557683  279
794.4133343895916  316
794.4208362234148  305
794.4283380572381  221
794.4358398910614  258
794.4433417248847  254
794.4508435587079  287
794.4583453925312  317
794.4658472263545  298
794.4733490601777  306
794.480850894001  306
794.4883527278243  274
794.4958545616475  314
794.5033563954709  299
794.5108582292942  364
794.5183600631175  331
794.5258618969407  294
794.533363730764  275
794.5408655645873  284
794.5483673984105  280
794.5558692322338  239
794.5633710660571  302
794.5708728998803  296
794.5783747337036  296
794.585876567527  265
794.5933784013503  258
794.6008802351735  332
794.6083820689968  287
794.6158839028201  294
794.6233857366433  344
794.6308875704666  340
794.6383894042899  317
794.6458912381131  324
794.6533930719364  307
794.6608949057597  370
794.668396739583  326
794.6758985734062  274
794.6834004072296  326
794.6909022410529  316
794.6984040748761  349
794.7059059086994  330
794.7134077425227  341
794.7209095763459  353
794.7284114101692  348
794.7359132439925  374
794.7434150778158  322
794.750916911639  302
794.7584187454623  375
794.7659205792856  357
794.7734224131088  380
794.7809242469322  303
794.7884260807555  285
794.7959279145787  377
794.803429748402  309
794.8109315822253  355
794.8184334160486  394
794.8259352498718  409
794.8334370836951  344
794.8409389175184  331
794.8484407513416  378
794.8559425851649  377
794.8634444189883  316
794.8709462528114  314
794.8784480866348  365
794.8859499204581  396
794.8934517542814  405
794.9009535881046  412
794.9084554219279  370
794.9159572557512  367
794.9234590895744  331
794.9309609233977  475
794.938462757221  405
794.9459645910442  374
794.9534664248675  394
794.9609682586909  378
794.9684700925142  342
794.9759719263374  417
794.9834737601607  431
794.990975593984  348
794.9984774278072  413
795.0059792616305  435
795.0134810954538  395
795.020982929277  438
795.0284847631003  460
795.0359865969236  401
795.043488430747  382
795.0509902645701  434
795.0584920983935  446
795.0659939322168  440
795.07349576604  483
795.0809975998633  359
795.0884994336866  481
795.0960012675098  409
795.1035031013331  484
795.1110049351564  369
795.1185067689797  391
795.1260086028029  364
795.1335104366262  375
795.1410122704496  331
795.1485141042727  427
795.1560159380961  418
795.1635177719194  454
795.1710196057426  450
795.1785214395659  475
795.1860232733892  340
795.1935251072125  396
795.2010269410357  411
795.208528774859  440
795.2160306086823  408
795.2235324425055  447
795.2310342763288  446
795.2385361101522  388
795.2460379439754  388
795.2535397777987  460
795.261041611622  428
795.2685434454453  436
795.2760452792685  471
795.2835471130918  466
795.2910489469151  429
795.2985507807383  469
795.3060526145616  433
795.3135544483849  402
795.3210562822081  405
795.3285581160314  414
795.3360599498548  389
795.3435617836781  445
795.3510636175013  423
795.3585654513246  399
795.3660672851479  455
795.3735691189711  446
795.3810709527944  457
795.3885727866177  490
795.3960746204409  414
795.4035764542642  481
795.4110782880875  403
795.4185801219108  472
795.426081955734  372
795.4335837895574  492
795.4410856233807  428
795.4485874572039  465
795.4560892910272  404
795.4635911248505  488
795.4710929586737  411
795.478594792497  415
795.4860966263203  349
795.4935984601436  425
795.5011002939668  458
795.5086021277901  409
795.5161039616135  474
795.5236057954367  471
795.53110762926  386
795.5386094630833  484
795.5461112969065  473
795.5536131307298  452
795.5611149645531  449
795.5686167983764  486
795.5761186321996  521
795.5836204660229  434
795.5911222998462  473
795.5986241336694  511
795.6061259674927  500
795.613627801316  430
795.6211296351393  441
795.6286314689626  524
795.6361333027859  527
795.6436351366092  433
795.6511369704324  453
795.6586388042557  449
795.666140638079  439
795.6736424719022  420
795.6811443057255  458
795.6886461395488  457
795.696147973372  454
795.7036498071953  452
795.7111516410187  501
795.718653474842  521
795.7261553086652  418
795.7336571424885  477
795.7411589763118  446
795.748660810135  470
795.7561626439583  515
795.7636644777816  422
795.7711663116048  487
795.7786681454281  488
795.7861699792514  383
795.7936718130748  439
795.801173646898  487
795.8086754807213  447
795.8161773145446  564
795.8236791483678  435
795.8311809821911  520
795.8386828160144  482
795.8461846498376  514
795.8536864836609  451
795.8611883174842  493
795.8686901513075  330
795.8761919851307  479
795.883693818954  458
795.8911956527774  545
795.8986974866006  497
795.9061993204239  393
795.9137011542472  550
795.9212029880705  490
795.9287048218937  514
795.936206655717  571
795.9437084895403  447
795.9512103233635  458
795.9587121571868  507
795.9662139910101  557
795.9737158248333  442
795.9812176586566  439
795.98871949248  467
795.9962213263032  523
796.0037231601265  487
796.0112249939498  507
796.0187268277731  447
796.0262286615963  418
796.0337304954196  460
796.0412323292429  516
796.0487341630661  451
796.0562359968894  508
796.0637378307127  456
796.071239664536  525
796.0787414983592  460
796.0862433321826  439
796.0937451660059  515
796.1012469998291  479
796.1087488336524  439
796.1162506674757  443
796.1237525012989  483
796.1312543351222  477
796.1387561689455  413
796.1462580027688  492
796.153759836592  481
796.1612616704153  457
796.1687635042387  513
796.1762653380619  506
796.1837671718852  482
796.1912690057085  479
796.1987708395317  497
796.206272673355  502
796.2137745071783  461
796.2212763410016  443
796.2287781748248  468
796.2362800086481  459
796.2437818424714  444
796.2512836762946  426
796.258785510118  489
796.2662873439413  510
796.2737891777645  454
796.2812910115878  380
796.2887928454111  436
796.2962946792344  469
796.3037965130576  387
796.3112983468809  481
796.3188001807042  449
796.3263020145274  445
796.3338038483507  510
796.341305682174  565
796.3488075159972  572
796.3563093498205  488
796.3638111836439  435
796.3713130174672  442
796.3788148512904  534
796.3863166851137  438
796.393818518937  514
796.4013203527602  466
796.4088221865835  501
796.4163240204068  431
796.42382585423  462
796.4313276880533  429
796.4388295218766  463
796.4463313557  446
796.4538331895232  472
796.4613350233465  424
796.4688368571698  547
796.476338690993  517
796.4838405248163  465
796.4913423586396  443
796.4988441924628  485
796.5063460262861  461
796.5138478601094  433
796.5213496939327  389
796.5288515277559  492
796.5363533615792  561
796.5438551954026  454
796.5513570292258  435
796.5588588630491  440
796.5663606968724  473
796.5738625306956  392
796.5813643645189  489
796.5888661983422  430
796.5963680321655  461
796.6038698659887  481
796.611371699812  430
796.6188735336353  470
796.6263753674585  499
796.6338772012818  412
796.6413790351052  434
796.6488808689284  531
796.6563827027517  507
796.663884536575  461
796.6713863703983  450
796.6788882042215  475
796.6863900380448  463
796.6938918718681  443
796.7013937056913  513
796.7088955395146  538
796.7163973733379  501
796.7238992071611  525
796.7314010409845  503
796.7389028748078  474
796.7464047086311  415
796.7539065424543  505
796.7614083762776  474
796.7689102101009  453
796.7764120439241  472
796.7839138777474  518
796.7914157115707  470
796.7989175453939  472
796.8064193792172  506
796.8139212130405  519
796.8214230468639  482
796.828924880687  383
796.8364267145104  455
796.8439285483337  477
796.8514303821569  484
796.8589322159802  437
796.8664340498035  484
796.8739358836267  438
796.88143771745  427
796.8889395512733  526
796.8964413850966  515
796.9039432189198  500
796.9114450527431  483
796.9189468865665  530
796.9264487203897  497
796.933950554213  472
796.9414523880363  458
796.9489542218595  429
796.9564560556828  452
796.9639578895061  511
796.9714597233294  482
796.9789615571526  426
796.9864633909759  404
796.9939652247992  526
797.0014670586224  460
797.0089688924458  462
797.0164707262691  484
797.0239725600923  398
797.0314743939156  523
797.0389762277389  532
797.0464780615622  527
797.0539798953854  486
797.0614817292087  526
797.068983563032  429
797.0764853968552  455
797.0839872306785  468
797.0914890645018  506
797.098990898325  446
797.1064927321484  506
797.1139945659717  427
797.121496399795  453
797.1289982336182  463
797.1365000674415  461
797.1440019012648  500
797.151503735088  520
797.1590055689113  542
797.1665074027346  494
797.1740092365578  457
797.1815110703811  526
797.1890129042044  529
797.1965147380278  588
797.204016571851  550
797.2115184056743  486
797.2190202394976  460
797.2265220733208  441
797.2340239071441  478
797.2415257409674  410
797.2490275747906  549
797.2565294086139  530
797.2640312424372  486
797.2715330762605  467
797.2790349100837  536
797.286536743907  535
797.2940385777304  500
797.3015404115536  538
797.3090422453769  487
797.3165440792002  508
797.3240459130234  511
797.3315477468467  483
797.33904958067  484
797.3465514144933  468
797.3540532483165  396
797.3615550821398  463
797.3690569159631  469
797.3765587497863  465
797.3840605836097  356
797.391562417433  511
797.3990642512562  527
797.4065660850795  401
797.4140679189028  507
797.4215697527261  484
797.4290715865493  531
797.4365734203726  475
797.4440752541959  475
797.4515770880191  495
797.4590789218424  446
797.4665807556657  521
797.474082589489  502
797.4815844233123  470
797.4890862571356  475
797.4965880909589  525
797.5040899247821  564
797.5115917586054  550
797.5190935924287  484
797.5265954262519  516
797.5340972600752  555
797.5415990938985  418
797.5491009277217  469
797.556602761545  511
797.5641045953683  599
797.5716064291917  460
797.5791082630149  499
797.5866100968382  501
797.5941119306615  525
797.6016137644847  457
797.609115598308  466
797.6166174321313  487
797.6241192659545  513
797.6316210997778  459
797.6391229336011  485
797.6466247674244  520
797.6541266012476  493
797.661628435071  443
797.6691302688943  445
797.6766321027175  453
797.6841339365408  555
797.6916357703641  426
797.6991376041874  535
797.7066394380106  462
797.7141412718339  471
797.7216431056572  533
797.7291449394804  508
797.7366467733037  444
797.744148607127  520
797.7516504409502  518
797.7591522747736  579
797.7666541085969  533
797.7741559424202  530
797.7816577762434  566
797.7891596100667  570
797.79666144389  556
797.8041632777132  506
797.8116651115365  469
797.8191669453598  572
797.826668779183  501
797.8341706130063  533
797.8416724468296  484
797.849174280653  602
797.8566761144762  526
797.8641779482995  553
797.8716797821228  526
797.879181615946  531
797.8866834497693  485
797.8941852835926  516
797.9016871174158  490
797.9091889512391  473
797.9166907850624  577
797.9241926188857  476
797.9316944527089  492
797.9391962865323  508
797.9466981203556  518
797.9541999541788  537
797.9617017880021  477
797.9692036218254  465
797.9767054556486  447
797.9842072894719  549
797.9917091232952  462
797.9992109571185  486
798.0067127909417  338
798.014214624765  498
798.0217164585883  449
798.0292182924115  522
798.0367201262349  527
798.0442219600582  519
798.0517237938814  522
798.0592256277047  529
798.066727461528  470
798.0742292953513  469
798.0817311291745  428
798.0892329629978  450
798.0967347968211  453
798.1042366306443  506
798.1117384644676  465
798.119240298291  491
798.1267421321141  470
798.1342439659375  482
798.1417457997608  505
798.1492476335841  501
798.1567494674073  458
798.1642513012306  536
798.1717531350539  426
798.1792549688771  466
798.1867568027004  557
798.1942586365237  548
798.2017604703469  568
798.2092623041702  487
798.2167641379936  488
798.2242659718169  599
798.2317678056401  472
798.2392696394634  476
798.2467714732867  491
798.2542733071099  524
798.2617751409332  529
798.2692769747565  390
798.2767788085797  378
798.284280642403  457
798.2917824762263  470
798.2992843100496  401
798.3067861438728  534
798.3142879776962  431
798.3217898115195  479
798.3292916453427  409
798.336793479166  473
798.3442953129893  386
798.3517971468125  545
798.3592989806358  446
798.3668008144591  428
798.3743026482824  476
798.3818044821056  398
798.3893063159289  449
798.3968081497522  435
798.4043099835754  314
798.4118118173988  438
798.4193136512221  447
798.4268154850453  393
798.4343173188686  417
798.4418191526919  502
798.4493209865152  419
798.4568228203384  453
798.4643246541617  409
798.471826487985  455
798.4793283218082  440
798.4868301556315  396
798.4943319894548  406
798.501833823278  387
798.5093356571014  447
798.5168374909247  375
798.524339324748  313
798.5318411585712  421
798.5393429923945  451
798.5468448262178  434
798.554346660041  375
798.5618484938643  406
798.5693503276876  483
798.5768521615108  428
798.5843539953341  438
798.5918558291575  347
798.5993576629808  425
798.606859496804  423
798.6143613306273  433
798.6218631644506  369
798.6293649982738  433
798.6368668320971  395
798.6443686659204  453
798.6518704997436  341
798.6593723335669  424
798.6668741673902  365
798.6743760012135  347
798.6818778350367  442
798.68937966886  450
798.6968815026834  381
798.7043833365066  388
798.7118851703299  345
798.7193870041532  383
798.7268888379764  340
798.7343906717997  349
798.741892505623  428
798.7493943394463  351
798.7568961732695  370
798.7643980070928  379
798.7718998409161  331
798.7794016747393  372
798.7869035085627  370
798.794405342386  369
798.8019071762092  403
798.8094090100325  355
798.8169108438558  266
798.8244126776791  343
798.8319145115023  338
798.8394163453256  326
798.8469181791489  323
798.8544200129721  331
798.8619218467954  362
798.8694236806188  373
798.876925514442  375
798.8844273482653  360
798.8919291820886  341
798.8994310159119  333
798.9069328497351  316
798.9144346835584  341
798.9219365173817  300
798.9294383512049  326
798.9369401850282  311
798.9444420188515  360
798.9519438526747  382
798.959445686498  309
798.9669475203214  311
798.9744493541447  366
798.9819511879679  263
798.9894530217912  287
798.9969548556145  263
799.0044566894377  349
799.011958523261  324
799.0194603570843  329
799.0269621909075  293
799.0344640247308  268
799.0419658585541  340
799.0494676923774  317
799.0569695262006  328
799.064471360024  306
799.0719731938473  229
799.0794750276705  300
799.0869768614938  296
799.0944786953171  341
799.1019805291403  259
799.1094823629636  373
799.1169841967869  321
799.1244860306102  357
799.1319878644334  296
799.1394896982567  355
799.14699153208  259
799.1544933659032  330
799.1619951997266  306
799.1694970335499  377
799.1769988673732  281
799.1845007011964  441
799.1920025350197  275
799.199504368843  290
799.2070062026662  279
799.2145080364895  306
799.2220098703128  343
799.229511704136  351
799.2370135379593  300
799.2445153717827  277
799.2520172056059  282
799.2595190394292  233
799.2670208732525  332
799.2745227070758  318
799.282024540899  294
799.2895263747223  329
799.2970282085456  277
799.3045300423688  325
799.3120318761921  329
799.3195337100154  300
799.3270355438387  286
799.334537377662  261
799.3420392114853  291
799.3495410453086  283
799.3570428791318  283
799.3645447129551  254
799.3720465467784  248
799.3795483806016  258
799.3870502144249  268
799.3945520482482  289
799.4020538820714  273
799.4095557158947  301
799.417057549718  284
799.4245593835414  213
799.4320612173645  275
799.4395630511879  282
799.4470648850112  262
799.4545667188344  282
799.4620685526577  250
799.469570386481  254
799.4770722203043  242
799.4845740541275  241
799.4920758879508  236
799.4995777217741  204
799.5070795555973  234
799.5145813894206  299
799.522083223244  294
799.5295850570672  211
799.5370868908905  237
799.5445887247138  201
799.5520905585371  193
799.5595923923603  281
799.5670942261836  179
799.5745960600069  194
799.5820978938301  299
799.5895997276534  247
799.5971015614767  247
799.6046033952999  230
799.6121052291232  236
799.6196070629466  254
799.6271088967699  237
799.6346107305931  228
799.6421125644164  195
799.6496143982397  201
799.6571162320629  225
799.6646180658862  253
799.6721198997095  232
799.6796217335327  220
799.687123567356  174
799.6946254011793  204
799.7021272350026  210
799.7096290688258  157
799.7171309026492  215
799.7246327364725  150
799.7321345702957  227
799.739636404119  254
799.7471382379423  246
799.7546400717655  214
799.7621419055888  261
799.7696437394121  197
799.7771455732354  274
799.7846474070586  217
799.7921492408819  227
799.7996510747053  196
799.8071529085285  226
799.8146547423518  249
799.8221565761751  188
799.8296584099983  180
799.8371602438216  195
799.8446620776449  182
799.8521639114682  170
799.8596657452914  195
799.8671675791147  241
799.874669412938  219
799.8821712467612  181
799.8896730805845  230
799.8971749144079  281
799.904676748231  218
799.9121785820544  159
799.9196804158777  197
799.927182249701  157
799.9346840835242  145
799.9421859173475  239
799.9496877511708  171
799.957189584994  191
799.9646914188173  173
799.9721932526406  211
799.9796950864638  155
799.9871969202871  186
799.9946987541105  152
800.0022005879338  214
800.009702421757  134
800.0172042555803  216
800.0247060894036  154
800.0322079232268  165
800.0397097570501  152
800.0472115908734  298
800.0547134246966  145
800.0622152585199  154
800.0697170923432  155
800.0772189261666  196
800.0847207599898  90
800.0922225938131  174
800.0997244276364  180
800.1072262614596  178
800.1147280952829  210
800.1222299291062  201
800.1297317629294  133
800.1372335967527  156
800.144735430576  153
800.1522372643993  228
800.1597390982225  116
800.1672409320458  127
800.1747427658692  190
800.1822445996924  149
800.1897464335157  105
800.197248267339  221
800.2047501011622  162
800.2122519349855  165
800.2197537688088  161
800.2272556026321  191
800.2347574364553  126
800.2422592702786  153
800.2497611041019  121
800.2572629379251  143
800.2647647717484  154
800.2722666055718  101
800.279768439395  125
800.2872702732183  119
800.2947721070416  140
800.3022739408649  168
800.3097757746881  121
800.3172776085114  113
800.3247794423347  182
800.3322812761579  129
800.3397831099812  136
800.3472849438045  142
800.3547867776277  188
800.362288611451  101
800.3697904452744  93
800.3772922790977  167
800.3847941129209  122
800.3922959467442  76
800.3997977805675  105
800.4072996143907  150
800.414801448214  163
800.4223032820373  141
800.4298051158605  140
800.4373069496838  146
800.4448087835071  125
800.4523106173305  89
800.4598124511537  165
800.467314284977  84
800.4748161188003  106
800.4823179526235  137
800.4898197864468  110
800.4973216202701  98
800.5048234540933  124
800.5123252879166  106
800.5198271217399  153
800.5273289555632  89
800.5348307893864  166
800.5423326232097  127
800.5498344570331  115
800.5573362908563  93
800.5648381246796  102
800.5723399585029  123
800.5798417923261  101
800.5873436261494  137
800.5948454599727  130
800.602347293796  109
800.6098491276192  119
800.6173509614425  137
800.6248527952658  53
800.632354629089  101
800.6398564629123  129
800.6473582967357  184
800.6548601305589  105
800.6623619643822  131
800.6698637982055  83
800.6773656320288  137
800.684867465852  87
800.6923692996753  102
800.6998711334986  116
800.7073729673218  75
800.7148748011451  136
800.7223766349684  88
800.7298784687916  114
800.737380302615  73
800.7448821364383  107
800.7523839702616  118
800.7598858040848  101
800.7673876379081  113
800.7748894717314  104
800.7823913055546  100
800.7898931393779  79
800.7973949732012  81
800.8048968070244  81
800.8123986408477  92
800.819900474671  86
800.8274023084944  88
800.8349041423176  71
800.8424059761409  113
800.8499078099642  137
800.8574096437874  113
800.8649114776107  102
800.872413311434  106
800.8799151452572  107
800.8874169790805  134
800.8949188129038  92
800.9024206467271  110
800.9099224805503  72
800.9174243143736  87
800.924926148197  66
800.9324279820202  49
800.9399298158435  99
800.9474316496668  101
800.9549334834901  119
800.9624353173133  50
800.9699371511366  108
800.9774389849599  65
800.9849408187831  63
800.9924426526064  26
800.9999444864297  58
801.0074463202529  59
801.0149481540763  45
801.0224499878996  84
801.0299518217228  114
801.0374536555461  63
801.0449554893694  94
801.0524573231927  84
801.0599591570159  79
801.0674609908392  35
801.0749628246625  87
801.0824646584857  101
801.089966492309  63
801.0974683261323  87
801.1049701599557  40
801.1124719937789  61
801.1199738276022  59
801.1274756614255  83
801.1349774952487  87
801.142479329072  97
801.1499811628953  63
801.1574829967185  72
801.1649848305418  81
801.1724866643651  30
801.1799884981884  101
801.1874903320116  103
801.194992165835  34
801.2024939996583  90
801.2099958334815  104
801.2174976673048  89
801.2249995011281  66
801.2325013349513  108
801.2400031687746  70
801.2475050025979  41
801.2550068364212  101
801.2625086702444  133
801.2700105040677  75
801.277512337891  61
801.2850141717142  116
801.2925160055375  104
801.3000178393609  29
801.3075196731841  81
801.3150215070074  70
801.3225233408307  86
801.330025174654  94
801.3375270084772  83
801.3450288423005  50
801.3525306761238  82
801.360032509947  85
801.3675343437703  54
801.3750361775936  63
801.3825380114168  59
801.3900398452402  113
801.3975416790635  59
801.4050435128868  113
801.41254534671  38
801.4200471805333  78
801.4275490143566  47
801.4350508481798  60
801.4425526820031  42
801.4500545158264  69
801.4575563496496  55
801.4650581834729  61
801.4725600172962  62
801.4800618511196  76
801.4875636849428  81
801.4950655187661  60
801.5025673525894  35
801.5100691864126  126
801.5175710202359  90
801.5250728540592  84
801.5325746878824  53
801.5400765217057  85
801.547578355529  27
801.5550801893523  79
801.5625820231755  29
801.5700838569988  40
801.5775856908222  57
801.5850875246454  62
801.5925893584687  10
801.600091192292  71
801.6075930261152  75
801.6150948599385  42
801.6225966937618  53
801.6300985275851  28
801.6376003614083  91
801.6451021952316  46
801.6526040290549  22
801.6601058628781  40
801.6676076967015  44
801.6751095305248  36
801.682611364348  54
801.6901131981713  43
801.6976150319946  41
801.7051168658179  87
801.7126186996411  50
801.7201205334644  61
801.7276223672877  59
801.7351242011109  28
801.7426260349342  45
801.7501278687575  52
801.7576297025807  62
801.765131536404  36
801.7726333702274  12
801.7801352040507  56
801.7876370378739  78
801.7951388716972  68
801.8026407055205  40
801.8101425393437  37
801.817644373167  56
801.8251462069903  45
801.8326480408135  77
801.8401498746368  70
801.8476517084601  75
801.8551535422835  70
801.8626553761067  49
801.87015720993  28
801.8776590437533  35
801.8851608775765  57
801.8926627113998  50
801.9001645452231  57
801.9076663790463  61
801.9151682128696  49
801.9226700466929  20
801.9301718805162  37
801.9376737143394  62
801.9451755481628  67
801.9526773819861  58
801.9601792158093  53
801.9676810496326  37
801.9751828834559  28
801.9826847172791  65
801.9901865511024  56
801.9976883849257  18
802.005190218749  55
802.0126920525722  45
802.0201938863955  87
802.0276957202188  10
802.035197554042  44
802.0426993878654  66
802.0502012216887  46
802.0577030555119  43
802.0652048893352  58
802.0727067231585  53
802.0802085569818  12
802.087710390805  2
802.0952122246283  6
802.1027140584516  43
802.1102158922748  56
802.1177177260981  40
802.1252195599214  51
802.1327213937446  51
802.140223227568  -5
802.1477250613913  -5
802.1552268952146  63
802.1627287290378  55
802.1702305628611  57
802.1777323966844  44
802.1852342305076  27
802.1927360643309  4
802.2002378981542  2
802.2077397319774  28
802.2152415658007  49
802.222743399624  26
802.2302452334474  46
802.2377470672706  22
802.2452489010939  39
802.2527507349172  24
802.2602525687404  51
802.2677544025637  50
802.275256236387  30
802.2827580702102  41
802.2902599040335  37
802.2977617378568  -4
802.3052635716801  40
802.3127654055033  39
802.3202672393267  20
802.32776907315  28
802.3352709069732  35
802.3427727407965  14
802.3502745746198  53
802.357776408443  52
802.3652782422663  51
802.3727800760896  43
802.3802819099129  57
802.3877837437361  39
802.3952855775594  68
802.4027874113827  47
802.410289245206  27
802.4177910790293  45
802.4252929128526  55
802.4327947466758  6
802.4402965804991  34
802.4477984143224  59
802.4553002481457  10
802.4628020819689  8
802.4703039157922  46
802.4778057496155  5
802.4853075834387  56
802.492809417262  15
802.5003112510853  53
802.5078130849085  -11
802.5153149187319  21
802.5228167525552  58
802.5303185863785  56
802.5378204202017  11
802.545322254025  21
802.5528240878483  38
802.5603259216715  1
802.5678277554948  46
802.5753295893181  8
802.5828314231414  29
802.5903332569646  7
802.597835090788  39
802.6053369246113  35
802.6128387584345  3
802.6203405922578  52
802.6278424260811  73
802.6353442599043  4
802.6428460937276  33
802.6503479275509  40
802.6578497613741  39
802.6653515951974  51
802.6728534290207  8
802.680355262844  23
802.6878570966672  37
802.6953589304906  42
802.7028607643139  41
802.7103625981371  43
802.7178644319604  22
802.7253662657837  28
802.732868099607  -5
802.7403699334302  17
802.7478717672535  6
802.7553736010768  13
802.7628754349  29
802.7703772687233  23
802.7778791025466  9
802.7853809363698  46
802.7928827701932  4
802.8003846040165  42
802.8078864378398  26
802.815388271663  23
802.8228901054863  -25
802.8303919393096  36
802.8378937731328  78
802.8453956069561  61
802.8528974407794  29
802.8603992746026  40
802.8679011084259  14
802.8754029422493  21
802.8829047760726  15
802.8904066098958  58
802.8979084437191  36
802.9054102775424  18
802.9129121113656  40
802.9204139451889  8
802.9279157790122  3
802.9354176128354  39
802.9429194466587  30
802.950421280482  37
802.9579231143053  50
802.9654249481285  3
802.9729267819519  14
802.9804286157752  41
802.9879304495984  36
802.9954322834217  53
803.002934117245  35
803.0104359510682  -4
803.0179377848915  23
803.0254396187148  -27
803.0329414525381  9
803.0404432863613  21
803.0479451201846  17
803.055446954008  13
803.0629487878311  45
803.0704506216545  38
803.0779524554778  13
803.085454289301  5
803.0929561231243  42
803.1004579569476  19
803.1079597907709  -7
803.1154616245941  3
803.1229634584174  23
803.1304652922407  -17
803.1379671260639  25
803.1454689598872  21
803.1529707937106  37
803.1604726275337  17
803.1679744613571  26
803.1754762951804  4
803.1829781290037  33
803.1904799628269  25
803.1979817966502  20
803.2054836304735  49
803.2129854642967  39
803.22048729812  26
803.2279891319433  6
803.2354909657665  25
803.2429927995898  20
803.2504946334132  37
803.2579964672365  14
803.2654983010597  25
803.273000134883  4
803.2805019687063  -26
803.2880038025295  29
803.2955056363528  -18
803.3030074701761  20
803.3105093039993  7
803.3180111378226  2
803.3255129716459  -3
803.3330148054692  42
803.3405166392924  19
803.3480184731158  15
803.3555203069391  19
803.3630221407623  22
803.3705239745856  44
803.3780258084089  7
803.3855276422321  3
803.3930294760554  7
803.4005313098787  12
803.408033143702  34
803.4155349775252  -1
803.4230368113485  3
803.4305386451719  5
803.438040478995  -17
803.4455423128184  23
803.4530441466417  44
803.4605459804649  38
803.4680478142882  7
803.4755496481115  28
803.4830514819348  28
803.490553315758  3
803.4980551495813  -18
803.5055569834046  -39
803.5130588172278  17
803.5205606510511  22
803.5280624848745  -2
803.5355643186977  22
803.543066152521  -1
803.5505679863443  8
803.5580698201676  -12
803.5655716539908  -7
803.5730734878141  -28
803.5805753216374  41
803.5880771554606  59
803.5955789892839  39
803.6030808231072  11
803.6105826569304  24
803.6180844907537  24
803.6255863245771  -26
803.6330881584004  11
803.6405899922236  -6
803.6480918260469  13
803.6555936598702  8
803.6630954936934  19
803.6705973275167  15
803.67809916134  -26
803.6856009951632  31
803.6931028289865  -24
803.7006046628098  36
803.7081064966331  24
803.7156083304563  25
803.7231101642797  40
803.730611998103  12
803.7381138319262  22
803.7456156657495  10
803.7531174995728  -12
803.760619333396  19
803.7681211672193  3
803.7756230010426  26
803.7831248348659  45
803.7906266686891  -7
803.7981285025124  2
803.8056303363358  12
803.813132170159  37
803.8206340039823  34
803.8281358378056  41
803.8356376716288  4
803.8431395054521  30
803.8506413392754  26
803.8581431730987  18
803.8656450069219  -14
803.8731468407452  34
803.8806486745685  45
803.8881505083917  49
803.895652342215  11
803.9031541760384  18
803.9106560098616  31
803.9181578436849  20
803.9256596775082  43
803.9331615113315  -10
803.9406633451547  25
803.948165178978  -9
803.9556670128013  -15
803.9631688466245  37
803.9706706804478  25
803.9781725142711  14
803.9856743480943  36
803.9931761819176  -15
804.000678015741  1
804.0081798495643  17
804.0156816833875  22
804.0231835172108  45
804.0306853510341  28
804.0381871848573  46
804.0456890186806  49
804.0531908525039  12
804.0606926863271  33
804.0681945201504  -2
804.0756963539737  23
804.083198187797  30
804.0907000216203  49
804.0982018554436  9
804.1057036892669  24
804.1132055230901  -19
804.1207073569134  -15
804.1282091907367  -20
804.1357110245599  -1
804.1432128583832  42
804.1507146922065  30
804.1582165260298  4
804.165718359853  18
804.1732201936763  4
804.1807220274997  29
804.1882238613229  2
804.1957256951462  8
804.2032275289695  31
804.2107293627928  30
804.218231196616  -2
804.2257330304393  26
804.2332348642626  24
804.2407366980858  8
804.2482385319091  -14
804.2557403657324  50
804.2632421995556  47
804.270744033379  12
804.2782458672023  -4
804.2857477010255  -6
804.2932495348488  -13
804.3007513686721  8
804.3082532024954  43
804.3157550363186  44
804.3232568701419  7
804.3307587039652  17
804.3382605377884  23
804.3457623716117  12
804.353264205435  25
804.3607660392584  14
804.3682678730815  -42
804.3757697069049  22
804.3832715407282  -8
804.3907733745514  -8
804.3982752083747  37
804.405777042198  20
804.4132788760212  67
804.4207807098445  17
804.4282825436678  21
804.4357843774911  10
804.4432862113143  30
804.4507880451376  -1
804.458289878961  13
804.4657917127842  5
804.4732935466075  23
804.4807953804308  33
804.488297214254  3
804.4957990480773  20
804.5033008819006  -9
804.5108027157239  -7
804.5183045495471  20
804.5258063833704  -6
804.5333082171937  -28
804.5408100510169  -2
804.5483118848402  3
804.5558137186636  -3
804.5633155524868  5
804.5708173863101  44
804.5783192201334  2
804.5858210539567  44
804.5933228877799  -5
804.6008247216032  24
804.6083265554265  6
804.6158283892497  26
804.623330223073  47
804.6308320568963  12
804.6383338907195  25
804.6458357245428  37
804.6533375583662  29
804.6608393921895  1
804.6683412260127  -3
804.675843059836  12
804.6833448936593  57
804.6908467274825  7
804.6983485613058  -18
804.7058503951291  4
804.7133522289523  5
804.7208540627756  29
804.7283558965989  14
804.7358577304223  -10
804.7433595642455  14
804.7508613980688  -18
804.7583632318921  11
804.7658650657153  2
804.7733668995386  -13
804.7808687333619  25
804.7883705671851  18
804.7958724010084  13
804.8033742348317  31
804.810876068655  -5
804.8183779024782  53
804.8258797363015  10
804.8333815701249  13
804.840883403948  6
804.8483852377714  -4
804.8558870715947  35
804.8633889054179  55
804.8708907392412  33
804.8783925730645  49
804.8858944068878  21
804.893396240711  4
804.9008980745343  21
804.9083999083576  31
804.9159017421808  -25
804.9234035760041  9
804.9309054098275  34
804.9384072436507  3
804.945909077474  -1
804.9534109112973  18
804.9609127451206  1
804.9684145789438  10
804.9759164127671  -6
804.9834182465904  18
804.9909200804136  1
804.9984219142369  22
805.0059237480602  -2
805.0134255818834  -27
805.0209274157068  47
805.0284292495301  25
805.0359310833534  4
805.0434329171766  2
805.0509347509999  18
805.0584365848232  34
805.0659384186464  14
805.0734402524697  51
805.080942086293  42
805.0884439201162  20
805.0959457539395  -7
805.1034475877628  6
805.1109494215862  52
805.1184512554094  -9
805.1259530892327  -12
805.133454923056  -5
805.1409567568792  6
805.1484585907025  34
805.1559604245258  25
805.163462258349  28
805.1709640921723  2
805.1784659259956  30
805.1859677598189  -7
805.1934695936421  27
805.2009714274654  28
805.2084732612888  44
805.215975095112  -6
805.2234769289353  15
805.2309787627586  -18
