# x-label = Wavelength [nm]
# y-label = Intensity
776.7465157357716  -7
776.7540175695949  -8
776.7615194034182  19
776.7690212372414  -12
776.7765230710647  15
776.784024904888  30
776.7915267387112  -15
776.7990285725346  -35
776.8065304063579  9
776.8140322401811  -2
776.8215340740044  23
776.8290359078277  -14
776.836537741651  8
776.8440395754742  35
776.8515414092975  0
776.8590432431208  20
776.866545076944  -14
776.8740469107673  62
776.8815487445906  22
776.8890505784138  44
776.8965524122372  24
776.9040542460605  26
776.9115560798838  2
776.919057913707  28
776.9265597475303  12
776.9340615813536  -23
776.9415634151768  2
776.9490652490001  23
776.9565670828234  40
776.9640689166466  40
776.9715707504699  18
776.9790725842932  -7
776.9865744181166  -2
776.9940762519398  -7
777.0015780857631  -15
777.0090799195864  -34
777.0165817534096  16
777.0240835872329  1
777.0315854210562  16
777.0390872548794  7
777.0465890887027  -11
777.054090922526  -9
777.0615927563493  -16
777.0690945901725  36
777.0765964239959  36
777.0840982578192  14
777.0916000916424  -23
777.0991019254657  -10
777.106603759289  -22
777.1141055931122  37
777.1216074269355  30
777.1291092607588  26
777.1366110945821  33
777.1441129284053  17
777.1516147622286  31
777.159116596052  -1
777.1666184298751  1
777.1741202636985  -15
777.1816220975218  7
777.189123931345  38
777.1966257651683  14
777.2041275989916  26
777.2116294328149  1
777.2191312666381  24
777.2266331004614  17
777.2341349342847  17
777.2416367681079  23
777.2491386019312  6
777.2566404357545  29
777.2641422695777  3
777.2716441034011  9
777.2791459372244  26
777.2866477710477  38
777.2941496048709  -23
777.3016514386942  10
777.3091532725175  9
777.3166551063407  -18
777.324156940164  23
777.3316587739873  16
777.3391606078105  12
777.3466624416338  10
777.3541642754572  3
777.3616661092805  -28
777.3691679431037  12
777.376669776927  23
777.3841716107503  39
777.3916734445735  31
777.3991752783968  23
777.4066771122201  45
777.4141789460433  -17
777.4216807798666  19
777.4291826136899  77
777.4366844475132  9
777.4441862813364  7
777.4516881151598  6
777.4591899489831  -8
777.4666917828063  -24
777.4741936166296  -11
777.4816954504529  18
777.4891972842761  -2
777.4966991180994  19
777.5042009519227  10
777.511702785746  -6
777.5192046195692  1
777.5267064533925  0
777.5342082872158  -13
777.541710121039  12
777.5492119548624  3
777.5567137886857  6
777.5642156225089  7
777.5717174563322  35
777.5792192901555  42
777.5867211239788  14
777.594222957802  36
777.6017247916253  6
777.6092266254486  19
777.6167284592718  -16
777.6242302930951  24
777.6317321269185  4
777.6392339607416  12
777.646735794565  26
777.6542376283883  12
777.6617394622116  -7
777.6692412960348  3
777.6767431298581  5
777.6842449636814  -22
777.6917467975046  -28
777.6992486313279  -6
777.7067504651512  -6
777.7142522989745  37
777.7217541327977  -1
777.729255966621  38
777.7367578004444  -2
777.7442596342676  20
777.7517614680909  20
777.7592633019142  8
777.7667651357374  7
777.7742669695607  28
777.781768803384  14
777.7892706372072  9
777.7967724710305  -12
777.8042743048538  -13
777.8117761386771  -4
777.8192779725003  9
777.8267798063237  22
777.834281640147  21
777.8417834739702  -31
777.8492853077935  2
777.8567871416168  -3
777.8642889754401  33
777.8717908092633  7
777.8792926430866  -6
777.8867944769099  -7
777.8942963107331  8
777.9017981445564  20
777.9092999783797  9
777.916801812203  16
777.9243036460263  35
777.9318054798496  -17
777.9393073136729  0
777.9468091474961  4
777.9543109813194  -4
777.9618128151427  -2
777.9693146489659  22
777.9768164827892  -12
777.9843183166125  -15
777.9918201504357  15
777.999321984259  -7
778.0068238180824  -30
778.0143256519057  35
778.0218274857289  25
778.0293293195522  4
778.0368311533755  13
778.0443329871987  48
778.051834821022  1
778.0593366548453  44
778.0668384886685  -14
778.0743403224918  -10
778.0818421563151  22
778.0893439901384  4
778.0968458239616  9
778.104347657785  7
778.1118494916083  -3
778.1193513254315  -10
778.1268531592548  25
778.1343549930781  29
778.1418568269013  -19
778.1493586607246  28
778.1568604945479  0
778.1643623283712  -31
778.1718641621944  -22
778.1793659960177  26
778.186867829841  14
778.1943696636642  6
778.2018714974876  30
778.2093733313109  18
778.2168751651341  32
778.2243769989574  8
778.2318788327807  4
778.239380666604  3
778.2468825004272  -1
778.2543843342505  12
778.2618861680738  14
778.269388001897  -4
778.2768898357203  19
778.2843916695437  17
778.2918935033669  20
778.2993953371902  28
778.3068971710135  2
778.3143990048368  -4
778.32190083866  5
778.3294026724833  9
778.3369045063066  -27
778.3444063401298  16
778.3519081739531  -19
778.3594100077764  -15
778.3669118415996  22
778.3744136754229  2
778.3819155092463  -23
778.3894173430696  29
778.3969191768928  40
778.4044210107161  -3
778.4119228445394  -8
778.4194246783626  -8
778.4269265121859  13
778.4344283460092  7
778.4419301798324  -26
778.4494320136557  -20
778.456933847479  9
778.4644356813023  21
778.4719375151255  14
778.4794393489489  -24
778.4869411827722  -13
778.4944430165954  42
778.5019448504187  -14
778.509446684242  16
778.5169485180652  6
778.5244503518885  47
778.5319521857118  -28
778.5394540195351  20
778.5469558533583  -31
778.5544576871816  16
778.561959521005  12
778.5694613548281  38
778.5769631886515  -14
778.5844650224748  19
778.591966856298  -8
778.5994686901213  16
778.6069705239446  -19
778.6144723577679  28
778.6219741915911  8
778.6294760254144  37
778.6369778592377  -9
778.6444796930609  31
778.6519815268842  13
778.6594833607076  25
778.6669851945308  5
778.6744870283541  55
778.6819888621774  -22
778.6894906960007  34
778.6969925298239  16
778.7044943636472  3
778.7119961974705  0
778.7194980312937  10
778.726999865117  18
778.7345016989403  -1
778.7420035327635  1
778.7495053665868  12
778.7570072004102  1
778.7645090342335  -14
778.7720108680567  7
778.77951270188  3
778.7870145357033  22
778.7945163695265  -11
778.8020182033498  -30
778.8095200371731  46
778.8170218709963  28
778.8245237048196  21
778.8320255386429  -2
778.8395273724663  -22
778.8470292062894  -6
778.8545310401128  47
778.8620328739361  21
778.8695347077593  3
778.8770365415826  24
778.8845383754059  -20
778.8920402092291  -8
778.8995420430524  7
778.9070438768757  9
778.914545710699  51
778.9220475445222  37
778.9295493783455  -10
778.9370512121689  21
778.944553045992  1
778.9520548798154  2
778.9595567136387  45
778.9670585474619  33
778.9745603812852  22
778.9820622151085  -7
778.9895640489318  0
778.997065882755  -23
779.0045677165783  10
779.0120695504016  42
779.0195713842248  -8
779.0270732180481  33
779.0345750518715  19
779.0420768856947  -23
779.049578719518  34
779.0570805533413  -6
779.0645823871646  0
779.0720842209878  -3
779.0795860548111  -9
779.0870878886344  38
779.0945897224576  -1
779.1020915562809  -1
779.1095933901042  2
779.1170952239274  24
779.1245970577507  -26
779.1320988915741  -1
779.1396007253974  32
779.1471025592206  -30
779.1546043930439  9
779.1621062268672  -30
779.1696080606904  51
779.1771098945137  30
779.184611728337  30
779.1921135621602  38
779.1996153959835  -27
779.2071172298068  -8
779.2146190636302  9
779.2221208974534  21
779.2296227312767  16
779.2371245651  37
779.2446263989232  -59
779.2521282327465  -12
779.2596300665698  -9
779.267131900393  16
779.2746337342163  63
779.2821355680396  12
779.2896374018629  22
779.2971392356861  35
779.3046410695094  9
779.3121429033328  44
779.319644737156  6
779.3271465709793  23
779.3346484048026  17
779.3421502386259  19
779.3496520724491  2
779.3571539062724  9
779.3646557400957  36
779.3721575739189  -7
779.3796594077422  -26
779.3871612415655  53
779.3946630753887  6
779.402164909212  -18
779.4096667430354  -3
779.4171685768586  45
779.4246704106819  17
779.4321722445052  1
779.4396740783285  13
779.4471759121517  16
779.454677745975  52
779.4621795797983  10
779.4696814136215  12
779.4771832474448  50
779.4846850812681  -25
779.4921869150915  -24
779.4996887489147  -1
779.507190582738  14
779.5146924165613  19
779.5221942503845  5
779.5296960842078  0
779.5371979180311  3
779.5446997518543  16
779.5522015856776  18
779.5597034195009  17
779.5672052533242  31
779.5747070871474  29
779.5822089209707  -25
779.589710754794  39
779.5972125886173  -22
779.6047144224406  29
779.6122162562639  -9
779.6197180900871  -14
779.6272199239104  7
779.6347217577337  26
779.642223591557  22
779.6497254253802  17
779.6572272592035  9
779.6647290930268  9
779.67223092685  28
779.6797327606733  38
779.6872345944967  24
779.6947364283199  5
779.7022382621432  15
779.7097400959665  -18
779.7172419297898  -8
779.724743763613  16
779.7322455974363  -16
779.7397474312596  40
779.7472492650828  19
779.7547510989061  26
779.7622529327294  -13
779.7697547665526  -15
779.777256600376  -14
779.7847584341993  29
779.7922602680226  24
779.7997621018458  21
779.8072639356691  31
779.8147657694924  15
779.8222676033156  14
779.8297694371389  47
779.8372712709622  16
779.8447731047854  -4
779.8522749386087  12
779.859776772432  20
779.8672786062554  0
779.8747804400786  37
779.8822822739019  34
779.8897841077252  6
779.8972859415484  33
779.9047877753717  -12
779.912289609195  -1
779.9197914430182  18
779.9272932768415  16
779.9347951106648  9
779.9422969444881  41
779.9497987783113  34
779.9573006121346  52
779.964802445958  3
779.9723042797812  17
779.9798061136045  -12
779.9873079474278  -23
779.994809781251  17
780.0023116150743  44
780.0098134488976  3
780.0173152827209  9
780.0248171165441  41
780.0323189503674  9
780.0398207841907  -1
780.0473226180139  -11
780.0548244518372  29
780.0623262856606  -4
780.0698281194838  12
780.0773299533071  37
780.0848317871304  -20
780.0923336209537  -10
780.0998354547769  40
780.1073372886002  -42
780.1148391224235  16
780.1223409562467  -15
780.12984279007  29
780.1373446238933  49
780.1448464577165  -7
780.1523482915399  25
780.1598501253632  22
780.1673519591865  22
780.1748537930097  0
780.182355626833  30
780.1898574606563  10
780.1973592944795  17
780.2048611283028  35
780.2123629621261  17
780.2198647959493  5
780.2273666297726  15
780.234868463596  23
780.2423702974193  3
780.2498721312425  6
780.2573739650658  -24
780.2648757988891  -57
780.2723776327123  15
780.2798794665356  40
780.2873813003589  26
780.2948831341821  -2
780.3023849680054  49
780.3098868018287  14
780.317388635652  42
780.3248904694752  50
780.3323923032985  38
780.3398941371219  -7
780.3473959709451  10
780.3548978047684  35
780.3623996385917  12
780.3699014724149  -16
780.3774033062382  7
780.3849051400615  33
780.3924069738848  -17
780.399908807708  12
780.4074106415313  8
780.4149124753546  -16
780.4224143091778  -6
780.4299161430012  -2
780.4374179768245  33
780.4449198106477  15
780.452421644471  -4
780.4599234782943  6
780.4674253121176  -9
780.4749271459408  14
780.4824289797641  12
780.4899308135874  32
780.4974326474106  35
780.5049344812339  51
780.5124363150572  7
780.5199381488804  16
780.5274399827038  -19
780.5349418165271  35
780.5424436503504  1
780.5499454841736  10
780.5574473179969  9
780.5649491518202  16
780.5724509856434  14
780.5799528194667  10
780.58745465329  20
780.5949564871132  7
780.6024583209365  35
780.6099601547598  44
780.6174619885832  31
780.6249638224064  0
780.6324656562297  -9
780.639967490053  7
780.6474693238762  17
780.6549711576995  41
780.6624729915228  -16
780.669974825346  39
780.6774766591693  -4
780.6849784929926  46
780.6924803268159  28
780.6999821606391  13
780.7074839944625  -1
780.7149858282858  25
780.722487662109  9
780.7299894959323  -1
780.7374913297556  33
780.7449931635788  19
780.7524949974021  38
780.7599968312254  39
780.7674986650487  -6
780.7750004988719  21
780.7825023326952  -15
780.7900041665185  29
780.7975060003417  -18
780.805007834165  9
780.8125096679884  23
780.8200115018116  -13
780.8275133356349  40
780.8350151694582  -16
780.8425170032815  32
780.8500188371047  0
780.857520670928  0
780.8650225047513  0
780.8725243385745  16
780.8800261723978  -2
780.8875280062211  54
780.8950298400443  39
780.9025316738677  -14
780.910033507691  30
780.9175353415143  8
780.9250371753375  31
780.9325390091608  44
780.9400408429841  19
780.9475426768073  37
780.9550445106306  18
780.9625463444539  -12
780.9700481782772  42
780.9775500121004  33
780.9850518459237  7
780.9925536797471  45
781.0000555135703  6
781.0075573473936  1
781.0150591812169  24
781.0225610150401  5
781.0300628488634  57
781.0375646826867  32
781.0450665165099  0
781.0525683503332  12
781.0600701841565  6
781.0675720179798  0
781.075073851803  33
781.0825756856264  8
781.0900775194497  24
781.0975793532729  -1
781.1050811870962  32
781.1125830209195  31
781.1200848547428  33
781.127586688566  17
781.1350885223893  22
781.1425903562126  10
781.1500921900358  1
781.1575940238591  23
781.1650958576824  16
781.1725976915056  -12
781.180099525329  31
781.1876013591523  8
781.1951031929756  30
781.2026050267988  12
781.2101068606221  61
781.2176086944454  4
781.2251105282686  28
781.2326123620919  -2
781.2401141959152  31
781.2476160297384  12
781.2551178635617  23
781.262619697385  8
781.2701215312084  20
781.2776233650316  -18
781.2851251988549  24
781.2926270326782  36
781.3001288665014  52
781.3076307003247  -18
781.315132534148  8
781.3226343679712  4
781.3301362017945  68
781.3376380356178  -14
781.3451398694411  3
781.3526417032643  20
781.3601435370877  20
781.367645370911  39
781.3751472047342  34
781.3826490385575  47
781.3901508723808  93
781.397652706204  24
781.4051545400273  -7
781.4126563738506  33
781.4201582076739  22
781.4276600414971  35
781.4351618753204  40
781.4426637091437  22
781.4501655429669  14
781.4576673767903  -2
781.4651692106136  20
781.4726710444368  0
781.4801728782601  -18
781.4876747120834  19
781.4951765459067  42
781.5026783797299  30
781.5101802135532  17
781.5176820473765  31
781.5251838811997  38
781.532685715023  39
781.5401875488463  -2
781.5476893826695  56
781.5551912164929  46
781.5626930503162  -18
781.5701948841395  31
781.5776967179627  38
781.585198551786  24
781.5927003856093  23
781.6002022194325  6
781.6077040532558  31
781.6152058870791  6
781.6227077209023  26
781.6302095547256  12
781.637711388549  60
781.6452132223723  4
781.6527150561955  14
781.6602168900188  39
781.6677187238421  26
781.6752205576653  12
781.6827223914886  8
781.6902242253119  13
781.6977260591351  33
781.7052278929584  51
781.7127297267817  -19
781.720231560605  13
781.7277333944282  5
781.7352352282516  8
781.7427370620749  39
781.7502388958981  -3
781.7577407297214  -3
781.7652425635447  14
781.7727443973679  -13
781.7802462311912  15
781.7877480650145  4
781.7952498988378  -33
781.802751732661  20
781.8102535664843  56
781.8177554003076  -19
781.8252572341308  50
781.8327590679542  63
781.8402609017775  15
781.8477627356007  57
781.855264569424  44
781.8627664032473  56
781.8702682370706  -2
781.8777700708938  17
781.8852719047171  19
781.8927737385404  4
781.9002755723636  34
781.9077774061869  9
781.9152792400102  20
781.9227810738334  9
781.9302829076568  51
781.9377847414801  8
781.9452865753034  19
781.9527884091266  31
781.9602902429499  38
781.9677920767732  7
781.9752939105964  50
781.9827957444197  20
781.990297578243  33
781.9977994120662  38
782.0053012458895  47
782.0128030797129  23
782.0203049135362  -35
782.0278067473594  55
782.0353085811827  13
782.042810415006  55
782.0503122488292  13
782.0578140826525  36
782.0653159164758  12
782.072817750299  33
782.0803195841223  44
782.0878214179456  -11
782.095323251769  9
782.1028250855921  40
782.1103269194155  21
782.1178287532388  37
782.125330587062  -23
782.1328324208853  13
782.1403342547086  41
782.1478360885318  17
782.1553379223551  13
782.1628397561784  54
782.1703415900017  29
782.1778434238249  36
782.1853452576482  14
782.1928470914715  -25
782.2003489252947  47
782.2078507591181  47
782.2153525929414  42
782.2228544267646  15
782.2303562605879  22
782.2378580944112  33
782.2453599282345  48
782.2528617620577  44
782.260363595881  -49
782.2678654297043  46
782.2753672635275  40
782.2828690973508  15
782.2903709311742  12
782.2978727649974  31
782.3053745988207  69
782.312876432644  35
782.3203782664673  29
782.3278801002905  33
782.3353819341138  46
782.3428837679371  32
782.3503856017603  22
782.3578874355836  23
782.3653892694069  34
782.3728911032301  52
782.3803929370534  41
782.3878947708768  4
782.3953966047001  12
782.4028984385233  32
782.4104002723466  45
782.4179021061699  5
782.4254039399931  34
782.4329057738164  21
782.4404076076397  35
782.4479094414629  26
782.4554112752862  44
782.4629131091095  66
782.4704149429328  52
782.477916776756  33
782.4854186105794  35
782.4929204444027  45
782.5004222782259  31
782.5079241120492  28
782.5154259458725  13
782.5229277796957  31
782.530429613519  23
782.5379314473423  62
782.5454332811656  5
782.5529351149888  8
782.5604369488121  36
782.5679387826355  21
782.5754406164586  61
782.582942450282  32
782.5904442841053  33
782.5979461179286  -30
782.6054479517518  24
782.6129497855751  39
782.6204516193984  22
782.6279534532216  10
782.6354552870449  17
782.6429571208682  20
782.6504589546914  50
782.6579607885147  30
782.665462622338  79
782.6729644561613  17
782.6804662899846  13
782.6879681238079  48
782.6954699576312  41
782.7029717914544  18
782.7104736252777  58
782.717975459101  28
782.7254772929242  8
782.7329791267475  12
782.7404809605708  -7
782.7479827943941  38
782.7554846282173  60
782.7629864620407  65
782.770488295864  18
782.7779901296872  39
782.7854919635105  87
782.7929937973338  42
782.800495631157  46
782.8079974649803  55
782.8154992988036  28
782.8230011326268  95
782.8305029664501  62
782.8380048002734  23
782.8455066340968  57
782.85300846792  51
782.8605103017433  2
782.8680121355666  38
782.8755139693898  36
782.8830158032131  37
782.8905176370364  35
782.8980194708597  -1
782.9055213046829  22
782.9130231385062  37
782.9205249723295  6
782.9280268061527  25
782.935528639976  25
782.9430304737994  14
782.9505323076226  16
782.9580341414459  8
782.9655359752692  35
782.9730378090925  13
782.9805396429157  31
782.988041476739  61
782.9955433105623  29
783.0030451443855  26
783.0105469782088  16
783.0180488120321  32
783.0255506458553  53
783.0330524796786  5
783.040554313502  34
783.0480561473253  9
783.0555579811485  32
783.0630598149718  58
783.0705616487951  48
783.0780634826183  40
783.0855653164416  21
783.0930671502649  39
783.1005689840881  51
783.1080708179114  -1
783.1155726517347  62
783.123074485558  41
783.1305763193812  -2
783.1380781532046  33
783.1455799870279  70
783.1530818208511  39
783.1605836546744  69
783.1680854884977  52
783.1755873223209  35
783.1830891561442  -13
783.1905909899675  64
783.1980928237908  14
783.205594657614  37
783.2130964914373  18
783.2205983252607  87
783.2281001590839  37
783.2356019929072  62
783.2431038267305  -32
783.2506056605537  49
783.258107494377  22
783.2656093282003  50
783.2731111620236  26
783.2806129958468  34
783.2881148296701  35
783.2956166634934  17
783.3031184973166  40
783.31062033114  31
783.3181221649633  33
783.3256239987865  46
783.3331258326098  28
783.3406276664331  40
783.3481295002564  39
783.3556313340796  16
783.3631331679029  56
783.3706350017262  69
783.3781368355494  22
783.3856386693727  40
783.393140503196  12
783.4006423370192  40
783.4081441708425  50
783.4156460046659  65
783.4231478384892  30
783.4306496723124  33
783.4381515061357  22
783.445653339959  64
783.4531551737822  44
783.4606570076055  15
783.4681588414288  67
783.475660675252  21
783.4831625090753  51
783.4906643428986  45
783.498166176722  88
783.5056680105452  -1
783.5131698443685  67
783.5206716781918  61
783.528173512015  41
783.5356753458383  33
783.5431771796616  35
783.5506790134848  41
783.5581808473081  28
783.5656826811314  55
783.5731845149547  33
783.5806863487779  50
783.5881881826012  13
783.5956900164246  37
783.6031918502478  25
783.6106936840711  31
783.6181955178944  66
783.6256973517176  53
783.6331991855409  84
783.6407010193642  69
783.6482028531875  96
783.6557046870107  68
783.663206520834  82
783.6707083546573  68
783.6782101884805  21
783.6857120223038  64
783.6932138561272  30
783.7007156899504  92
783.7082175237737  49
783.715719357597  53
783.7232211914203  35
783.7307230252435  42
783.7382248590668  50
783.7457266928901  40
783.7532285267133  52
783.7607303605366  97
783.7682321943599  37
783.7757340281831  14
783.7832358620064  67
783.7907376958298  16
783.7982395296531  34
783.8057413634763  62
783.8132431972996  52
783.8207450311229  62
783.8282468649461  31
783.8357486987694  35
783.8432505325927  65
783.8507523664159  95
783.8582542002392  19
783.8657560340625  52
783.8732578678859  101
783.880759701709  46
783.8882615355324  24
783.8957633693557  69
783.9032652031789  86
783.9107670370022  53
783.9182688708255  78
783.9257707046487  39
783.933272538472  46
783.9407743722953  78
783.9482762061186  71
783.9557780399418  23
783.9632798737651  17
783.9707817075885  87
783.9782835414117  4
783.985785375235  41
783.9932872090583  66
784.0007890428815  20
784.0082908767048  17
784.0157927105281  26
784.0232945443514  57
784.0307963781746  48
784.0382982119979  33
784.0458000458212  42
784.0533018796444  86
784.0608037134677  51
784.0683055472911  56
784.0758073811143  57
784.0833092149376  51
784.0908110487609  37
784.0983128825842  46
784.1058147164074  63
784.1133165502307  87
784.120818384054  62
784.1283202178772  33
784.1358220517005  72
784.1433238855238  90
784.150825719347  36
784.1583275531704  36
784.1658293869937  22
784.173331220817  73
784.1808330546402  60
784.1883348884635  52
784.1958367222868  40
784.20333855611  66
784.2108403899333  84
784.2183422237566  56
784.2258440575798  39
784.2333458914031  50
784.2408477252264  71
784.2483495590498  60
784.255851392873  50
784.2633532266963  78
784.2708550605196  46
784.2783568943428  60
784.2858587281661  55
784.2933605619894  68
784.3008623958126  69
784.3083642296359  53
784.3158660634592  71
784.3233678972825  35
784.3308697311057  53
784.338371564929  41
784.3458733987524  32
784.3533752325756  42
784.3608770663989  73
784.3683789002222  38
784.3758807340455  68
784.3833825678687  77
784.390884401692  21
784.3983862355153  25
784.4058880693385  88
784.4133899031618  36
784.4208917369851  50
784.4283935708083  74
784.4358954046317  50
784.443397238455  56
784.4508990722783  74
784.4584009061015  5
784.4659027399248  33
784.4734045737481  80
784.4809064075713  53
784.4884082413946  61
784.4959100752179  70
784.5034119090411  57
784.5109137428644  40
784.5184155766877  57
784.525917410511  69
784.5334192443343  71
784.5409210781576  67
784.5484229119809  73
784.5559247458041  38
784.5634265796274  71
784.5709284134507  77
784.5784302472739  96
784.5859320810972  70
784.5934339149205  78
784.6009357487438  68
784.608437582567  76
784.6159394163903  85
784.6234412502137  74
784.6309430840369  69
784.6384449178602  68
784.6459467516835  79
784.6534485855067  54
784.66095041933  86
784.6684522531533  72
784.6759540869766  63
784.6834559207998  73
784.6909577546231  73
784.6984595884464  78
784.7059614222696  57
784.713463256093  47
784.7209650899163  61
784.7284669237395  50
784.7359687575628  80
784.7434705913861  74
784.7509724252094  39
784.7584742590326  83
784.7659760928559  63
784.7734779266792  60
784.7809797605024  77
784.7884815943257  87
784.795983428149  82
784.8034852619722  105
784.8109870957956  73
784.8184889296189  80
784.8259907634422  94
784.8334925972654  69
784.8409944310887  60
784.848496264912  98
784.8559980987352  104
784.8634999325585  68
784.8710017663818  71
784.878503600205  95
784.8860054340283  77
784.8935072678516  93
784.901009101675  101
784.9085109354982  110
784.9160127693215  77
784.9235146031448  108
784.931016436968  96
784.9385182707913  72
784.9460201046146  86
784.9535219384378  38
784.9610237722611  106
784.9685256060844  56
784.9760274399077  92
784.9835292737309  86
784.9910311075542  98
784.9985329413776  80
785.0060347752008  145
785.0135366090241  140
785.0210384428474  114
785.0285402766706  93
785.0360421104939  53
785.0435439443172  119
785.0510457781405  106
785.0585476119637  74
785.066049445787  83
785.0735512796103  54
785.0810531134335  89
785.0885549472569  61
785.0960567810802  92
785.1035586149034  173
785.1110604487267  80
785.11856228255  81
785.1260641163733  99
785.1335659501965  110
785.1410677840198  66
785.1485696178431  116
785.1560714516663  58
785.1635732854896  85
785.171075119313  161
785.1785769531361  105
785.1860787869595  109
785.1935806207828  112
785.2010824546061  69
785.2085842884293  190
785.2160861222526  94
785.2235879560759  44
785.2310897898991  90
785.2385916237224  143
785.2460934575457  112
785.2535952913689  110
785.2610971251922  122
785.2685989590155  86
785.2761007928389  54
785.2836026266621  85
785.2911044604854  76
785.2986062943087  119
785.3061081281319  89
785.3136099619552  104
785.3211117957785  103
785.3286136296017  121
785.336115463425  105
785.3436172972483  88
785.3511191310716  109
785.3586209648948  96
785.3661227987182  119
785.3736246325415  138
785.3811264663647  87
785.388628300188  90
785.3961301340113  137
785.4036319678345  85
785.4111338016578  138
785.4186356354811  100
785.4261374693044  113
785.4336393031276  127
785.4411411369509  125
785.4486429707742  101
785.4561448045974  118
785.4636466384208  85
785.4711484722441  81
785.4786503060673  143
785.4861521398906  62
785.4936539737139  150
785.5011558075372  150
785.5086576413604  78
785.5161594751837  68
785.523661309007  103
785.5311631428302  125
785.5386649766535  133
785.5461668104768  157
785.5536686443  128
785.5611704781234  137
785.5686723119467  115
785.57617414577  122
785.5836759795932  145
785.5911778134165  119
785.5986796472398  111
785.606181481063  118
785.6136833148863  114
785.6211851487096  71
785.6286869825328  144
785.6361888163561  122
785.6436906501795  106
785.6511924840028  157
785.658694317826  98
785.6661961516493  167
785.6736979854726  157
785.6811998192958  151
785.6887016531191  99
785.6962034869424  110
785.7037053207656  144
785.7112071545889  125
785.7187089884122  78
785.7262108222355  68
785.7337126560587  85
785.741214489882  143
785.7487163237054  122
785.7562181575286  156
785.7637199913519  118
785.7712218251752  156
785.7787236589984  95
785.7862254928217  82
785.793727326645  103
785.8012291604683  180
785.8087309942915  66
785.8162328281148  152
785.8237346619381  146
785.8312364957613  110
785.8387383295847  149
785.846240163408  137
785.8537419972312  118
785.8612438310545  179
785.8687456648778  150
785.8762474987011  186
785.8837493325243  167
785.8912511663476  138
785.8987530001709  137
785.9062548339941  173
785.9137566678174  114
785.9212585016408  160
785.928760335464  85
785.9362621692873  192
785.9437640031106  112
785.9512658369339  137
785.9587676707571  144
785.9662695045804  160
785.9737713384037  111
785.9812731722269  176
785.9887750060502  108
785.9962768398735  163
786.0037786736968  147
786.01128050752  168
786.0187823413434  150
786.0262841751667  190
786.0337860089899  153
786.0412878428132  124
786.0487896766365  157
786.0562915104597  145
786.063793344283  128
786.0712951781063  156
786.0787970119295  133
786.0862988457528  189
786.0938006795761  166
786.1013025133994  177
786.1088043472226  164
786.116306181046  126
786.1238080148693  130
786.1313098486925  113
786.1388116825158  105
786.1463135163391  175
786.1538153501624  197
786.1613171839856  87
786.1688190178089  131
786.1763208516322  222
786.1838226854554  185
786.1913245192787  191
786.198826353102  165
786.2063281869252  157
786.2138300207486  189
786.2213318545719  170
786.2288336883952  222
786.2363355222184  162
786.2438373560417  163
786.251339189865  157
786.2588410236882  157
786.2663428575115  225
786.2738446913348  179
786.281346525158  237
786.2888483589813  177
786.2963501928047  230
786.303852026628  200
786.3113538604512  224
786.3188556942745  215
786.3263575280978  238
786.333859361921  181
786.3413611957443  181
786.3488630295676  246
786.3563648633908  218
786.3638666972141  200
786.3713685310374  205
786.3788703648607  272
786.386372198684  213
786.3938740325073  252
786.4013758663306  225
786.4088777001538  230
786.4163795339771  238
786.4238813678004  226
786.4313832016236  189
786.4388850354469  213
786.4463868692702  193
786.4538887030935  292
786.4613905369167  227
786.46889237074  240
786.4763942045633  236
786.4838960383865  205
786.4913978722099  197
786.4988997060332  201
786.5064015398564  209
786.5139033736797  228
786.521405207503  252
786.5289070413263  237
786.5364088751495  182
786.5439107089728  165
786.5514125427961  242
786.5589143766193  237
786.5664162104426  279
786.573918044266  256
786.5814198780892  227
786.5889217119125  256
786.5964235457358  191
786.6039253795591  204
786.6114272133823  215
786.6189290472056  242
786.6264308810289  249
786.6339327148521  245
786.6414345486754  230
786.6489363824987  259
786.6564382163219  242
786.6639400501452  236
786.6714418839686  332
786.6789437177919  291
786.6864455516151  244
786.6939473854384  286
786.7014492192617  231
786.7089510530849  262
786.7164528869082  304
786.7239547207315  252
786.7314565545547  290
786.738958388378  256
786.7464602222013  220
786.7539620560246  293
786.7614638898478  220
786.7689657236712  262
786.7764675574945  340
786.7839693913177  276
786.791471225141  353
786.7989730589643  238
786.8064748927875  312
786.8139767266108  265
786.8214785604341  306
786.8289803942574  240
786.8364822280806  226
786.8439840619039  258
786.8514858957273  276
786.8589877295504  282
786.8664895633738  257
786.8739913971971  276
786.8814932310203  404
786.8889950648436  236
786.8964968986669  293
786.9039987324902  281
786.9115005663134  238
786.9190024001367  282
786.92650423396  270
786.9340060677832  252
786.9415079016065  399
786.9490097354299  270
786.956511569253  319
786.9640134030764  348
786.9715152368997  311
786.979017070723  321
786.9865189045462  341
786.9940207383695  312
787.0015225721928  334
787.009024406016  261
787.0165262398393  275
787.0240280736626  340
787.0315299074858  320
787.0390317413091  269
787.0465335751325  323
787.0540354089558  292
787.061537242779  434
787.0690390766023  295
787.0765409104256  393
787.0840427442488  342
787.0915445780721  246
787.0990464118954  298
787.1065482457186  350
787.1140500795419  300
787.1215519133652  264
787.1290537471886  320
787.1365555810117  305
787.1440574148351  329
787.1515592486584  322
787.1590610824816  358
787.1665629163049  350
787.1740647501282  281
787.1815665839514  390
787.1890684177747  359
787.196570251598  343
787.2040720854213  369
787.2115739192445  385
787.2190757530678  338
787.2265775868912  320
787.2340794207144  282
787.2415812545377  337
787.249083088361  277
787.2565849221842  329
787.2640867560075  297
787.2715885898308  374
787.2790904236541  325
787.2865922574773  360
787.2940940913006  368
787.3015959251239  374
787.3090977589471  312
787.3165995927704  327
787.3241014265938  275
787.331603260417  343
787.3391050942403  325
787.3466069280636  354
787.3541087618869  349
787.3616105957101  349
787.3691124295334  312
787.3766142633567  272
787.3841160971799  298
787.3916179310032  390
787.3991197648265  308
787.4066215986497  344
787.414123432473  319
787.4216252662964  310
787.4291271001197  277
787.4366289339429  370
787.4441307677662  345
787.4516326015895  292
787.4591344354127  361
787.466636269236  384
787.4741381030593  362
787.4816399368825  349
787.4891417707058  266
787.4966436045291  372
787.5041454383525  306
787.5116472721757  390
787.519149105999  323
787.5266509398223  291
787.5341527736455  332
787.5416546074688  346
787.5491564412921  319
787.5566582751153  394
787.5641601089386  278
787.5716619427619  348
787.5791637765852  350
787.5866656104084  458
787.5941674442317  336
787.601669278055  355
787.6091711118783  294
787.6166729457016  407
787.6241747795249  435
787.6316766133481  341
787.6391784471714  360
787.6466802809947  471
787.654182114818  412
787.6616839486412  365
787.6691857824645  417
787.6766876162878  386
787.684189450111  420
787.6916912839343  382
787.6991931177577  307
787.7066949515809  382
787.7141967854042  380
787.7216986192275  381
787.7292004530508  317
787.736702286874  418
787.7442041206973  328
787.7517059545206  434
787.7592077883438  429
787.7667096221671  424
787.7742114559904  431
787.7817132898138  348
787.789215123637  392
787.7967169574603  359
787.8042187912836  404
787.8117206251068  406
787.8192224589301  415
787.8267242927534  360
787.8342261265766  435
787.8417279603999  372
787.8492297942232  376
787.8567316280465  420
787.8642334618697  471
787.871735295693  437
787.8792371295164  412
787.8867389633396  424
787.8942407971629  444
787.9017426309862  474
787.9092444648094  431
787.9167462986327  439
787.924248132456  380
787.9317499662793  436
787.9392518001025  372
787.9467536339258  477
787.9542554677491  439
787.9617573015723  468
787.9692591353956  404
787.976760969219  369
787.9842628030422  397
787.9917646368655  444
787.9992664706888  481
788.0067683045121  457
788.0142701383353  445
788.0217719721586  414
788.0292738059819  384
788.0367756398051  458
788.0442774736284  450
788.0517793074517  423
788.0592811412749  381
788.0667829750982  429
788.0742848089216  399
788.0817866427449  489
788.0892884765681  360
788.0967903103914  482
788.1042921442147  476
788.1117939780379  540
788.1192958118612  409
788.1267976456845  387
788.1342994795077  473
788.141801313331  465
788.1493031471543  470
788.1568049809777  422
788.1643068148009  385
788.1718086486242  305
788.1793104824475  433
788.1868123162707  503
788.194314150094  447
788.2018159839173  517
788.2093178177405  448
788.2168196515638  451
788.2243214853871  471
788.2318233192104  406
788.2393251530336  453
788.246826986857  367
788.2543288206803  407
788.2618306545035  488
788.2693324883268  425
788.2768343221501  420
788.2843361559733  338
788.2918379897966  451
788.2993398236199  397
788.3068416574432  445
788.3143434912664  362
788.3218453250897  399
788.329347158913  447
788.3368489927362  420
788.3443508265595  397
788.3518526603829  358
788.3593544942061  420
788.3668563280294  386
788.3743581618527  464
788.381859995676  409
788.3893618294992  389
788.3968636633225  477
788.4043654971458  439
788.411867330969  358
788.4193691647923  482
788.4268709986156  385
788.4343728324388  448
788.4418746662622  398
788.4493765000855  398
788.4568783339088  391
788.464380167732  472
788.4718820015553  458
788.4793838353786  484
788.4868856692018  460
788.4943875030251  415
788.5018893368484  414
788.5093911706716  355
788.5168930044949  476
788.5243948383182  399
788.5318966721416  423
788.5393985059648  423
788.5469003397881  469
788.5544021736114  350
788.5619040074346  466
788.5694058412579  480
788.5769076750812  420
788.5844095089044  402
788.5919113427277  407
788.599413176551  400
788.6069150103743  536
788.6144168441975  423
788.6219186780208  436
788.6294205118442  403
788.6369223456674  433
788.6444241794907  404
788.651926013314  490
788.6594278471372  434
788.6669296809605  471
788.6744315147838  373
788.6819333486071  517
788.6894351824303  386
788.6969370162536  463
788.7044388500769  425
788.7119406839001  470
788.7194425177235  439
788.7269443515468  482
788.73444618537  485
788.7419480191933  406
788.7494498530166  477
788.7569516868399  442
788.7644535206631  460
788.7719553544864  419
788.7794571883097  408
788.7869590221329  481
788.7944608559562  499
788.8019626897795  533
788.8094645236027  492
788.816966357426  424
788.8244681912494  484
788.8319700250727  449
788.8394718588959  415
788.8469736927192  531
788.8544755265425  430
788.8619773603657  466
788.869479194189  369
788.8769810280123  415
788.8844828618355  413
788.8919846956588  372
788.8994865294821  420
788.9069883633055  432
788.9144901971287  512
788.921992030952  492
788.9294938647753  471
788.9369956985985  444
788.9444975324218  569
788.9519993662451  497
788.9595012000683  489
788.9670030338916  458
788.9745048677149  492
788.9820067015382  485
788.9895085353614  424
788.9970103691847  391
789.0045122030081  425
789.0120140368313  430
789.0195158706546  513
789.0270177044779  454
789.0345195383011  501
789.0420213721244  371
789.0495232059477  468
789.057025039771  376
789.0645268735942  416
789.0720287074175  426
789.0795305412408  471
789.087032375064  358
789.0945342088874  424
789.1020360427107  488
789.1095378765339  460
789.1170397103572  515
789.1245415441805  438
789.1320433780038  414
789.139545211827  457
789.1470470456503  433
789.1545488794736  494
789.1620507132968  414
789.1695525471201  479
789.1770543809434  471
789.1845562147666  450
789.19205804859  465
789.1995598824133  480
789.2070617162366  433
789.2145635500598  467
789.2220653838831  467
789.2295672177064  514
789.2370690515296  469
789.2445708853529  381
789.2520727191762  492
789.2595745529994  500
789.2670763868227  444
789.274578220646  415
789.2820800544694  482
789.2895818882926  483
789.2970837221159  433
789.3045855559392  417
789.3120873897624  537
789.3195892235857  473
789.327091057409  565
789.3345928912322  457
789.3420947250555  423
789.3495965588788  445
789.3570983927021  476
789.3646002265253  378
789.3721020603487  421
789.379603894172  522
789.3871057279952  458
789.3946075618185  451
789.4021093956418  484
789.4096112294651  469
789.4171130632883  442
789.4246148971116  480
789.4321167309349  474
789.4396185647581  482
789.4471203985814  426
789.4546222324047  439
789.462124066228  512
789.4696259000513  423
789.4771277338746  454
789.4846295676979  440
789.4921314015211  467
789.4996332353444  446
789.5071350691677  406
789.5146369029909  400
789.5221387368142  495
789.5296405706375  472
789.5371424044607  439
789.544644238284  421
789.5521460721073  516
789.5596479059307  514
789.5671497397539  529
789.5746515735772  473
789.5821534074005  418
789.5896552412237  440
789.597157075047  481
789.6046589088703  560
789.6121607426935  465
789.6196625765168  511
789.6271644103401  424
789.6346662441634  462
789.6421680779866  543
789.64966991181  486
789.6571717456333  465
789.6646735794565  413
789.6721754132798  518
789.6796772471031  546
789.6871790809263  447
789.6946809147496  511
789.7021827485729  514
789.7096845823962  506
789.7171864162194  520
789.7246882500427  508
789.732190083866  486
789.7396919176892  528
789.7471937515126  473
789.7546955853359  497
789.7621974191591  508
789.7696992529824  482
789.7772010868057  440
789.784702920629  489
789.7922047544522  532
789.7997065882755  499
789.8072084220988  489
789.814710255922  456
789.8222120897453  452
789.8297139235686  489
789.8372157573918  404
789.8447175912152  515
789.8522194250385  447
789.8597212588618  470
789.867223092685  441
789.8747249265083  419
789.8822267603316  474
789.8897285941548  406
789.8972304279781  503
789.9047322618014  451
789.9122340956246  479
789.9197359294479  487
789.9272377632713  532
789.9347395970946  506
789.9422414309178  466
789.9497432647411  556
789.9572450985644  505
789.9647469323876  487
789.9722487662109  498
789.9797506000342  489
789.9872524338574  461
789.9947542676807  585
790.002256101504  486
790.0097579353273  469
790.0172597691505  503
790.0247616029739  526
790.0322634367972  512
790.0397652706204  502
790.0472671044437  479
790.054768938267  522
790.0622707720902  465
790.0697726059135  457
790.0772744397368  551
790.0847762735601  504
790.0922781073833  506
790.0997799412066  407
790.10728177503  550
790.1147836088531  462
790.1222854426765  403
790.1297872764998  359
790.137289110323  514
790.1447909441463  426
790.1522927779696  509
790.1597946117929  490
790.1672964456161  517
790.1747982794394  548
790.1823001132627  418
790.1898019470859  500
790.1973037809092  532
790.2048056147325  444
790.2123074485557  467
790.2198092823791  489
790.2273111162024  477
790.2348129500257  547
790.2423147838489  504
790.2498166176722  515
790.2573184514955  565
790.2648202853187  426
790.272322119142  446
790.2798239529653  513
790.2873257867885  436
790.2948276206118  399
790.3023294544352  490
790.3098312882585  488
790.3173331220817  545
790.324834955905  462
790.3323367897283  476
790.3398386235515  383
790.3473404573748  449
790.3548422911981  465
790.3623441250213  509
790.3698459588446  564
790.3773477926679  488
790.3848496264912  498
790.3923514603144  536
790.3998532941378  482
790.4073551279611  522
790.4148569617843  398
790.4223587956076  525
790.4298606294309  439
790.4373624632541  424
790.4448642970774  497
790.4523661309007  465
790.459867964724  435
790.4673697985472  447
790.4748716323705  505
790.4823734661938  486
790.489875300017  537
790.4973771338404  437
790.5048789676637  508
790.5123808014869  465
790.5198826353102  469
790.5273844691335  418
790.5348863029568  405
790.54238813678  465
790.5498899706033  424
790.5573918044266  471
790.5648936382498  478
790.5723954720731  450
790.5798973058965  513
790.5873991397197  476
790.594900973543  476
790.6024028073663  532
790.6099046411896  479
790.6174064750128  519
790.6249083088361  495
790.6324101426594  600
790.6399119764826  516
790.6474138103059  542
790.6549156441292  472
790.6624174779524  558
790.6699193117757  517
790.677421145599  499
790.6849229794224  573
790.6924248132456  544
790.6999266470689  489
790.7074284808922  497
790.7149303147154  480
790.7224321485387  490
790.729933982362  500
790.7374358161852  549
790.7449376500085  442
790.7524394838318  479
790.7599413176551  510
790.7674431514783  465
790.7749449853017  434
790.782446819125  515
790.7899486529482  524
790.7974504867715  508
790.8049523205948  484
790.812454154418  538
790.8199559882413  563
790.8274578220646  530
790.8349596558879  572
790.8424614897111  505
790.8499633235344  418
790.8574651573578  499
790.864966991181  625
790.8724688250043  501
790.8799706588276  556
790.8874724926508  531
790.8949743264741  436
790.9024761602974  488
790.9099779941207  572
790.9174798279439  490
790.9249816617672  612
790.9324834955905  467
790.9399853294137  537
790.947487163237  568
790.9549889970604  551
790.9624908308836  476
790.9699926647069  592
790.9774944985302  569
790.9849963323535  481
790.9924981661767  536
791.0  498
791.0075018338233  607
791.0150036676465  543
791.0225055014698  674
791.0300073352931  561
791.0375091691164  579
791.0450110029396  580
791.052512836763  562
791.0600146705863  531
791.0675165044095  548
791.0750183382328  569
791.0825201720561  588
791.0900220058793  530
791.0975238397026  549
791.1050256735259  569
791.1125275073492  532
791.1200293411724  467
791.1275311749957  623
791.135033008819  606
791.1425348426422  575
791.1500366764656  593
791.1575385102889  626
791.1650403441121  529
791.1725421779354  586
791.1800440117587  579
791.187545845582  614
791.1950476794052  593
791.2025495132285  579
791.2100513470518  472
791.217553180875  630
791.2250550146983  640
791.2325568485217  585
791.2400586823449  513
791.2475605161682  538
791.2550623499915  566
791.2625641838148  516
791.270066017638  588
791.2775678514613  576
791.2850696852846  590
791.2925715191078  593
791.3000733529311  511
791.3075751867544  600
791.3150770205776  601
791.322578854401  581
791.3300806882243  606
791.3375825220476  576
791.3450843558708  647
791.3525861896941  615
791.3600880235174  519
791.3675898573406  548
791.3750916911639  612
791.3825935249872  659
791.3900953588104  624
791.3975971926337  592
791.405099026457  672
791.4126008602803  663
791.4201026941035  702
791.4276045279269  633
791.4351063617502  645
791.4426081955734  644
791.4501100293967  647
791.45761186322  604
791.4651136970432  628
791.4726155308665  659
791.4801173646898  730
791.4876191985131  620
791.4951210323363  622
791.5026228661596  669
791.510124699983  679
791.5176265338062  671
791.5251283676295  598
791.5326302014528  692
791.540132035276  678
791.5476338690993  726
791.5551357029226  602
791.5626375367459  761
791.5701393705691  638
791.5776412043924  638
791.5851430382157  707
791.5926448720389  691
791.6001467058622  760
791.6076485396856  690
791.6151503735088  754
791.6226522073321  665
791.6301540411554  738
791.6376558749787  713
791.6451577088019  727
791.6526595426252  702
791.6601613764485  660
791.6676632102717  841
791.675165044095  584
791.6826668779183  705
791.6901687117415  694
791.6976705455648  675
791.7051723793882  800
791.7126742132115  689
791.7201760470347  708
791.727677880858  762
791.7351797146813  706
791.7426815485045  734
791.7501833823278  711
791.7576852161511  840
791.7651870499743  787
791.7726888837976  769
791.7801907176209  708
791.7876925514443  647
791.7951943852675  716
791.8026962190908  771
791.8101980529141  799
791.8176998867373  733
791.8252017205606  835
791.8327035543839  739
791.8402053882071  691
791.8477072220304  777
791.8552090558537  676
791.862710889677  844
791.8702127235002  756
791.8777145573235  791
791.8852163911469  778
791.89271822497  818
791.9002200587934  661
791.9077218926167  759
791.9152237264399  696
791.9227255602632  738
791.9302273940865  789
791.9377292279098  862
791.945231061733  713
791.9527328955563  689
791.9602347293796  746
791.9677365632028  717
791.9752383970261  834
791.9827402308495  706
791.9902420646727  882
791.997743898496  774
792.0052457323193  775
792.0127475661426  864
792.0202493999658  772
792.0277512337891  825
792.0352530676124  809
792.0427549014356  672
792.0502567352589  818
792.0577585690822  787
792.0652604029054  832
792.0727622367287  849
792.0802640705521  775
792.0877659043754  735
792.0952677381986  794
792.1027695720219  920
792.1102714058452  725
792.1177732396684  832
792.1252750734917  826
792.132776907315  792
792.1402787411382  793
792.1477805749615  916
792.1552824087848  864
792.1627842426082  791
792.1702860764314  919
792.1777879102547  933
792.185289744078  838
792.1927915779012  928
792.2002934117245  912
792.2077952455478  842
792.215297079371  868
792.2227989131943  878
792.2303007470176  913
792.2378025808409  910
792.2453044146641  895
792.2528062484874  879
792.2603080823108  932
792.267809916134  871
792.2753117499573  903
792.2828135837806  1075
792.2903154176038  781
792.2978172514271  953
792.3053190852504  973
792.3128209190737  879
792.3203227528969  878
792.3278245867202  1022
792.3353264205435  854
792.3428282543667  946
792.35033008819  893
792.3578319220134  949
792.3653337558366  1017
792.3728355896599  966
792.3803374234832  882
792.3878392573065  964
792.3953410911297  1059
792.402842924953  1015
792.4103447587763  954
792.4178465925995  1005
792.4253484264228  1029
792.4328502602461  1066
792.4403520940693  1054
792.4478539278927  1129
792.455355761716  1046
792.4628575955393  1094
792.4703594293625  1013
792.4778612631858  994
792.4853630970091  1056
792.4928649308323  1072
792.5003667646556  1081
792.5078685984789  1185
792.5153704323021  1156
792.5228722661254  1135
792.5303740999487  1033
792.537875933772  1186
792.5453777675953  1071
792.5528796014186  1066
792.5603814352419  1113
792.5678832690651  1132
792.5753851028884  1111
792.5828869367117  1052
792.5903887705349  1140
792.5978906043582  1171
792.6053924381815  1057
792.6128942720048  1139
792.620396105828  1121
792.6278979396513  1109
792.6353997734747  1117
792.6429016072979  1014
792.6504034411212  1253
792.6579052749445  1155
792.6654071087678  1086
792.672908942591  1292
792.6804107764143  1173
792.6879126102376  1167
792.6954144440608  1285
792.7029162778841  1162
792.7104181117074  1159
792.7179199455306  1256
792.725421779354  1215
792.7329236131773  1208
792.7404254470006  1250
792.7479272808238  1241
792.7554291146471  1130
792.7629309484704  1226
792.7704327822936  1261
792.7779346161169  1177
792.7854364499402  1404
792.7929382837634  1345
792.8004401175867  1109
792.80794195141  1158
792.8154437852334  1248
792.8229456190566  1350
792.8304474528799  1212
792.8379492867032  1404
792.8454511205264  1274
792.8529529543497  1183
792.860454788173  1293
792.8679566219962  1260
792.8754584558195  1385
792.8829602896428  1359
792.8904621234661  1188
792.8979639572893  1166
792.9054657911126  1224
792.912967624936  1334
792.9204694587592  1341
792.9279712925825  1462
792.9354731264058  1336
792.942974960229  1300
792.9504767940523  1389
792.9579786278756  1351
792.9654804616989  1404
792.9729822955221  1314
792.9804841293454  1401
792.9879859631687  1337
792.9954877969919  1274
793.0029896308153  1310
793.0104914646386  1180
793.0179932984618  1233
793.0254951322851  1351
793.0329969661084  1312
793.0404987999317  1290
793.0480006337549  1299
793.0555024675782  1316
793.0630043014015  1341
793.0705061352247  1285
793.078007969048  1386
793.0855098028713  1248
793.0930116366945  1489
793.1005134705179  1345
793.1080153043412  1439
793.1155171381645  1385
793.1230189719877  1311
793.130520805811  1299
793.1380226396343  1388
793.1455244734575  1421
793.1530263072808  1221
793.1605281411041  1398
793.1680299749273  1414
793.1755318087506  1479
793.183033642574  1349
793.1905354763973  1375
793.1980373102205  1287
793.2055391440438  1426
793.2130409778671  1329
793.2205428116903  1375
793.2280446455136  1476
793.2355464793369  1392
793.2430483131601  1306
793.2505501469834  1352
793.2580519808067  1420
793.26555381463  1331
793.2730556484532  1445
793.2805574822765  1427
793.2880593160999  1334
793.2955611499231  1458
793.3030629837464  1407
793.3105648175697  1377
793.3180666513929  1482
793.3255684852162  1331
793.3330703190395  1380
793.3405721528628  1477
793.348073986686  1439
793.3555758205093  1299
793.3630776543326  1494
793.3705794881558  1461
793.3780813219792  1365
793.3855831558025  1310
793.3930849896257  1395
793.400586823449  1464
793.4080886572723  1478
793.4155904910956  1453
793.4230923249188  1457
793.4305941587421  1353
793.4380959925654  1463
793.4455978263886  1488
793.4530996602119  1433
793.4606014940352  1453
793.4681033278584  1325
793.4756051616818  1416
793.4831069955051  1551
793.4906088293284  1258
793.4981106631516  1357
793.5056124969749  1350
793.5131143307982  1335
793.5206161646214  1438
793.5281179984447  1466
793.535619832268  1277
793.5431216660912  1495
793.5506234999145  1381
793.5581253337378  1402
793.5656271675612  1542
793.5731290013844  1440
793.5806308352077  1326
793.588132669031  1454
793.5956345028542  1359
793.6031363366775  1450
793.6106381705008  1425
793.618140004324  1285
793.6256418381473  1518
793.6331436719706  1429
793.6406455057939  1361
793.6481473396171  1352
793.6556491734405  1544
793.6631510072638  1497
793.670652841087  1367
793.6781546749103  1426
793.6856565087336  1422
793.6931583425568  1495
793.7006601763801  1528
793.7081620102034  1408
793.7156638440267  1456
793.7231656778499  1407
793.7306675116732  1369
793.7381693454965  1568
793.7456711793197  1443
793.753173013143  1439
793.7606748469664  1430
793.7681766807896  1485
793.7756785146129  1478
793.7831803484362  1410
793.7906821822595  1519
793.7981840160827  1479
793.805685849906  1425
793.8131876837293  1482
793.8206895175525  1487
793.8281913513758  1585
793.8356931851991  1365
793.8431950190223  1425
793.8506968528457  1401
793.858198686669  1370
793.8657005204923  1533
793.8732023543155  1468
793.8807041881388  1452
793.8882060219621  1592
793.8957078557853  1504
793.9032096896086  1351
793.9107115234319  1544
793.9182133572551  1446
793.9257151910784  1562
793.9332170249018  1540
793.9407188587251  1340
793.9482206925483  1443
793.9557225263716  1462
793.9632243601949  1501
793.9707261940181  1520
793.9782280278414  1463
793.9857298616647  1459
793.9932316954879  1521
794.0007335293112  1448
794.0082353631345  1406
794.0157371969578  1465
794.023239030781  1346
794.0307408646044  1508
794.0382426984277  1475
794.0457445322509  1471
794.0532463660742  1607
794.0607481998975  1472
794.0682500337207  1489
794.075751867544  1512
794.0832537013673  1604
794.0907555351906  1538
794.0982573690138  1345
794.1057592028371  1470
794.1132610366604  1492
794.1207628704836  1459
794.128264704307  1493
794.1357665381303  1588
794.1432683719535  1446
794.1507702057768  1490
794.1582720396001  1349
794.1657738734234  1497
794.1732757072466  1548
794.1807775410699  1468
794.1882793748932  1532
794.1957812087164  1449
794.2032830425397  1534
794.210784876363  1431
794.2182867101862  1415
794.2257885440096  1578
794.2332903778329  1541
794.2407922116562  1486
794.2482940454794  1517
794.2557958793027  1575
794.263297713126  1504
794.2707995469492  1470
794.2783013807725  1657
794.2858032145958  1395
794.2933050484191  1423
794.3008068822423  1589
794.3083087160657  1402
794.315810549889  1408
794.3233123837122  1508
794.3308142175355  1386
794.3383160513588  1497
794.345817885182  1475
794.3533197190053  1501
794.3608215528286  1423
794.3683233866519  1447
794.3758252204751  1551
794.3833270542984  1432
794.3908288881217  1471
794.398330721945  1521
794.4058325557683  1386
794.4133343895916  1384
794.4208362234148  1446
794.4283380572381  1520
794.4358398910614  1430
794.4433417248847  1426
794.4508435587079  1534
794.4583453925312  1418
794.4658472263545  1576
794.4733490601777  1429
794.480850894001  1463
794.4883527278243  1540
794.4958545616475  1476
794.5033563954709  1460
794.5108582292942  1493
794.5183600631175  1622
794.5258618969407  1542
794.533363730764  1492
794.5408655645873  1492
794.5483673984105  1454
794.5558692322338  1493
794.5633710660571  1557
794.5708728998803  1422
794.5783747337036  1508
794.585876567527  1426
794.5933784013503  1438
794.6008802351735  1429
794.6083820689968  1425
794.6158839028201  1489
794.6233857366433  1512
794.6308875704666  1443
794.6383894042899  1506
794.6458912381131  1508
794.6533930719364  1376
794.6608949057597  1388
794.668396739583  1471
794.6758985734062  1498
794.6834004072296  1445
794.6909022410529  1416
794.6984040748761  1485
794.7059059086994  1379
794.7134077425227  1478
794.7209095763459  1399
794.7284114101692  1535
794.7359132439925  1486
794.7434150778158  1480
794.750916911639  1512
794.7584187454623  1406
794.7659205792856  1536
794.7734224131088  1463
794.7809242469322  1422
794.7884260807555  1512
794.7959279145787  1477
794.803429748402  1538
794.8109315822253  1300
794.8184334160486  1434
794.8259352498718  1440
794.8334370836951  1330
794.8409389175184  1384
794.8484407513416  1464
794.8559425851649  1363
794.8634444189883  1427
794.8709462528114  1388
794.8784480866348  1399
794.8859499204581  1494
794.8934517542814  1534
794.9009535881046  1408
794.9084554219279  1411
794.9159572557512  1456
794.9234590895744  1360
794.9309609233977  1558
794.938462757221  1442
794.9459645910442  1423
794.9534664248675  1535
794.9609682586909  1372
794.9684700925142  1601
794.9759719263374  1366
794.9834737601607  1424
794.990975593984  1521
794.9984774278072  1546
795.0059792616305  1610
795.0134810954538  1447
795.020982929277  1575
795.0284847631003  1641
795.0359865969236  1479
795.043488430747  1489
795.0509902645701  1512
795.0584920983935  1436
795.0659939322168  1557
795.07349576604  1582
795.0809975998633  1488
795.0884994336866  1678
795.0960012675098  1335
795.1035031013331  1438
795.1110049351564  1437
795.1185067689797  1634
795.1260086028029  1565
795.1335104366262  1496
795.1410122704496  1658
795.1485141042727  1511
795.1560159380961  1469
795.1635177719194  1456
795.1710196057426  1470
795.1785214395659  1555
795.1860232733892  1473
795.1935251072125  1425
795.2010269410357  1539
795.208528774859  1480
795.2160306086823  1468
795.2235324425055  1548
795.2310342763288  1444
795.2385361101522  1521
795.2460379439754  1589
795.2535397777987  1412
795.261041611622  1455
795.2685434454453  1486
795.2760452792685  1486
795.2835471130918  1369
795.2910489469151  1546
795.2985507807383  1444
795.3060526145616  1503
795.3135544483849  1585
795.3210562822081  1466
795.3285581160314  1554
795.3360599498548  1506
795.3435617836781  1475
795.3510636175013  1395
795.3585654513246  1581
795.3660672851479  1528
795.3735691189711  1550
795.3810709527944  1617
795.3885727866177  1450
795.3960746204409  1423
795.4035764542642  1432
795.4110782880875  1572
795.4185801219108  1592
795.426081955734  1583
795.4335837895574  1510
795.4410856233807  1500
795.4485874572039  1580
795.4560892910272  1593
795.4635911248505  1377
795.4710929586737  1440
795.478594792497  1536
795.4860966263203  1512
795.4935984601436  1710
795.5011002939668  1569
795.5086021277901  1686
795.5161039616135  1602
795.5236057954367  1680
795.53110762926  1567
795.5386094630833  1553
795.5461112969065  1584
795.5536131307298  1746
795.5611149645531  1662
795.5686167983764  1688
795.5761186321996  1465
795.5836204660229  1589
795.5911222998462  1925
795.5986241336694  1601
795.6061259674927  1702
795.613627801316  1660
795.6211296351393  1794
795.6286314689626  1719
795.6361333027859  1636
795.6436351366092  1543
795.6511369704324  1663
795.6586388042557  1709
795.666140638079  1737
795.6736424719022  1597
795.6811443057255  1682
795.6886461395488  1769
795.696147973372  1603
795.7036498071953  1802
795.7111516410187  1682
795.718653474842  1770
795.7261553086652  1591
795.7336571424885  1661
795.7411589763118  1770
795.748660810135  1762
795.7561626439583  1624
795.7636644777816  1686
795.7711663116048  1648
795.7786681454281  1740
795.7861699792514  1875
795.7936718130748  2014
795.801173646898  1811
795.8086754807213  1817
795.8161773145446  1687
795.8236791483678  1738
795.8311809821911  1817
795.8386828160144  1735
795.8461846498376  1799
795.8536864836609  1838
795.8611883174842  1988
795.8686901513075  1818
795.8761919851307  1884
795.883693818954  2083
795.8911956527774  1859
795.8986974866006  1932
795.9061993204239  1922
795.9137011542472  1845
795.9212029880705  1848
795.9287048218937  1828
795.936206655717  1966
795.9437084895403  1972
795.9512103233635  1962
795.9587121571868  1924
795.9662139910101  1907
795.9737158248333  1865
795.9812176586566  1992
795.98871949248  1888
795.9962213263032  2021
796.0037231601265  1973
796.0112249939498  1824
796.0187268277731  1880
796.0262286615963  2023
796.0337304954196  1901
796.0412323292429  1905
796.0487341630661  2082
796.0562359968894  1980
796.0637378307127  1967
796.071239664536  2057
796.0787414983592  2140
796.0862433321826  2128
796.0937451660059  2021
796.1012469998291  1988
796.1087488336524  1953
796.1162506674757  1848
796.1237525012989  2061
796.1312543351222  2093
796.1387561689455  2070
796.1462580027688  2017
796.153759836592  2105
796.1612616704153  1945
796.1687635042387  1991
796.1762653380619  2186
796.1837671718852  2076
796.1912690057085  1902
796.1987708395317  2013
796.206272673355  2145
796.2137745071783  2134
796.2212763410016  2125
796.2287781748248  2078
796.2362800086481  2130
796.2437818424714  1902
796.2512836762946  2030
796.258785510118  2039
796.2662873439413  2202
796.2737891777645  2166
796.2812910115878  2051
796.2887928454111  2083
796.2962946792344  2138
796.3037965130576  2163
796.3112983468809  2097
796.3188001807042  2294
796.3263020145274  2003
796.3338038483507  2180
796.341305682174  2119
796.3488075159972  2195
796.3563093498205  1989
796.3638111836439  2345
796.3713130174672  2086
796.3788148512904  2265
796.3863166851137  2088
796.393818518937  2238
796.4013203527602  2253
796.4088221865835  2137
796.4163240204068  2196
796.42382585423  2268
796.4313276880533  2297
796.4388295218766  2205
796.4463313557  2159
796.4538331895232  2161
796.4613350233465  2398
796.4688368571698  2133
796.476338690993  2098
796.4838405248163  2193
796.4913423586396  2396
796.4988441924628  2108
796.5063460262861  2152
796.5138478601094  2303
796.5213496939327  2207
796.5288515277559  2293
796.5363533615792  2103
796.5438551954026  2184
796.5513570292258  2116
796.5588588630491  2256
796.5663606968724  2322
796.5738625306956  2314
796.5813643645189  2232
796.5888661983422  2369
796.5963680321655  2216
796.6038698659887  2346
796.611371699812  2393
796.6188735336353  2205
796.6263753674585  2206
796.6338772012818  2381
796.6413790351052  2422
796.6488808689284  2462
796.6563827027517  2146
796.663884536575  2301
796.6713863703983  2264
796.6788882042215  2306
796.6863900380448  2336
796.6938918718681  2399
796.7013937056913  2223
796.7088955395146  2257
796.7163973733379  2351
796.7238992071611  2360
796.7314010409845  2319
796.7389028748078  2249
796.7464047086311  2314
796.7539065424543  2321
796.7614083762776  2199
796.7689102101009  2245
796.7764120439241  2292
796.7839138777474  2397
796.7914157115707  2201
796.7989175453939  2435
796.8064193792172  2314
796.8139212130405  2305
796.8214230468639  2348
796.828924880687  2248
796.8364267145104  2489
796.8439285483337  2294
796.8514303821569  2309
796.8589322159802  2447
796.8664340498035  2317
796.8739358836267  2423
796.88143771745  2376
796.8889395512733  2141
796.8964413850966  2360
796.9039432189198  2298
796.9114450527431  2377
796.9189468865665  2387
796.9264487203897  2448
796.933950554213  2305
796.9414523880363  2380
796.9489542218595  2423
796.9564560556828  2334
796.9639578895061  2259
796.9714597233294  2307
796.9789615571526  2255
796.9864633909759  2444
796.9939652247992  2394
797.0014670586224  2480
797.0089688924458  2372
797.0164707262691  2376
797.0239725600923  2445
797.0314743939156  2377
797.0389762277389  2431
797.0464780615622  2314
797.0539798953854  2550
797.0614817292087  2409
797.068983563032  2479
797.0764853968552  2428
797.0839872306785  2397
797.0914890645018  2433
797.098990898325  2399
797.1064927321484  2430
797.1139945659717  2559
797.121496399795  2500
797.1289982336182  2548
797.1365000674415  2477
797.1440019012648  2417
797.151503735088  2357
797.1590055689113  2383
797.1665074027346  2515
797.1740092365578  2500
797.1815110703811  2300
797.1890129042044  2551
797.1965147380278  2469
797.204016571851  2532
797.2115184056743  2532
797.2190202394976  2694
797.2265220733208  2620
797.2340239071441  2529
797.2415257409674  2467
797.2490275747906  2586
797.2565294086139  2499
797.2640312424372  2504
797.2715330762605  2387
797.2790349100837  2645
797.286536743907  2499
797.2940385777304  2644
797.3015404115536  2316
797.3090422453769  2544
797.3165440792002  2496
797.3240459130234  2508
797.3315477468467  2517
797.33904958067  2551
797.3465514144933  2498
797.3540532483165  2463
797.3615550821398  2460
797.3690569159631  2557
797.3765587497863  2489
797.3840605836097  2568
797.391562417433  2330
797.3990642512562  2489
797.4065660850795  2544
797.4140679189028  2472
797.4215697527261  2430
797.4290715865493  2560
797.4365734203726  2536
797.4440752541959  2617
797.4515770880191  2538
797.4590789218424  2681
797.4665807556657  2308
797.474082589489  2646
797.4815844233123  2632
797.4890862571356  2470
797.4965880909589  2511
797.5040899247821  2357
797.5115917586054  2656
797.5190935924287  2535
797.5265954262519  2425
797.5340972600752  2462
797.5415990938985  2430
797.5491009277217  2366
797.556602761545  2582
797.5641045953683  2482
797.5716064291917  2494
797.5791082630149  2330
797.5866100968382  2378
797.5941119306615  2521
797.6016137644847  2467
797.609115598308  2354
797.6166174321313  2413
797.6241192659545  2541
797.6316210997778  2275
797.6391229336011  2495
797.6466247674244  2465
797.6541266012476  2526
797.661628435071  2380
797.6691302688943  2317
797.6766321027175  2638
797.6841339365408  2485
797.6916357703641  2471
797.6991376041874  2509
797.7066394380106  2407
797.7141412718339  2381
797.7216431056572  2520
797.7291449394804  2499
797.7366467733037  2553
797.744148607127  2387
797.7516504409502  2433
797.7591522747736  2456
797.7666541085969  2410
797.7741559424202  2448
797.7816577762434  2467
797.7891596100667  2504
797.79666144389  2297
797.8041632777132  2323
797.8116651115365  2449
797.8191669453598  2534
797.826668779183  2410
797.8341706130063  2357
797.8416724468296  2297
797.849174280653  2479
797.8566761144762  2387
797.8641779482995  2454
797.8716797821228  2453
797.879181615946  2477
797.8866834497693  2370
797.8941852835926  2289
797.9016871174158  2359
797.9091889512391  2302
797.9166907850624  2438
797.9241926188857  2311
797.9316944527089  2318
797.9391962865323  2391
797.9466981203556  2269
797.9541999541788  2354
797.9617017880021  2265
797.9692036218254  2271
797.9767054556486  2242
797.9842072894719  2255
797.9917091232952  2329
797.9992109571185  2402
798.0067127909417  2340
798.014214624765  2216
798.0217164585883  2312
798.0292182924115  2343
798.0367201262349  2318
798.0442219600582  2224
798.0517237938814  2256
798.0592256277047  2370
798.066727461528  2147
798.0742292953513  2316
798.0817311291745  2265
798.0892329629978  2396
798.0967347968211  2313
798.1042366306443  2400
798.1117384644676  2376
798.119240298291  2250
798.1267421321141  2255
798.1342439659375  2186
798.1417457997608  2141
798.1492476335841  2277
798.1567494674073  2344
798.1642513012306  2194
798.1717531350539  2356
798.1792549688771  2212
798.1867568027004  2217
798.1942586365237  2244
798.2017604703469  2090
798.2092623041702  2256
798.2167641379936  2252
798.2242659718169  2189
798.2317678056401  2127
798.2392696394634  2176
798.2467714732867  2301
798.2542733071099  2221
798.2617751409332  2088
798.2692769747565  2152
798.2767788085797  2177
798.284280642403  2237
798.2917824762263  2180
798.2992843100496  2288
798.3067861438728  2128
798.3142879776962  2098
798.3217898115195  2209
798.3292916453427  2001
798.336793479166  2148
798.3442953129893  2124
798.3517971468125  2073
798.3592989806358  2225
798.3668008144591  2117
798.3743026482824  2019
798.3818044821056  2114
798.3893063159289  2188
798.3968081497522  2178
798.4043099835754  2023
798.4118118173988  2055
798.4193136512221  2082
798.4268154850453  2048
798.4343173188686  2078
798.4418191526919  2030
798.4493209865152  2057
798.4568228203384  2034
798.4643246541617  2005
798.471826487985  1887
798.4793283218082  2010
798.4868301556315  2074
798.4943319894548  2065
798.501833823278  1930
798.5093356571014  1999
798.5168374909247  2038
798.524339324748  1847
798.5318411585712  1850
798.5393429923945  1943
798.5468448262178  1928
798.554346660041  1891
798.5618484938643  1945
798.5693503276876  1999
798.5768521615108  1953
798.5843539953341  1994
798.5918558291575  2038
798.5993576629808  1993
798.606859496804  1944
798.6143613306273  1916
798.6218631644506  2024
798.6293649982738  1921
798.6368668320971  2019
798.6443686659204  1836
798.6518704997436  1921
798.6593723335669  1888
798.6668741673902  1928
798.6743760012135  2009
798.6818778350367  1860
798.68937966886  1861
798.6968815026834  1862
798.7043833365066  1791
798.7118851703299  1732
798.7193870041532  1853
798.7268888379764  1825
798.7343906717997  1719
798.741892505623  1824
798.7493943394463  1769
798.7568961732695  1743
798.7643980070928  1849
798.7718998409161  1823
798.7794016747393  1656
798.7869035085627  1717
798.794405342386  1814
798.8019071762092  1854
798.8094090100325  1744
798.8169108438558  1615
798.8244126776791  1797
798.8319145115023  1806
798.8394163453256  1657
798.8469181791489  1699
798.8544200129721  1709
798.8619218467954  1720
798.8694236806188  1698
798.876925514442  1672
798.8844273482653  1664
798.8919291820886  1604
798.8994310159119  1763
798.9069328497351  1545
798.9144346835584  1562
798.9219365173817  1584
798.9294383512049  1608
798.9369401850282  1557
798.9444420188515  1542
798.9519438526747  1693
798.959445686498  1554
798.9669475203214  1594
798.9744493541447  1677
798.9819511879679  1644
798.9894530217912  1592
798.9969548556145  1684
799.0044566894377  1800
799.011958523261  1554
799.0194603570843  1619
799.0269621909075  1642
799.0344640247308  1589
799.0419658585541  1572
799.0494676923774  1604
799.0569695262006  1628
799.064471360024  1637
799.0719731938473  1418
799.0794750276705  1653
799.0869768614938  1568
799.0944786953171  1607
799.1019805291403  1605
799.1094823629636  1395
799.1169841967869  1432
799.1244860306102  1486
799.1319878644334  1518
799.1394896982567  1456
799.14699153208  1514
799.1544933659032  1359
799.1619951997266  1530
799.1694970335499  1390
799.1769988673732  1494
799.1845007011964  1410
799.1920025350197  1420
799.199504368843  1592
799.2070062026662  1506
799.2145080364895  1506
799.2220098703128  1417
799.229511704136  1495
799.2370135379593  1498
799.2445153717827  1341
799.2520172056059  1422
799.2595190394292  1383
799.2670208732525  1432
799.2745227070758  1289
799.282024540899  1466
799.2895263747223  1391
799.2970282085456  1415
799.3045300423688  1129
799.3120318761921  1457
799.3195337100154  1301
799.3270355438387  1286
799.334537377662  1295
799.3420392114853  1302
799.3495410453086  1326
799.3570428791318  1338
799.3645447129551  1311
799.3720465467784  1253
799.3795483806016  1181
799.3870502144249  1257
799.3945520482482  1208
799.4020538820714  1279
799.4095557158947  1235
799.417057549718  1150
799.4245593835414  1281
799.4320612173645  1088
799.4395630511879  1230
799.4470648850112  1230
799.4545667188344  1205
799.4620685526577  1161
799.469570386481  1149
799.4770722203043  1214
799.4845740541275  1162
799.4920758879508  1178
799.4995777217741  1059
799.5070795555973  1166
799.5145813894206  1194
799.522083223244  1167
799.5295850570672  1154
799.5370868908905  1153
799.5445887247138  1175
799.5520905585371  1130
799.5595923923603  1173
799.5670942261836  1140
799.5745960600069  1206
799.5820978938301  1104
799.5895997276534  1100
799.5971015614767  1185
799.6046033952999  1161
799.6121052291232  1072
799.6196070629466  1085
799.6271088967699  1090
799.6346107305931  1032
799.6421125644164  1081
799.6496143982397  991
799.6571162320629  1054
799.6646180658862  910
799.6721198997095  1048
799.6796217335327  954
799.687123567356  984
799.6946254011793  959
799.7021272350026  1036
799.7096290688258  1046
799.7171309026492  961
799.7246327364725  1014
799.7321345702957  974
799.739636404119  1015
799.7471382379423  1004
799.7546400717655  922
799.7621419055888  860
799.7696437394121  984
799.7771455732354  911
799.7846474070586  929
799.7921492408819  986
799.7996510747053  900
799.8071529085285  910
799.8146547423518  1010
799.8221565761751  852
799.8296584099983  894
799.8371602438216  1015
799.8446620776449  922
799.8521639114682  823
799.8596657452914  829
799.8671675791147  839
799.874669412938  909
799.8821712467612  885
799.8896730805845  932
799.8971749144079  774
799.904676748231  743
799.9121785820544  822
799.9196804158777  825
799.927182249701  780
799.9346840835242  815
799.9421859173475  787
799.9496877511708  819
799.957189584994  782
799.9646914188173  768
799.9721932526406  725
799.9796950864638  679
799.9871969202871  849
799.9946987541105  703
800.0022005879338  853
800.009702421757  776
800.0172042555803  696
800.0247060894036  801
800.0322079232268  759
800.0397097570501  788
800.0472115908734  775
800.0547134246966  724
800.0622152585199  719
800.0697170923432  736
800.0772189261666  662
800.0847207599898  824
800.0922225938131  664
800.0997244276364  687
800.1072262614596  799
800.1147280952829  647
800.1222299291062  678
800.1297317629294  786
800.1372335967527  695
800.144735430576  674
800.1522372643993  639
800.1597390982225  685
800.1672409320458  633
800.1747427658692  640
800.1822445996924  718
800.1897464335157  702
800.197248267339  653
800.2047501011622  652
800.2122519349855  682
800.2197537688088  645
800.2272556026321  655
800.2347574364553  640
800.2422592702786  739
800.2497611041019  681
800.2572629379251  563
800.2647647717484  581
800.2722666055718  669
800.279768439395  544
800.2872702732183  553
800.2947721070416  549
800.3022739408649  610
800.3097757746881  661
800.3172776085114  617
800.3247794423347  594
800.3322812761579  634
800.3397831099812  521
800.3472849438045  543
800.3547867776277  525
800.362288611451  496
800.3697904452744  556
800.3772922790977  572
800.3847941129209  516
800.3922959467442  589
800.3997977805675  551
800.4072996143907  633
800.414801448214  567
800.4223032820373  548
800.4298051158605  525
800.4373069496838  547
800.4448087835071  527
800.4523106173305  481
800.4598124511537  565
800.467314284977  515
800.4748161188003  524
800.4823179526235  590
800.4898197864468  544
800.4973216202701  531
800.5048234540933  559
800.5123252879166  508
800.5198271217399  624
800.5273289555632  470
800.5348307893864  431
800.5423326232097  520
800.5498344570331  449
800.5573362908563  446
800.5648381246796  577
800.5723399585029  518
800.5798417923261  424
800.5873436261494  488
800.5948454599727  504
800.602347293796  463
800.6098491276192  476
800.6173509614425  477
800.6248527952658  474
800.632354629089  467
800.6398564629123  447
800.6473582967357  430
800.6548601305589  494
800.6623619643822  373
800.6698637982055  438
800.6773656320288  485
800.684867465852  414
800.6923692996753  451
800.6998711334986  378
800.7073729673218  452
800.7148748011451  480
800.7223766349684  419
800.7298784687916  466
800.737380302615  454
800.7448821364383  375
800.7523839702616  418
800.7598858040848  420
800.7673876379081  307
800.7748894717314  454
800.7823913055546  410
800.7898931393779  435
800.7973949732012  364
800.8048968070244  444
800.8123986408477  418
800.819900474671  402
800.8274023084944  441
800.8349041423176  417
800.8424059761409  390
800.8499078099642  300
800.8574096437874  425
800.8649114776107  445
800.872413311434  335
800.8799151452572  399
800.8874169790805  469
800.8949188129038  458
800.9024206467271  424
800.9099224805503  439
800.9174243143736  437
800.924926148197  369
800.9324279820202  330
800.9399298158435  412
800.9474316496668  349
800.9549334834901  354
800.9624353173133  332
800.9699371511366  408
800.9774389849599  381
800.9849408187831  340
800.9924426526064  313
800.9999444864297  326
801.0074463202529  440
801.0149481540763  351
801.0224499878996  334
801.0299518217228  360
801.0374536555461  380
801.0449554893694  417
801.0524573231927  401
801.0599591570159  345
801.0674609908392  367
801.0749628246625  376
801.0824646584857  340
801.089966492309  333
801.0974683261323  352
801.1049701599557  348
801.1124719937789  345
801.1199738276022  339
801.1274756614255  309
801.1349774952487  302
801.142479329072  296
801.1499811628953  367
801.1574829967185  344
801.1649848305418  372
801.1724866643651  314
801.1799884981884  339
801.1874903320116  325
801.194992165835  337
801.2024939996583  309
801.2099958334815  300
801.2174976673048  318
801.2249995011281  310
801.2325013349513  301
801.2400031687746  276
801.2475050025979  271
801.2550068364212  390
801.2625086702444  311
801.2700105040677  291
801.277512337891  298
801.2850141717142  316
801.2925160055375  274
801.3000178393609  275
801.3075196731841  352
801.3150215070074  275
801.3225233408307  291
801.330025174654  277
801.3375270084772  307
801.3450288423005  359
801.3525306761238  258
801.360032509947  349
801.3675343437703  300
801.3750361775936  370
801.3825380114168  324
801.3900398452402  269
801.3975416790635  259
801.4050435128868  332
801.41254534671  313
801.4200471805333  241
801.4275490143566  240
801.4350508481798  223
801.4425526820031  295
801.4500545158264  298
801.4575563496496  263
801.4650581834729  272
801.4725600172962  325
801.4800618511196  302
801.4875636849428  236
801.4950655187661  243
801.5025673525894  300
801.5100691864126  298
801.5175710202359  229
801.5250728540592  246
801.5325746878824  252
801.5400765217057  223
801.547578355529  257
801.5550801893523  213
801.5625820231755  272
801.5700838569988  204
801.5775856908222  254
801.5850875246454  214
801.5925893584687  236
801.600091192292  260
801.6075930261152  224
801.6150948599385  223
801.6225966937618  238
801.6300985275851  243
801.6376003614083  208
801.6451021952316  298
801.6526040290549  204
801.6601058628781  190
801.6676076967015  340
801.6751095305248  228
801.682611364348  220
801.6901131981713  226
801.6976150319946  192
801.7051168658179  169
801.7126186996411  229
801.7201205334644  252
801.7276223672877  222
801.7351242011109  276
801.7426260349342  188
801.7501278687575  156
801.7576297025807  249
801.765131536404  236
801.7726333702274  194
801.7801352040507  184
801.7876370378739  226
801.7951388716972  184
801.8026407055205  198
801.8101425393437  222
801.817644373167  195
801.8251462069903  247
801.8326480408135  220
801.8401498746368  241
801.8476517084601  169
801.8551535422835  221
801.8626553761067  183
801.87015720993  210
801.8776590437533  162
801.8851608775765  162
801.8926627113998  208
801.9001645452231  184
801.9076663790463  220
801.9151682128696  189
801.9226700466929  222
801.9301718805162  160
801.9376737143394  170
801.9451755481628  179
801.9526773819861  145
801.9601792158093  202
801.9676810496326  180
801.9751828834559  138
801.9826847172791  191
801.9901865511024  183
801.9976883849257  173
802.005190218749  195
802.0126920525722  185
802.0201938863955  161
802.0276957202188  225
802.035197554042  176
802.0426993878654  90
802.0502012216887  201
802.0577030555119  153
802.0652048893352  189
802.0727067231585  138
802.0802085569818  144
802.087710390805  175
802.0952122246283  221
802.1027140584516  160
802.1102158922748  179
802.1177177260981  168
802.1252195599214  166
802.1327213937446  221
802.140223227568  202
802.1477250613913  177
802.1552268952146  166
802.1627287290378  161
802.1702305628611  258
802.1777323966844  88
802.1852342305076  147
802.1927360643309  133
802.2002378981542  208
802.2077397319774  183
802.2152415658007  117
802.222743399624  184
802.2302452334474  179
802.2377470672706  168
802.2452489010939  137
802.2527507349172  111
802.2602525687404  132
802.2677544025637  175
802.275256236387  157
802.2827580702102  136
802.2902599040335  160
802.2977617378568  116
802.3052635716801  126
802.3127654055033  167
802.3202672393267  184
802.32776907315  96
802.3352709069732  165
802.3427727407965  151
802.3502745746198  128
802.357776408443  122
802.3652782422663  147
802.3727800760896  153
802.3802819099129  215
802.3877837437361  70
802.3952855775594  128
802.4027874113827  95
802.410289245206  150
802.4177910790293  163
802.4252929128526  151
802.4327947466758  157
802.4402965804991  165
802.4477984143224  135
802.4553002481457  124
802.4628020819689  95
802.4703039157922  149
802.4778057496155  142
802.4853075834387  156
802.492809417262  88
802.5003112510853  129
802.5078130849085  169
802.5153149187319  129
802.5228167525552  110
802.5303185863785  116
802.5378204202017  115
802.545322254025  95
802.5528240878483  130
802.5603259216715  129
802.5678277554948  102
802.5753295893181  97
802.5828314231414  110
802.5903332569646  178
802.597835090788  113
802.6053369246113  124
802.6128387584345  121
802.6203405922578  108
802.6278424260811  147
802.6353442599043  114
802.6428460937276  130
802.6503479275509  133
802.6578497613741  163
802.6653515951974  114
802.6728534290207  126
802.680355262844  78
802.6878570966672  109
802.6953589304906  115
802.7028607643139  133
802.7103625981371  150
802.7178644319604  102
802.7253662657837  104
802.732868099607  69
802.7403699334302  106
802.7478717672535  162
802.7553736010768  100
802.7628754349  119
802.7703772687233  129
802.7778791025466  54
802.7853809363698  97
802.7928827701932  145
802.8003846040165  96
802.8078864378398  110
802.815388271663  113
802.8228901054863  87
802.8303919393096  73
802.8378937731328  121
802.8453956069561  122
802.8528974407794  106
802.8603992746026  121
802.8679011084259  98
802.8754029422493  124
802.8829047760726  164
802.8904066098958  115
802.8979084437191  58
802.9054102775424  121
802.9129121113656  121
802.9204139451889  132
802.9279157790122  111
802.9354176128354  142
802.9429194466587  105
802.950421280482  132
802.9579231143053  104
802.9654249481285  97
802.9729267819519  106
802.9804286157752  119
802.9879304495984  106
802.9954322834217  118
803.002934117245  124
803.0104359510682  100
803.0179377848915  95
803.0254396187148  140
803.0329414525381  122
803.0404432863613  90
803.0479451201846  52
803.055446954008  114
803.0629487878311  73
803.0704506216545  161
803.0779524554778  68
803.085454289301  86
803.0929561231243  94
803.1004579569476  100
803.1079597907709  77
803.1154616245941  120
803.1229634584174  108
803.1304652922407  85
803.1379671260639  87
803.1454689598872  112
803.1529707937106  86
803.1604726275337  99
803.1679744613571  121
803.1754762951804  77
803.1829781290037  82
803.1904799628269  114
803.1979817966502  78
803.2054836304735  144
803.2129854642967  112
803.22048729812  122
803.2279891319433  114
803.2354909657665  69
803.2429927995898  120
803.2504946334132  96
803.2579964672365  120
803.2654983010597  71
803.273000134883  128
803.2805019687063  94
803.2880038025295  121
803.2955056363528  122
803.3030074701761  32
803.3105093039993  92
803.3180111378226  42
803.3255129716459  79
803.3330148054692  79
803.3405166392924  74
803.3480184731158  122
803.3555203069391  124
803.3630221407623  96
803.3705239745856  93
803.3780258084089  103
803.3855276422321  86
803.3930294760554  46
803.4005313098787  115
803.408033143702  85
803.4155349775252  90
803.4230368113485  104
803.4305386451719  22
803.438040478995  88
803.4455423128184  82
803.4530441466417  29
803.4605459804649  126
803.4680478142882  42
803.4755496481115  115
803.4830514819348  65
803.490553315758  82
803.4980551495813  131
803.5055569834046  128
803.5130588172278  116
803.5205606510511  93
803.5280624848745  67
803.5355643186977  98
803.543066152521  88
803.5505679863443  80
803.5580698201676  101
803.5655716539908  41
803.5730734878141  85
803.5805753216374  63
803.5880771554606  96
803.5955789892839  116
803.6030808231072  79
803.6105826569304  83
803.6180844907537  99
803.6255863245771  131
803.6330881584004  49
803.6405899922236  58
803.6480918260469  34
803.6555936598702  105
803.6630954936934  83
803.6705973275167  56
803.67809916134  88
803.6856009951632  61
803.6931028289865  28
803.7006046628098  100
803.7081064966331  97
803.7156083304563  69
803.7231101642797  74
803.730611998103  52
803.7381138319262  76
803.7456156657495  54
803.7531174995728  42
803.760619333396  33
803.7681211672193  21
803.7756230010426  33
803.7831248348659  84
803.7906266686891  72
803.7981285025124  33
803.8056303363358  63
803.813132170159  64
803.8206340039823  61
803.8281358378056  92
803.8356376716288  41
803.8431395054521  69
803.8506413392754  100
803.8581431730987  69
803.8656450069219  82
803.8731468407452  51
803.8806486745685  39
803.8881505083917  47
803.895652342215  44
803.9031541760384  67
803.9106560098616  36
803.9181578436849  66
803.9256596775082  90
803.9331615113315  48
803.9406633451547  115
803.948165178978  51
803.9556670128013  81
803.9631688466245  40
803.9706706804478  15
803.9781725142711  46
803.9856743480943  78
803.9931761819176  25
804.000678015741  36
804.0081798495643  62
804.0156816833875  109
804.0231835172108  58
804.0306853510341  98
804.0381871848573  51
804.0456890186806  66
804.0531908525039  69
804.0606926863271  83
804.0681945201504  63
804.0756963539737  82
804.083198187797  77
804.0907000216203  84
804.0982018554436  51
804.1057036892669  77
804.1132055230901  95
804.1207073569134  49
804.1282091907367  63
804.1357110245599  54
804.1432128583832  114
804.1507146922065  51
804.1582165260298  46
804.165718359853  30
804.1732201936763  52
804.1807220274997  70
804.1882238613229  80
804.1957256951462  90
804.2032275289695  53
804.2107293627928  39
804.218231196616  37
804.2257330304393  55
804.2332348642626  80
804.2407366980858  90
804.2482385319091  21
804.2557403657324  82
804.2632421995556  88
804.270744033379  95
804.2782458672023  55
804.2857477010255  68
804.2932495348488  49
804.3007513686721  82
804.3082532024954  98
804.3157550363186  6
804.3232568701419  70
804.3307587039652  70
804.3382605377884  52
804.3457623716117  76
804.353264205435  73
804.3607660392584  50
804.3682678730815  81
804.3757697069049  113
804.3832715407282  51
804.3907733745514  84
804.3982752083747  82
804.405777042198  74
804.4132788760212  90
804.4207807098445  50
804.4282825436678  53
804.4357843774911  47
804.4432862113143  60
804.4507880451376  72
804.458289878961  63
804.4657917127842  94
804.4732935466075  93
804.4807953804308  57
804.488297214254  68
804.4957990480773  76
804.5033008819006  63
804.5108027157239  47
804.5183045495471  114
804.5258063833704  68
804.5333082171937  30
804.5408100510169  65
804.5483118848402  77
804.5558137186636  53
804.5633155524868  85
804.5708173863101  68
804.5783192201334  31
804.5858210539567  42
804.5933228877799  81
804.6008247216032  73
804.6083265554265  67
804.6158283892497  61
804.623330223073  52
804.6308320568963  34
804.6383338907195  116
804.6458357245428  67
804.6533375583662  66
804.6608393921895  62
804.6683412260127  54
804.675843059836  45
804.6833448936593  56
804.6908467274825  73
804.6983485613058  34
804.7058503951291  81
804.7133522289523  47
804.7208540627756  53
804.7283558965989  46
804.7358577304223  38
804.7433595642455  10
804.7508613980688  40
804.7583632318921  60
804.7658650657153  71
804.7733668995386  100
804.7808687333619  77
804.7883705671851  54
804.7958724010084  93
804.8033742348317  55
804.810876068655  80
804.8183779024782  54
804.8258797363015  37
804.8333815701249  84
804.840883403948  58
804.8483852377714  76
804.8558870715947  81
804.8633889054179  76
804.8708907392412  76
804.8783925730645  71
804.8858944068878  58
804.893396240711  26
804.9008980745343  36
804.9083999083576  73
804.9159017421808  39
804.9234035760041  42
804.9309054098275  74
804.9384072436507  55
804.945909077474  14
804.9534109112973  21
804.9609127451206  54
804.9684145789438  51
804.9759164127671  71
804.9834182465904  55
804.9909200804136  30
804.9984219142369  31
805.0059237480602  35
805.0134255818834  41
805.0209274157068  -12
805.0284292495301  84
805.0359310833534  47
805.0434329171766  4
805.0509347509999  67
805.0584365848232  64
805.0659384186464  77
805.0734402524697  24
805.080942086293  50
805.0884439201162  25
805.0959457539395  36
805.1034475877628  39
805.1109494215862  88
805.1184512554094  9
805.1259530892327  61
805.133454923056  15
805.1409567568792  57
805.1484585907025  33
805.1559604245258  98
805.163462258349  10
805.1709640921723  35
805.1784659259956  28
805.1859677598189  44
805.1934695936421  1
805.2009714274654  83
805.2084732612888  71
805.215975095112  92
805.2234769289353  71
805.2309787627586  40
