# x-label = Wavelength [nm]
# y-label = Intensity
775.7407393231534  63
775.7482441971939  -4
775.7557490712343  -14
775.7632539452748  -5
775.7707588193152  -16
775.7782636933556  7
775.7857685673961  -10
775.7932734414366  6
775.800778315477  21
775.8082831895174  57
775.8157880635579  17
775.8232929375984  -12
775.8307978116387  42
775.8383026856792  15
775.8458075597197  42
775.8533124337602  4
775.8608173078005  21
775.868322181841  13
775.8758270558815  31
775.8833319299218  12
775.8908368039623  26
775.8983416780028  63
775.9058465520433  -4
775.9133514260836  14
775.9208563001241  18
775.9283611741646  8
775.935866048205  27
775.9433709222454  46
775.9508757962859  13
775.9583806703264  15
775.9658855443668  42
775.9733904184072  23
775.9808952924477  41
775.9884001664881  44
775.9959050405286  0
776.003409914569  7
776.0109147886095  30
776.0184196626499  26
776.0259245366904  64
776.0334294107308  40
776.0409342847712  24
776.0484391588117  44
776.0559440328522  12
776.0634489068926  46
776.070953780933  46
776.0784586549735  28
776.085963529014  50
776.0934684030543  -2
776.1009732770948  28
776.1084781511353  15
776.1159830251758  48
776.1234878992161  29
776.1309927732566  14
776.1384976472971  8
776.1460025213374  14
776.1535073953779  27
776.1610122694184  31
776.1685171434589  -6
776.1760220174992  -14
776.1835268915397  22
776.1910317655802  23
776.1985366396206  14
776.206041513661  69
776.2135463877015  42
776.221051261742  39
776.2285561357824  63
776.2360610098228  7
776.2435658838633  39
776.2510707579037  39
776.2585756319442  28
776.2660805059846  15
776.2735853800251  18
776.2810902540655  36
776.288595128106  5
776.2961000021464  66
776.3036048761868  58
776.3111097502273  2
776.3186146242678  70
776.3261194983082  12
776.3336243723486  43
776.3411292463891  24
776.3486341204296  31
776.3561389944699  76
776.3636438685104  31
776.3711487425509  23
776.3786536165912  47
776.3861584906317  33
776.3936633646722  44
776.4011682387127  10
776.408673112753  55
776.4161779867935  72
776.423682860834  44
776.4311877348744  15
776.4386926089148  37
776.4461974829553  -4
776.4537023569958  2
776.4612072310362  8
776.4687121050766  62
776.4762169791171  31
776.4837218531575  30
776.491226727198  14
776.4987316012384  0
776.5062364752789  74
776.5137413493193  53
776.5212462233598  -16
776.5287510974002  46
776.5362559714406  9
776.5437608454811  34
776.5512657195216  34
776.558770593562  40
776.5662754676024  50
776.5737803416429  31
776.5812852156834  -17
776.5887900897237  22
776.5962949637642  15
776.6037998378047  42
776.6113047118452  24
776.6188095858855  -18
776.626314459926  9
776.6338193339665  40
776.6413242080068  45
776.6488290820473  16
776.6563339560878  47
776.6638388301283  34
776.6713437041686  62
776.6788485782091  37
776.6863534522496  8
776.69385832629  44
776.7013632003304  38
776.7088680743709  53
776.7163729484114  40
776.7238778224518  23
776.7313826964922  10
776.7388875705327  -16
776.7463924445731  7
776.7538973186136  11
776.761402192654  -5
776.7689070666945  16
776.7764119407349  62
776.7839168147754  65
776.7914216888158  17
776.7989265628562  26
776.8064314368967  27
776.8139363109372  39
776.8214411849776  24
776.828946059018  36
776.8364509330585  23
776.843955807099  45
776.8514606811393  24
776.8589655551798  57
776.8664704292203  52
776.8739753032607  33
776.8814801773011  25
776.8889850513416  29
776.8964899253821  23
776.9039947994224  -3
776.9114996734629  57
776.9190045475034  16
776.9265094215439  48
776.9340142955842  87
776.9415191696247  44
776.9490240436652  23
776.9565289177056  27
776.964033791746  61
776.9715386657865  38
776.979043539827  49
776.9865484138674  31
776.9940532879078  40
777.0015581619483  40
777.0090630359887  49
777.0165679100292  20
777.0240727840696  29
777.0315776581101  -5
777.0390825321505  48
777.046587406191  28
777.0540922802314  43
777.0615971542718  44
777.0691020283123  52
777.0766069023528  14
777.0841117763932  6
777.0916166504336  36
777.0991215244741  65
777.1066263985145  15
777.1141312725549  -4
777.1216361465954  13
777.1291410206359  39
777.1366458946763  14
777.1441507687167  61
777.1516556427572  -5
777.1591605167977  -5
777.166665390838  23
777.1741702648785  38
777.181675138919  25
777.1891800129595  31
777.1966848869998  21
777.2041897610403  37
777.2116946350808  38
777.2191995091212  2
777.2267043831616  28
777.2342092572021  22
777.2417141312426  22
777.249219005283  1
777.2567238793234  50
777.2642287533639  13
777.2717336274043  7
777.2792385014448  44
777.2867433754852  0
777.2942482495257  48
777.3017531235661  11
777.3092579976066  25
777.316762871647  30
777.3242677456874  28
777.3317726197279  27
777.3392774937683  34
777.3467823678088  -6
777.3542872418492  56
777.3617921158897  15
777.3692969899301  10
777.3768018639705  43
777.384306738011  52
777.3918116120515  38
777.399316486092  37
777.4068213601323  6
777.4143262341728  6
777.4218311082133  23
777.4293359822536  54
777.4368408562941  31
777.4443457303346  61
777.4518506043751  12
777.4593554784154  12
777.4668603524559  39
777.4743652264964  4
777.4818701005368  39
777.4893749745772  28
777.4968798486177  26
777.5043847226581  65
777.5118895966986  53
777.519394470739  0
777.5268993447795  39
777.5344042188199  24
777.5419090928604  33
777.5494139669008  -17
777.5569188409412  45
777.5644237149817  20
777.5719285890221  58
777.5794334630626  76
777.586938337103  24
777.5944432111435  109
777.601948085184  56
777.6094529592243  8
777.6169578332648  14
777.6244627073053  57
777.6319675813457  49
777.6394724553861  76
777.6469773294266  22
777.6544822034671  21
777.6619870775074  39
777.6694919515479  78
777.6769968255884  64
777.6845016996289  65
777.6920065736692  30
777.6995114477097  26
777.7070163217502  21
777.7145211957906  21
777.722026069831  30
777.7295309438715  49
777.737035817912  15
777.7445406919524  68
777.7520455659928  24
777.7595504400333  26
777.7670553140737  48
777.7745601881142  24
777.7820650621546  25
777.7895699361951  24
777.7970748102355  52
777.804579684276  33
777.8120845583164  41
777.8195894323568  24
777.8270943063973  16
777.8345991804377  50
777.8421040544782  56
777.8496089285186  81
777.8571138025591  56
777.8646186765995  33
777.8721235506399  -7
777.8796284246804  5
777.8871332987209  44
777.8946381727613  27
777.9021430468017  29
777.9096479208422  40
777.9171527948827  36
777.924657668923  16
777.9321625429635  27
777.939667417004  26
777.9471722910445  39
777.9546771650848  34
777.9621820391253  18
777.9696869131658  36
777.9771917872062  -19
777.9846966612466  11
777.9922015352871  44
777.9997064093276  55
778.007211283368  23
778.0147161574084  28
778.0222210314489  17
778.0297259054893  12
778.0372307795298  36
778.0447356535702  44
778.0522405276107  17
778.0597454016511  5
778.0672502756915  36
778.074755149732  27
778.0822600237724  7
778.0897648978129  46
778.0972697718533  34
778.1047746458938  53
778.1122795199342  26
778.1197843939747  18
778.1272892680151  0
778.1347941420555  24
778.142299016096  -2
778.1498038901365  34
778.157308764177  46
778.1648136382173  -9
778.1723185122578  38
778.1798233862983  71
778.1873282603386  27
778.1948331343791  42
778.2023380084196  29
778.2098428824601  39
778.2173477565004  0
778.2248526305409  18
778.2323575045814  43
778.2398623786218  52
778.2473672526622  23
778.2548721267027  29
778.2623770007432  24
778.2698818747836  59
778.277386748824  28
778.2848916228645  58
778.2923964969049  45
778.2999013709453  7
778.3074062449858  29
778.3149111190263  27
778.3224159930667  41
778.3299208671071  10
778.3374257411476  33
778.344930615188  38
778.3524354892285  59
778.359940363269  36
778.3674452373094  44
778.3749501113498  70
778.3824549853903  5
778.3899598594307  34
778.3974647334711  57
778.4049696075116  48
778.4124744815521  37
778.4199793555924  10
778.4274842296329  84
778.4349891036734  26
778.4424939777139  36
778.4499988517542  86
778.4575037257947  43
778.4650085998352  60
778.4725134738756  26
778.480018347916  38
778.4875232219565  25
778.495028095997  44
778.5025329700374  64
778.5100378440778  57
778.5175427181183  45
778.5250475921587  48
778.5325524661991  50
778.5400573402396  43
778.5475622142801  50
778.5550670883205  52
778.562571962361  29
778.5700768364014  81
778.5775817104418  22
778.5850865844823  76
778.5925914585227  10
778.6000963325632  44
778.6076012066036  6
778.6151060806441  86
778.6226109546845  42
778.6301158287249  103
778.6376207027654  62
778.6451255768059  40
778.6526304508463  7
778.6601353248867  39
778.6676401989272  62
778.6751450729677  37
778.682649947008  16
778.6901548210485  41
778.697659695089  56
778.7051645691295  31
778.7126694431698  71
778.7201743172103  84
778.7276791912508  74
778.7351840652912  38
778.7426889393316  -17
778.7501938133721  52
778.7576986874126  33
778.765203561453  37
778.7727084354934  39
778.7802133095339  29
778.7877181835743  62
778.7952230576147  48
778.8027279316552  52
778.8102328056957  52
778.8177376797361  87
778.8252425537765  56
778.832747427817  41
778.8402523018574  40
778.8477571758979  25
778.8552620499383  23
778.8627669239788  23
778.8702717980192  54
778.8777766720597  13
778.8852815461001  52
778.8927864201405  31
778.900291294181  41
778.9077961682215  45
778.915301042262  69
778.9228059163023  59
778.9303107903428  62
778.9378156643833  23
778.9453205384236  64
778.9528254124641  60
778.9603302865046  74
778.9678351605451  18
778.9753400345854  9
778.9828449086259  17
778.9903497826664  17
778.9978546567067  26
779.0053595307472  52
779.0128644047877  32
779.0203692788282  57
779.0278741528685  45
779.035379026909  60
779.0428839009495  31
779.0503887749899  31
779.0578936490303  21
779.0653985230708  57
779.0729033971113  18
779.0804082711517  61
779.0879131451921  68
779.0954180192326  39
779.102922893273  29
779.1104277673135  63
779.117932641354  23
779.1254375153944  52
779.1329423894348  36
779.1404472634753  20
779.1479521375157  45
779.1554570115561  58
779.1629618855966  66
779.1704667596371  15
779.1779716336775  27
779.1854765077179  71
779.1929813817584  68
779.2004862557989  95
779.2079911298392  32
779.2154960038797  28
779.2230008779202  30
779.2305057519607  54
779.238010626001  63
779.2455155000415  72
779.253020374082  85
779.2605252481223  32
779.2680301221628  65
779.2755349962033  54
779.2830398702438  39
779.2905447442841  72
779.2980496183246  54
779.3055544923651  55
779.3130593664055  60
779.320564240446  60
779.3280691144864  77
779.3355739885269  72
779.3430788625673  44
779.3505837366077  48
779.3580886106482  71
779.3655934846886  57
779.3730983587291  56
779.3806032327695  69
779.38810810681  42
779.3956129808504  47
779.4031178548909  44
779.4106227289313  55
779.4181276029717  50
779.4256324770122  69
779.4331373510527  70
779.4406422250931  100
779.4481470991335  27
779.455651973174  72
779.4631568472145  71
779.4706617212548  29
779.4781665952953  80
779.4856714693358  87
779.4931763433761  52
779.5006812174166  21
779.5081860914571  57
779.5156909654976  56
779.523195839538  47
779.5307007135784  37
779.5382055876189  73
779.5457104616593  75
779.5532153356997  43
779.5607202097402  85
779.5682250837807  54
779.5757299578211  49
779.5832348318615  9
779.590739705902  40
779.5982445799424  66
779.6057494539829  65
779.6132543280233  45
779.6207592020638  75
779.6282640761042  73
779.6357689501447  23
779.6432738241851  68
779.6507786982255  43
779.658283572266  37
779.6657884463065  68
779.6732933203469  38
779.6807981943873  64
779.6883030684278  33
779.6958079424683  57
779.7033128165086  43
779.7108176905491  47
779.7183225645896  75
779.7258274386301  52
779.7333323126704  122
779.7408371867109  55
779.7483420607514  54
779.7558469347917  52
779.7633518088322  33
779.7708566828727  105
779.7783615569132  66
779.7858664309535  60
779.793371304994  75
779.8008761790345  80
779.8083810530749  59
779.8158859271153  44
779.8233908011558  37
779.8308956751963  32
779.8384005492367  97
779.8459054232771  50
779.8534102973176  60
779.860915171358  57
779.8684200453985  24
779.875924919439  84
779.8834297934794  55
779.8909346675198  41
779.8984395415603  40
779.9059444156007  45
779.9134492896411  55
779.9209541636816  69
779.9284590377221  39
779.9359639117625  57
779.9434687858029  103
779.9509736598434  91
779.9584785338839  95
779.9659834079242  56
779.9734882819647  47
779.9809931560052  40
779.9884980300457  27
779.996002904086  45
780.0035077781265  63
780.011012652167  79
780.0185175262073  68
780.0260224002478  43
780.0335272742883  41
780.0410321483288  21
780.0485370223691  61
780.0560418964096  69
780.0635467704501  58
780.0710516444905  79
780.078556518531  52
780.0860613925714  61
780.0935662666119  11
780.1010711406523  49
780.1085760146927  54
780.1160808887332  87
780.1235857627736  78
780.1310906368141  55
780.1385955108545  58
780.146100384895  61
780.1536052589354  80
780.1611101329759  61
780.1686150070163  55
780.1761198810567  12
780.1836247550972  39
780.1911296291377  14
780.1986345031781  90
780.2061393772185  69
780.213644251259  53
780.2211491252995  111
780.2286539993398  60
780.2361588733803  66
780.2436637474208  116
780.2511686214613  54
780.2586734955016  88
780.2661783695421  18
780.2736832435826  30
780.281188117623  43
780.2886929916634  37
780.2961978657039  116
780.3037027397444  53
780.3112076137847  70
780.3187124878252  58
780.3262173618657  59
780.3337222359061  54
780.3412271099465  66
780.348731983987  57
780.3562368580275  66
780.3637417320679  20
780.3712466061083  92
780.3787514801488  54
780.3862563541892  73
780.3937612282297  57
780.4012661022701  96
780.4087709763105  53
780.416275850351  77
780.4237807243915  61
780.4312855984319  57
780.4387904724723  53
780.4462953465128  29
780.4538002205533  71
780.4613050945936  84
780.4688099686341  42
780.4763148426746  141
780.4838197167151  30
780.4913245907554  109
780.4988294647959  64
780.5063343388364  91
780.5138392128767  60
780.5213440869172  30
780.5288489609577  112
780.5363538349982  48
780.5438587090385  61
780.551363583079  60
780.5588684571195  43
780.5663733311599  59
780.5738782052003  36
780.5813830792408  75
780.5888879532813  28
780.5963928273217  71
780.6038977013621  76
780.6114025754026  112
780.618907449443  70
780.6264123234835  102
780.6339171975239  48
780.6414220715644  66
780.6489269456048  40
780.6564318196453  61
780.6639366936857  34
780.6714415677261  84
780.6789464417666  52
780.6864513158071  100
780.6939561898475  91
780.7014610638879  85
780.7089659379284  54
780.7164708119689  47
780.7239756860092  90
780.7314805600497  75
780.7389854340902  105
780.7464903081307  85
780.753995182171  59
780.7615000562115  31
780.769004930252  56
780.7765098042923  44
780.7840146783328  75
780.7915195523733  68
780.7990244264138  54
780.8065293004541  65
780.8140341744946  79
780.8215390485351  34
780.8290439225755  36
780.836548796616  44
780.8440536706564  113
780.8515585446969  73
780.8590634187373  52
780.8665682927777  94
780.8740731668182  47
780.8815780408586  57
780.8890829148991  71
780.8965877889395  61
780.90409266298  72
780.9115975370204  130
780.9191024110609  80
780.9266072851013  62
780.9341121591417  75
780.9416170331822  66
780.9491219072227  66
780.9566267812631  93
780.9641316553035  36
780.971636529344  4
780.9791414033845  72
780.9866462774248  88
780.9941511514653  48
781.0016560255058  59
781.0091608995463  39
781.0166657735866  49
781.0241706476271  72
781.0316755216676  37
781.039180395708  96
781.0466852697484  74
781.0541901437889  65
781.0616950178294  57
781.0691998918697  93
781.0767047659102  94
781.0842096399507  56
781.0917145139911  64
781.0992193880315  93
781.106724262072  58
781.1142291361125  113
781.1217340101529  68
781.1292388841933  37
781.1367437582338  82
781.1442486322742  110
781.1517535063147  91
781.1592583803551  64
781.1667632543956  52
781.174268128436  42
781.1817730024765  72
781.1892778765169  104
781.1967827505573  61
781.2042876245978  43
781.2117924986383  104
781.2192973726787  61
781.2268022467191  72
781.2343071207596  62
781.2418119948001  101
781.2493168688404  128
781.2568217428809  68
781.2643266169214  47
781.2718314909619  77
781.2793363650022  103
781.2868412390427  64
781.2943461130832  61
781.3018509871235  56
781.309355861164  111
781.3168607352045  88
781.324365609245  24
781.3318704832853  109
781.3393753573258  128
781.3468802313663  66
781.3543851054067  50
781.3618899794471  79
781.3693948534876  93
781.3768997275281  65
781.3844046015685  114
781.3919094756089  73
781.3994143496494  117
781.4069192236898  66
781.4144240977303  95
781.4219289717707  58
781.4294338458112  32
781.4369387198516  59
781.4444435938921  77
781.4519484679325  80
781.4594533419729  88
781.4669582160134  75
781.4744630900539  117
781.4819679640943  81
781.4894728381347  70
781.4969777121752  120
781.5044825862157  54
781.511987460256  53
781.5194923342965  112
781.526997208337  73
781.5345020823773  107
781.5420069564178  87
781.5495118304583  105
781.5570167044988  45
781.5645215785391  66
781.5720264525796  63
781.5795313266201  110
781.5870362006605  118
781.5945410747009  104
781.6020459487414  57
781.6095508227819  119
781.6170556968223  95
781.6245605708627  81
781.6320654449032  137
781.6395703189436  69
781.6470751929841  102
781.6545800670245  72
781.662084941065  84
781.6695898151054  63
781.6770946891459  119
781.6845995631863  98
781.6921044372267  98
781.6996093112672  102
781.7071141853077  132
781.7146190593481  70
781.7221239333885  135
781.729628807429  90
781.7371336814695  62
781.7446385555098  119
781.7521434295503  68
781.7596483035908  30
781.7671531776313  85
781.7746580516716  71
781.7821629257121  86
781.7896677997526  86
781.7971726737929  85
781.8046775478334  122
781.8121824218739  101
781.8196872959144  65
781.8271921699547  100
781.8346970439952  104
781.8422019180357  81
781.8497067920761  85
781.8572116661165  96
781.864716540157  100
781.8722214141975  112
781.8797262882379  116
781.8872311622783  119
781.8947360363188  80
781.9022409103592  85
781.9097457843997  85
781.9172506584401  91
781.9247555324806  112
781.932260406521  81
781.9397652805615  50
781.9472701546019  129
781.9547750286423  127
781.9622799026828  88
781.9697847767233  97
781.9772896507637  155
781.9847945248041  73
781.9922993988446  100
781.9998042728851  117
782.0073091469254  141
782.0148140209659  71
782.0223188950064  96
782.0298237690469  118
782.0373286430872  82
782.0448335171277  76
782.0523383911682  90
782.0598432652085  116
782.067348139249  64
782.0748530132895  118
782.08235788733  56
782.0898627613703  74
782.0973676354108  128
782.1048725094513  87
782.1123773834917  136
782.1198822575321  80
782.1273871315726  69
782.1348920056131  108
782.1423968796535  123
782.1499017536939  68
782.1574066277344  95
782.1649115017748  94
782.1724163758153  71
782.1799212498557  94
782.1874261238962  133
782.1949309979366  110
782.2024358719771  46
782.2099407460175  109
782.2174456200579  78
782.2249504940984  100
782.2324553681389  150
782.2399602421793  76
782.2474651162197  122
782.2549699902602  90
782.2624748643007  97
782.269979738341  109
782.2774846123815  90
782.284989486422  132
782.2924943604625  138
782.2999992345028  111
782.3075041085433  140
782.3150089825838  97
782.3225138566241  88
782.3300187306646  80
782.3375236047051  111
782.3450284787456  144
782.3525333527859  136
782.3600382268264  80
782.3675431008669  103
782.3750479749073  102
782.3825528489477  84
782.3900577229882  117
782.3975625970287  101
782.4050674710691  108
782.4125723451095  112
782.42007721915  75
782.4275820931904  108
782.4350869672309  72
782.4425918412713  104
782.4500967153117  129
782.4576015893522  84
782.4651064633927  82
782.4726113374331  61
782.4801162114735  119
782.487621085514  113
782.4951259595545  121
782.5026308335948  112
782.5101357076353  113
782.5176405816758  145
782.5251454557163  89
782.5326503297566  92
782.5401552037971  89
782.5476600778376  104
782.5551649518779  119
782.5626698259184  127
782.5701746999589  94
782.5776795739994  58
782.5851844480397  86
782.5926893220802  127
782.6001941961207  128
782.6076990701611  169
782.6152039442015  112
782.622708818242  152
782.6302136922825  121
782.6377185663229  80
782.6452234403633  134
782.6527283144038  129
782.6602331884442  98
782.6677380624847  138
782.6752429365251  85
782.6827478105656  108
782.690252684606  77
782.6977575586465  126
782.7052624326869  169
782.7127673067273  127
782.7202721807678  112
782.7277770548083  156
782.7352819288487  81
782.7427868028891  180
782.7502916769296  118
782.75779655097  204
782.7653014250104  110
782.7728062990509  120
782.7803111730914  119
782.7878160471319  104
782.7953209211722  89
782.8028257952127  158
782.8103306692532  110
782.8178355432935  134
782.825340417334  110
782.8328452913745  124
782.840350165415  104
782.8478550394553  148
782.8553599134958  132
782.8628647875363  110
782.8703696615767  109
782.8778745356171  161
782.8853794096576  105
782.8928842836981  116
782.9003891577385  113
782.9078940317789  178
782.9153989058194  64
782.9229037798598  153
782.9304086539003  95
782.9379135279407  187
782.9454184019812  103
782.9529232760216  108
782.9604281500621  161
782.9679330241025  171
782.9754378981429  167
782.9829427721834  114
782.9904476462239  161
782.9979525202643  127
783.0054573943047  165
783.0129622683452  128
783.0204671423857  153
783.027972016426  159
783.0354768904665  146
783.042981764507  134
783.0504866385475  154
783.0579915125878  103
783.0654963866283  171
783.0730012606688  135
783.0805061347091  136
783.0880110087496  135
783.0955158827901  113
783.1030207568306  55
783.1105256308709  97
783.1180305049114  106
783.1255353789519  197
783.1330402529923  94
783.1405451270327  141
783.1480500010732  134
783.1555548751137  128
783.1630597491541  176
783.1705646231945  71
783.178069497235  164
783.1855743712754  139
783.1930792453159  171
783.2005841193563  120
783.2080889933968  137
783.2155938674372  169
783.2230987414777  169
783.2306036155181  125
783.2381084895585  151
783.245613363599  141
783.2531182376395  116
783.2606231116799  180
783.2681279857203  150
783.2756328597608  134
783.2831377338013  123
783.2906426078416  159
783.2981474818821  162
783.3056523559226  114
783.313157229963  187
783.3206621040034  129
783.3281669780439  123
783.3356718520844  177
783.3431767261247  204
783.3506816001652  142
783.3581864742057  151
783.3656913482462  145
783.3731962222865  177
783.380701096327  150
783.3882059703675  174
783.3957108444079  150
783.4032157184483  142
783.4107205924888  122
783.4182254665293  141
783.4257303405697  172
783.4332352146101  277
783.4407400886506  124
783.448244962691  167
783.4557498367315  152
783.4632547107719  141
783.4707595848124  126
783.4782644588528  192
783.4857693328933  173
783.4932742069337  141
783.5007790809741  183
783.5082839550146  157
783.515788829055  156
783.5232937030954  145
783.5307985771359  155
783.5383034511764  95
783.5458083252169  151
783.5533131992572  156
783.5608180732977  162
783.5683229473382  182
783.5758278213785  190
783.583332695419  156
783.5908375694595  208
783.5983424435  215
783.6058473175403  122
783.6133521915808  165
783.6208570656213  95
783.6283619396617  114
783.6358668137021  118
783.6433716877426  205
783.6508765617831  207
783.6583814358235  223
783.6658863098639  82
783.6733911839044  176
783.6808960579448  174
783.6884009319853  150
783.6959058060257  202
783.7034106800662  178
783.7109155541066  120
783.718420428147  189
783.7259253021875  166
783.7334301762279  154
783.7409350502684  197
783.7484399243089  198
783.7559447983493  148
783.7634496723897  117
783.7709545464302  124
783.7784594204707  149
783.785964294511  199
783.7934691685515  219
783.800974042592  173
783.8084789166325  138
783.8159837906728  174
783.8234886647133  173
783.8309935387538  209
783.8384984127941  200
783.8460032868346  194
783.8535081608751  168
783.8610130349156  187
783.8685179089559  186
783.8760227829964  118
783.8835276570369  180
783.8910325310773  189
783.8985374051177  216
783.9060422791582  185
783.9135471531987  159
783.921052027239  146
783.9285569012795  183
783.93606177532  117
783.9435666493604  192
783.9510715234009  162
783.9585763974413  185
783.9660812714818  167
783.9735861455222  230
783.9810910195627  190
783.9885958936031  142
783.9961007676435  159
784.003605641684  185
784.0111105157245  164
784.0186153897649  164
784.0261202638053  171
784.0336251378458  122
784.0411300118863  171
784.0486348859266  218
784.0561397599671  188
784.0636446340076  219
784.071149508048  152
784.0786543820884  236
784.0861592561289  171
784.0936641301694  174
784.1011690042097  177
784.1086738782502  224
784.1161787522907  155
784.1236836263312  148
784.1311885003715  201
784.138693374412  221
784.1461982484525  197
784.1537031224929  180
784.1612079965333  180
784.1687128705738  188
784.1762177446143  173
784.1837226186547  262
784.1912274926951  169
784.1987323667356  180
784.206237240776  159
784.2137421148165  223
784.2212469888569  202
784.2287518628974  199
784.2362567369378  191
784.2437616109783  222
784.2512664850187  183
784.2587713590591  121
784.2662762330996  206
784.27378110714  238
784.2812859811805  240
784.2887908552209  182
784.2962957292614  217
784.3038006033019  194
784.3113054773422  234
784.3188103513827  215
784.3263152254232  173
784.3338200994637  116
784.341324973504  277
784.3488298475445  103
784.356334721585  234
784.3638395956253  183
784.3713444696658  183
784.3788493437063  235
784.3863542177468  201
784.3938590917871  250
784.4013639658276  212
784.4088688398681  226
784.4163737139085  247
784.4238785879489  204
784.4313834619894  276
784.4388883360298  218
784.4463932100703  248
784.4538980841107  175
784.4614029581512  162
784.4689078321916  173
784.476412706232  220
784.4839175802725  216
784.4914224543129  184
784.4989273283534  206
784.5064322023939  249
784.5139370764343  229
784.5214419504747  184
784.5289468245152  180
784.5364516985557  192
784.543956572596  209
784.5514614466365  202
784.558966320677  222
784.5664711947175  218
784.5739760687578  235
784.5814809427983  219
784.5889858168388  230
784.5964906908791  143
784.6039955649196  217
784.6115004389601  159
784.6190053130006  216
784.6265101870409  231
784.6340150610814  240
784.6415199351219  189
784.6490248091623  225
784.6565296832027  167
784.6640345572432  224
784.6715394312837  206
784.679044305324  208
784.6865491793645  192
784.694054053405  203
784.7015589274454  224
784.7090638014859  201
784.7165686755263  206
784.7240735495668  267
784.7315784236072  201
784.7390832976477  226
784.7465881716881  221
784.7540930457285  251
784.761597919769  219
784.7691027938095  222
784.7766076678499  169
784.7841125418903  207
784.7916174159308  160
784.7991222899713  170
784.8066271640116  181
784.8141320380521  263
784.8216369120926  219
784.829141786133  241
784.8366466601734  190
784.8441515342139  254
784.8516564082544  234
784.8591612822947  253
784.8666661563352  225
784.8741710303757  228
784.8816759044162  235
784.8891807784565  217
784.896685652497  240
784.9041905265375  250
784.9116954005779  244
784.9192002746183  273
784.9267051486588  214
784.9342100226993  229
784.9417148967397  190
784.9492197707801  252
784.9567246448206  234
784.964229518861  242
784.9717343929015  226
784.9792392669419  226
784.9867441409824  201
784.9942490150228  237
785.0017538890633  203
785.0092587631037  213
785.0167636371441  228
785.0242685111846  249
785.031773385225  172
785.0392782592655  198
785.0467831333059  231
785.0542880073464  242
785.0617928813869  258
785.0692977554272  283
785.0768026294677  218
785.0843075035082  229
785.0918123775486  219
785.099317251589  182
785.1068221256295  238
785.11432699967  204
785.1218318737103  258
785.1293367477508  229
785.1368416217913  196
785.1443464958318  316
785.1518513698721  220
785.1593562439126  306
785.1668611179531  225
785.1743659919935  230
785.1818708660339  223
785.1893757400744  258
785.1968806141149  213
785.2043854881553  197
785.2118903621957  193
785.2193952362362  249
785.2269001102766  233
785.234404984317  204
785.2419098583575  234
785.249414732398  251
785.2569196064384  256
785.2644244804789  280
785.2719293545193  241
785.2794342285597  256
785.2869391026002  249
785.2944439766407  244
785.3019488506811  219
785.3094537247215  203
785.316958598762  213
785.3244634728024  279
785.3319683468428  209
785.3394732208833  239
785.3469780949238  241
785.3544829689642  184
785.3619878430046  262
785.3694927170451  199
785.3769975910856  235
785.3845024651259  273
785.3920073391664  266
785.3995122132069  231
785.4070170872474  216
785.4145219612877  304
785.4220268353282  248
785.4295317093687  215
785.437036583409  317
785.4445414574495  272
785.45204633149  204
785.4595512055305  218
785.4670560795709  266
785.4745609536113  202
785.4820658276518  231
785.4895707016922  244
785.4970755757327  279
785.5045804497731  202
785.5120853238135  272
785.519590197854  241
785.5270950718945  272
785.5345999459349  223
785.5421048199753  251
785.5496096940158  218
785.5571145680562  255
785.5646194420966  305
785.5721243161371  262
785.5796291901776  250
785.587134064218  276
785.5946389382584  260
785.6021438122989  270
785.6096486863394  241
785.6171535603797  272
785.6246584344202  280
785.6321633084607  292
785.6396681825012  327
785.6471730565415  242
785.654677930582  273
785.6621828046225  200
785.6696876786629  222
785.6771925527033  258
785.6846974267438  262
785.6922023007843  258
785.6997071748247  301
785.7072120488651  321
785.7147169229056  315
785.722221796946  206
785.7297266709865  260
785.7372315450269  252
785.7447364190674  265
785.7522412931078  269
785.7597461671483  288
785.7672510411887  249
785.7747559152291  290
785.7822607892696  265
785.78976566331  260
785.7972705373505  234
785.8047754113909  215
785.8122802854314  293
785.8197851594718  271
785.8272900335122  264
785.8347949075527  255
785.8422997815932  327
785.8498046556336  346
785.857309529674  319
785.8648144037145  255
785.872319277755  288
785.8798241517953  268
785.8873290258358  299
785.8948338998763  286
785.9023387739168  236
785.9098436479571  271
785.9173485219976  306
785.9248533960381  225
785.9323582700785  261
785.9398631441189  341
785.9473680181594  283
785.9548728921999  283
785.9623777662403  277
785.9698826402807  288
785.9773875143212  277
785.9848923883616  311
785.992397262402  180
785.9999021364425  236
786.007407010483  266
786.0149118845234  260
786.0224167585638  281
786.0299216326043  301
786.0374265066447  269
786.0449313806852  258
786.0524362547256  188
786.0599411287661  280
786.0674460028065  273
786.074950876847  357
786.0824557508874  280
786.0899606249278  278
786.0974654989683  234
786.1049703730088  239
786.1124752470492  283
786.1199801210896  289
786.1274849951301  314
786.1349898691706  255
786.1424947432109  304
786.1499996172514  236
786.1575044912919  279
786.1650093653324  238
786.1725142393727  274
786.1800191134132  268
786.1875239874537  274
786.195028861494  303
786.2025337355345  274
786.210038609575  191
786.2175434836155  295
786.2250483576559  230
786.2325532316963  282
786.2400581057368  258
786.2475629797772  256
786.2550678538176  301
786.2625727278581  315
786.2700776018986  367
786.277582475939  299
786.2850873499794  252
786.2925922240199  326
786.3000970980603  304
786.3076019721008  312
786.3151068461412  303
786.3226117201817  349
786.3301165942221  377
786.3376214682626  271
786.345126342303  311
786.3526312163434  231
786.3601360903839  252
786.3676409644244  308
786.3751458384648  379
786.3826507125052  218
786.3901555865457  333
786.3976604605862  282
786.4051653346265  297
786.412670208667  340
786.4201750827075  272
786.427679956748  295
786.4351848307883  315
786.4426897048288  309
786.4501945788693  305
786.4576994529097  289
786.4652043269501  338
786.4727092009906  314
786.480214075031  318
786.4877189490714  303
786.4952238231119  252
786.5027286971524  303
786.5102335711928  361
786.5177384452332  343
786.5252433192737  299
786.5327481933141  303
786.5402530673546  288
786.547757941395  341
786.5552628154355  349
786.5627676894759  263
786.5702725635164  315
786.5777774375568  311
786.5852823115972  352
786.5927871856377  365
786.6002920596782  364
786.6077969337186  331
786.615301807759  360
786.6228066817995  280
786.63031155584  322
786.6378164298803  360
786.6453213039208  315
786.6528261779613  238
786.6603310520018  320
786.6678359260421  274
786.6753408000826  327
786.6828456741231  278
786.6903505481635  299
786.6978554222039  292
786.7053602962444  332
786.7128651702849  278
786.7203700443253  313
786.7278749183657  312
786.7353797924062  347
786.7428846664466  328
786.750389540487  406
786.7578944145275  292
786.765399288568  326
786.7729041626084  303
786.7804090366488  299
786.7879139106893  354
786.7954187847297  305
786.8029236587702  312
786.8104285328106  333
786.8179334068511  325
786.8254382808915  370
786.832943154932  279
786.8404480289724  325
786.8479529030128  336
786.8554577770533  292
786.8629626510938  293
786.8704675251342  357
786.8779723991746  318
786.8854772732151  324
786.8929821472556  328
786.9004870212959  381
786.9079918953364  290
786.9154967693769  319
786.9230016434174  264
786.9305065174577  322
786.9380113914982  293
786.9455162655387  369
786.953021139579  343
786.9605260136195  284
786.96803088766  362
786.9755357617005  349
786.9830406357408  327
786.9905455097813  313
786.9980503838218  358
787.0055552578622  350
787.0130601319026  378
787.0205650059431  401
787.0280698799836  359
787.035574754024  343
787.0430796280644  304
787.0505845021049  385
787.0580893761453  407
787.0655942501858  341
787.0730991242262  312
787.0806039982667  325
787.0881088723071  310
787.0956137463476  309
787.103118620388  384
787.1106234944284  324
787.1181283684689  376
787.1256332425094  388
787.1331381165498  359
787.1406429905902  341
787.1481478646307  357
787.1556527386712  321
787.1631576127115  329
787.170662486752  308
787.1781673607925  299
787.185672234833  363
787.1931771088733  311
787.2006819829138  351
787.2081868569543  303
787.2156917309946  316
787.2231966050351  298
787.2307014790756  310
787.2382063531161  364
787.2457112271564  288
787.2532161011969  327
787.2607209752374  358
787.2682258492778  352
787.2757307233182  352
787.2832355973587  346
787.2907404713992  285
787.2982453454396  366
787.30575021948  309
787.3132550935205  361
787.3207599675609  296
787.3282648416014  352
787.3357697156418  393
787.3432745896823  346
787.3507794637227  329
787.3582843377632  315
787.3657892118036  279
787.373294085844  343
787.3807989598845  351
787.388303833925  331
787.3958087079654  343
787.4033135820058  400
787.4108184560463  388
787.4183233300868  390
787.4258282041271  320
787.4333330781676  395
787.4408379522081  342
787.4483428262486  369
787.4558477002889  311
787.4633525743294  348
787.4708574483699  340
787.4783623224102  322
787.4858671964507  348
787.4933720704912  346
787.5008769445316  375
787.508381818572  331
787.5158866926125  374
787.523391566653  423
787.5308964406934  372
787.5384013147338  312
787.5459061887743  376
787.5534110628147  270
787.5609159368552  415
787.5684208108956  295
787.5759256849361  376
787.5834305589765  369
787.590935433017  361
787.5984403070574  351
787.6059451810978  439
787.6134500551383  356
787.6209549291788  370
787.6284598032192  377
787.6359646772596  395
787.6434695513001  338
787.6509744253406  351
787.6584792993809  401
787.6659841734214  379
787.6734890474619  401
787.6809939215024  427
787.6884987955427  455
787.6960036695832  482
787.7035085436237  396
787.711013417664  353
787.7185182917045  433
787.726023165745  367
787.7335280397855  407
787.7410329138258  348
787.7485377878663  362
787.7560426619068  374
787.7635475359472  365
787.7710524099876  392
787.7785572840281  347
787.7860621580686  366
787.793567032109  441
787.8010719061494  399
787.8085767801899  352
787.8160816542303  388
787.8235865282708  379
787.8310914023112  396
787.8385962763517  400
787.8461011503921  398
787.8536060244326  392
787.861110898473  342
787.8686157725134  389
787.8761206465539  383
787.8836255205944  398
787.8911303946348  430
787.8986352686752  427
787.9061401427157  330
787.9136450167562  417
787.9211498907965  424
787.928654764837  430
787.9361596388775  407
787.943664512918  448
787.9511693869583  368
787.9586742609988  353
787.9661791350393  366
787.9736840090796  410
787.9811888831201  347
787.9886937571606  415
787.9961986312011  386
788.0037035052414  350
788.0112083792819  396
788.0187132533224  447
788.0262181273628  429
788.0337230014032  446
788.0412278754437  402
788.0487327494842  430
788.0562376235246  352
788.063742497565  470
788.0712473716055  409
788.0787522456459  437
788.0862571196864  390
788.0937619937268  442
788.1012668677673  444
788.1087717418077  375
788.1162766158482  395
788.1237814898886  428
788.131286363929  393
788.1387912379695  346
788.14629611201  358
788.1538009860504  384
788.1613058600908  452
788.1688107341313  379
788.1763156081718  378
788.1838204822121  367
788.1913253562526  364
788.1988302302931  410
788.2063351043336  431
788.2138399783739  408
788.2213448524144  429
788.2288497264549  396
788.2363546004952  395
788.2438594745357  449
788.2513643485762  351
788.2588692226167  361
788.266374096657  367
788.2738789706975  402
788.281383844738  395
788.2888887187784  436
788.2963935928188  520
788.3038984668593  447
788.3114033408998  512
788.3189082149402  426
788.3264130889806  404
788.3339179630211  514
788.3414228370615  420
788.348927711102  434
788.3564325851424  374
788.3639374591829  393
788.3714423332233  350
788.3789472072638  420
788.3864520813042  447
788.3939569553446  380
788.4014618293851  500
788.4089667034256  385
788.416471577466  415
788.4239764515064  500
788.4314813255469  436
788.4389861995874  394
788.4464910736277  460
788.4539959476682  398
788.4615008217087  509
788.4690056957492  374
788.4765105697895  437
788.48401544383  402
788.4915203178705  366
788.4990251919108  441
788.5065300659513  448
788.5140349399918  487
788.5215398140322  430
788.5290446880726  398
788.5365495621131  449
788.5440544361536  422
788.551559310194  369
788.5590641842344  445
788.5665690582749  461
788.5740739323153  428
788.5815788063558  430
788.5890836803962  443
788.5965885544367  395
788.6040934284771  409
788.6115983025176  473
788.619103176558  368
788.6266080505984  437
788.6341129246389  392
788.6416177986794  417
788.6491226727198  397
788.6566275467602  374
788.6641324208007  434
788.6716372948412  370
788.6791421688815  427
788.686647042922  408
788.6941519169625  434
788.701656791003  412
788.7091616650433  446
788.7166665390838  414
788.7241714131243  465
788.7316762871646  376
788.7391811612051  455
788.7466860352456  447
788.7541909092861  404
788.7616957833264  425
788.7692006573669  433
788.7767055314074  429
788.7842104054478  386
788.7917152794882  469
788.7992201535287  446
788.8067250275692  443
788.8142299016096  383
788.82173477565  478
788.8292396496905  455
788.8367445237309  452
788.8442493977714  434
788.8517542718118  472
788.8592591458523  415
788.8667640198927  484
788.8742688939332  468
788.8817737679736  370
788.889278642014  427
788.8967835160545  445
788.904288390095  466
788.9117932641354  439
788.9192981381758  479
788.9268030122163  457
788.9343078862568  452
788.9418127602971  447
788.9493176343376  519
788.9568225083781  428
788.9643273824186  385
788.9718322564589  372
788.9793371304994  409
788.9868420045399  443
788.9943468785802  493
789.0018517526207  507
789.0093566266612  486
789.0168615007017  511
789.024366374742  454
789.0318712487825  440
789.039376122823  552
789.0468809968634  489
789.0543858709038  396
789.0618907449443  497
789.0693956189848  376
789.0769004930252  468
789.0844053670656  511
789.0919102411061  474
789.0994151151465  443
789.106919989187  509
789.1144248632274  428
789.1219297372679  540
789.1294346113083  432
789.1369394853488  437
789.1444443593892  452
789.1519492334296  427
789.1594541074701  508
789.1669589815106  448
789.174463855551  365
789.1819687295914  492
789.1894736036319  558
789.1969784776724  458
789.2044833517127  486
789.2119882257532  430
789.2194930997937  462
789.2269979738342  507
789.2345028478745  408
789.242007721915  438
789.2495125959555  421
789.2570174699958  473
789.2645223440363  501
789.2720272180768  516
789.2795320921173  436
789.2870369661576  489
789.2945418401981  452
789.3020467142386  463
789.309551588279  406
789.3170564623194  518
789.3245613363599  399
789.3320662104004  507
789.3395710844408  422
789.3470759584812  496
789.3545808325217  415
789.3620857065621  472
789.3695905806026  487
789.377095454643  489
789.3846003286835  445
789.3921052027239  455
789.3996100767644  487
789.4071149508048  420
789.4146198248452  447
789.4221246988857  465
789.4296295729262  441
789.4371344469666  493
789.444639321007  462
789.4521441950475  441
789.459649069088  444
789.4671539431283  401
789.4746588171688  510
789.4821636912093  421
789.4896685652498  443
789.4971734392901  438
789.5046783133306  360
789.5121831873711  491
789.5196880614114  379
789.5271929354519  460
789.5346978094924  502
789.5422026835328  392
789.5497075575732  456
789.5572124316137  506
789.5647173056542  458
789.5722221796946  486
789.579727053735  449
789.5872319277755  484
789.5947368018159  481
789.6022416758564  476
789.6097465498968  488
789.6172514239373  539
789.6247562979777  453
789.6322611720182  399
789.6397660460586  471
789.647270920099  492
789.6547757941395  406
789.66228066818  510
789.6697855422204  504
789.6772904162608  417
789.6847952903013  465
789.6923001643418  449
789.6998050383821  431
789.7073099124226  505
789.7148147864631  456
789.7223196605036  449
789.7298245345439  391
789.7373294085844  487
789.7448342826249  543
789.7523391566652  525
789.7598440307057  472
789.7673489047462  506
789.7748537787867  511
789.782358652827  447
789.7898635268675  425
789.797368400908  488
789.8048732749484  465
789.8123781489888  432
789.8198830230293  478
789.8273878970698  494
789.8348927711102  463
789.8423976451506  520
789.8499025191911  475
789.8574073932315  386
789.864912267272  495
789.8724171413124  487
789.8799220153529  505
789.8874268893933  442
789.8949317634338  396
789.9024366374742  470
789.9099415115146  394
789.9174463855551  548
789.9249512595956  422
789.932456133636  538
789.9399610076764  424
789.9474658817169  498
789.9549707557574  448
789.9624756297977  463
789.9699805038382  500
789.9774853778787  508
789.9849902519192  509
789.9924951259595  441
790.0  438
790.0075048740405  437
790.0150097480808  477
790.0225146221213  462
790.0300194961618  458
790.0375243702023  495
790.0450292442426  485
790.0525341182831  464
790.0600389923236  452
790.067543866364  400
790.0750487404044  509
790.0825536144449  538
790.0900584884854  504
790.0975633625258  432
790.1050682365662  489
790.1125731106067  497
790.1200779846471  398
790.1275828586876  453
790.135087732728  550
790.1425926067685  425
790.1500974808089  462
790.1576023548494  448
790.1651072288898  511
790.1726121029302  534
790.1801169769707  455
790.1876218510112  525
790.1951267250516  490
790.202631599092  341
790.2101364731325  406
790.217641347173  404
790.2251462212133  417
790.2326510952538  493
790.2401559692943  523
790.2476608433348  575
790.2551657173751  476
790.2626705914156  448
790.2701754654561  474
790.2776803394964  506
790.2851852135369  428
790.2926900875774  516
790.3001949616179  466
790.3076998356582  498
790.3152047096987  449
790.3227095837392  541
790.3302144577796  562
790.33771933182  502
790.3452242058605  417
790.352729079901  468
790.3602339539414  465
790.3677388279818  512
790.3752437020223  534
790.3827485760627  524
790.3902534501032  396
790.3977583241436  504
790.4052631981841  469
790.4127680722245  504
790.420272946265  517
790.4277778203054  469
790.4352826943458  444
790.4427875683863  472
790.4502924424268  458
790.4577973164672  421
790.4653021905076  475
790.4728070645481  518
790.4803119385886  480
790.4878168126289  427
790.4953216866694  492
790.5028265607099  496
790.5103314347502  472
790.5178363087907  528
790.5253411828312  410
790.5328460568717  450
790.540350930912  497
790.5478558049525  516
790.555360678993  548
790.5628655530334  456
790.5703704270738  444
790.5778753011143  455
790.5853801751548  457
790.5928850491952  509
790.6003899232356  461
790.6078947972761  533
790.6153996713165  445
790.622904545357  492
790.6304094193974  544
790.6379142934379  477
790.6454191674783  491
790.6529240415188  459
790.6604289155592  498
790.6679337895996  402
790.6754386636401  431
790.6829435376806  458
790.690448411721  417
790.6979532857614  498
790.7054581598019  514
790.7129630338424  469
790.7204679078827  454
790.7279727819232  541
790.7354776559637  508
790.7429825300042  492
790.7504874040445  439
790.757992278085  473
790.7654971521255  565
790.7730020261658  493
790.7805069002063  487
790.7880117742468  505
790.7955166482873  524
790.8030215223276  482
790.8105263963681  543
790.8180312704086  517
790.825536144449  431
790.8330410184894  472
790.8405458925299  500
790.8480507665704  449
790.8555556406108  363
790.8630605146512  462
790.8705653886917  408
790.8780702627321  354
790.8855751367726  489
790.893080010813  473
790.9005848848535  461
790.9080897588939  503
790.9155946329344  555
790.9230995069748  530
790.9306043810152  478
790.9381092550557  613
790.9456141290962  489
790.9531190031366  519
790.960623877177  508
790.9681287512175  443
790.975633625258  490
790.9831384992983  506
790.9906433733388  479
790.9981482473793  490
791.0056531214198  519
791.0131579954601  510
791.0206628695006  431
791.0281677435411  432
791.0356726175814  518
791.0431774916219  529
791.0506823656624  525
791.0581872397029  485
791.0656921137432  518
791.0731969877837  534
791.0807018618242  507
791.0882067358646  429
791.095711609905  507
791.1032164839455  500
791.110721357986  488
791.1182262320264  430
791.1257311060668  560
791.1332359801073  538
791.1407408541477  440
791.1482457281882  526
791.1557506022286  490
791.1632554762691  508
791.1707603503095  489
791.17826522435  560
791.1857700983904  447
791.1932749724308  422
791.2007798464713  481
791.2082847205118  459
791.2157895945522  475
791.2232944685926  414
791.2307993426331  592
791.2383042166736  533
791.2458090907139  511
791.2533139647544  527
791.2608188387949  502
791.2683237128354  442
791.2758285868757  459
791.2833334609162  517
791.2908383349567  561
791.298343208997  485
791.3058480830375  486
791.313352957078  527
791.3208578311185  397
791.3283627051588  521
791.3358675791993  455
791.3433724532398  476
791.3508773272802  489
791.3583822013206  543
791.3658870753611  468
791.3733919494016  538
791.380896823442  485
791.3884016974824  598
791.3959065715229  552
791.4034114455633  461
791.4109163196038  494
791.4184211936442  560
791.4259260676847  533
791.4334309417251  504
791.4409358157656  488
791.448440689806  519
791.4559455638464  570
791.4634504378869  463
791.4709553119274  476
791.4784601859678  494
791.4859650600082  503
791.4934699340487  454
791.5009748080892  570
791.5084796821295  527
791.51598455617  593
791.5234894302105  438
791.5309943042508  431
791.5384991782913  539
791.5460040523318  464
791.5535089263723  492
791.5610138004126  534
791.5685186744531  572
791.5760235484936  560
791.583528422534  573
791.5910332965744  496
791.5985381706149  490
791.6060430446554  506
791.6135479186958  453
791.6210527927362  427
791.6285576667767  440
791.6360625408171  469
791.6435674148576  495
791.651072288898  498
791.6585771629385  558
791.6660820369789  519
791.6735869110194  500
791.6810917850598  478
791.6885966591002  500
791.6961015331407  480
791.7036064071812  546
791.7111112812216  485
791.718616155262  569
791.7261210293025  559
791.733625903343  505
791.7411307773833  513
791.7486356514238  530
791.7561405254643  565
791.7636453995048  596
791.7711502735451  465
791.7786551475856  533
791.7861600216261  506
791.7936648956664  542
791.8011697697069  481
791.8086746437474  613
791.8161795177879  544
791.8236843918282  535
791.8311892658687  560
791.8386941399092  473
791.8461990139496  473
791.85370388799  589
791.8612087620305  509
791.868713636071  447
791.8762185101114  521
791.8837233841518  497
791.8912282581923  548
791.8987331322327  575
791.9062380062732  537
791.9137428803136  590
791.9212477543541  511
791.9287526283945  601
791.936257502435  525
791.9437623764754  550
791.9512672505158  460
791.9587721245563  577
791.9662769985968  516
791.9737818726372  546
791.9812867466776  458
791.9887916207181  544
791.9962964947586  533
792.0038013687989  552
792.0113062428394  605
792.0188111168799  601
792.0263159909204  546
792.0338208649607  517
792.0413257390012  540
792.0488306130417  540
792.056335487082  554
792.0638403611225  466
792.071345235163  561
792.0788501092035  557
792.0863549832438  453
792.0938598572843  509
792.1013647313248  545
792.1088696053652  564
792.1163744794056  546
792.1238793534461  559
792.1313842274866  505
792.138889101527  551
792.1463939755674  540
792.1538988496079  550
792.1614037236483  561
792.1689085976888  551
792.1764134717292  484
792.1839183457697  551
792.1914232198101  540
792.1989280938506  612
792.206432967891  607
792.2139378419314  504
792.2214427159719  552
792.2289475900124  546
792.2364524640528  516
792.2439573380932  615
792.2514622121337  474
792.2589670861742  568
792.2664719602145  582
792.273976834255  597
792.2814817082955  568
792.288986582336  496
792.2964914563763  676
792.3039963304168  570
792.3115012044573  573
792.3190060784976  464
792.3265109525381  528
792.3340158265786  479
792.3415207006191  640
792.3490255746594  569
792.3565304486999  554
792.3640353227404  620
792.3715401967808  676
792.3790450708212  523
792.3865499448617  513
792.3940548189022  598
792.4015596929426  576
792.409064566983  560
792.4165694410235  484
792.4240743150639  592
792.4315791891044  607
792.4390840631448  634
792.4465889371853  635
792.4540938112257  584
792.4615986852662  553
792.4691035593066  584
792.476608433347  594
792.4841133073875  519
792.491618181428  578
792.4991230554684  613
792.5066279295088  519
792.5141328035493  582
792.5216376775898  527
792.5291425516301  576
792.5366474256706  617
792.5441522997111  600
792.5516571737514  609
792.5591620477919  552
792.5666669218324  568
792.5741717958729  672
792.5816766699132  712
792.5891815439537  610
792.5966864179942  543
792.6041912920346  548
792.611696166075  585
792.6192010401155  585
792.626705914156  538
792.6342107881964  693
792.6417156622368  593
792.6492205362773  581
792.6567254103177  613
792.6642302843582  640
792.6717351583986  585
792.6792400324391  626
792.6867449064795  521
792.69424978052  605
792.7017546545604  544
792.7092595286008  655
792.7167644026413  554
792.7242692766818  508
792.7317741507222  656
792.7392790247626  517
792.7467838988031  578
792.7542887728436  604
792.7617936468839  580
792.7692985209244  639
792.7768033949649  601
792.7843082690054  589
792.7918131430457  619
792.7993180170862  631
792.8068228911267  693
792.814327765167  640
792.8218326392075  592
792.829337513248  649
792.8368423872885  588
792.8443472613288  628
792.8518521353693  641
792.8593570094098  650
792.8668618834502  644
792.8743667574906  583
792.8818716315311  649
792.8893765055716  610
792.896881379612  649
792.9043862536524  610
792.9118911276929  637
792.9193960017333  760
792.9269008757738  621
792.9344057498142  636
792.9419106238547  599
792.9494154978951  628
792.9569203719356  566
792.964425245976  600
792.9719301200164  673
792.9794349940569  597
792.9869398680974  596
792.9944447421378  721
793.0019496161782  601
793.0094544902187  597
793.0169593642592  699
793.0244642382995  686
793.03196911234  622
793.0394739863805  672
793.046978860421  692
793.0544837344613  637
793.0619886085018  785
793.0694934825423  688
793.0769983565826  604
793.0845032306231  567
793.0920081046636  614
793.0995129787041  695
793.1070178527444  672
793.1145227267849  644
793.1220276008254  658
793.1295324748658  751
793.1370373489062  694
793.1445422229467  619
793.1520470969872  567
793.1595519710276  667
793.167056845068  751
793.1745617191085  649
793.1820665931489  737
793.1895714671894  698
793.1970763412298  650
793.2045812152703  646
793.2120860893107  677
793.2195909633512  635
793.2270958373916  663
793.234600711432  682
793.2421055854725  693
793.249610459513  772
793.2571153335534  648
793.2646202075938  679
793.2721250816343  670
793.2796299556747  668
793.2871348297151  649
793.2946397037556  652
793.3021445777961  715
793.3096494518365  728
793.3171543258769  728
793.3246591999174  701
793.3321640739579  746
793.3396689479982  718
793.3471738220387  690
793.3546786960792  727
793.3621835701197  624
793.36968844416  662
793.3771933182005  782
793.384698192241  733
793.3922030662814  753
793.3997079403218  778
793.4072128143623  656
793.4147176884028  761
793.4222225624432  746
793.4297274364836  732
793.4372323105241  692
793.4447371845645  636
793.452242058605  752
793.4597469326454  677
793.4672518066859  717
793.4747566807263  738
793.4822615547668  647
793.4897664288072  766
793.4972713028476  695
793.5047761768881  743
793.5122810509286  770
793.519785924969  726
793.5272907990094  717
793.5347956730499  706
793.5423005470903  680
793.5498054211307  660
793.5573102951712  658
793.5648151692117  792
793.572320043252  640
793.5798249172925  795
793.587329791333  754
793.5948346653735  700
793.6023395394138  664
793.6098444134543  764
793.6173492874948  622
793.6248541615352  765
793.6323590355756  703
793.6398639096161  778
793.6473687836566  657
793.654873657697  761
793.6623785317374  780
793.6698834057779  779
793.6773882798183  753
793.6848931538588  712
793.6923980278992  711
793.6999029019397  672
793.7074077759801  767
793.7149126500206  734
793.722417524061  801
793.7299223981014  721
793.7374272721419  809
793.7449321461824  769
793.7524370202228  741
793.7599418942632  770
793.7674467683037  763
793.7749516423441  760
793.7824565163845  792
793.789961390425  756
793.7974662644655  786
793.804971138506  805
793.8124760125463  802
793.8199808865868  699
793.8274857606273  834
793.8349906346676  802
793.8424955087081  757
793.8500003827486  769
793.8575052567891  715
793.8650101308294  777
793.8725150048699  737
793.8800198789104  829
793.8875247529508  798
793.8950296269912  743
793.9025345010317  780
793.9100393750722  797
793.9175442491126  865
793.925049123153  779
793.9325539971935  747
793.9400588712339  806
793.9475637452744  768
793.9550686193148  775
793.9625734933553  796
793.9700783673957  793
793.9775832414362  807
793.9850881154766  866
793.992592989517  764
794.0000978635575  866
794.007602737598  763
794.0151076116384  779
794.0226124856788  841
794.0301173597193  871
794.0376222337597  793
794.0451271078001  828
794.0526319818406  854
794.0601368558811  842
794.0676417299215  901
794.0751466039619  673
794.0826514780024  796
794.0901563520429  830
794.0976612260832  808
794.1051661001237  892
794.1126709741642  853
794.1201758482047  808
794.127680722245  791
794.1351855962855  779
794.142690470326  762
794.1501953443664  823
794.1577002184068  767
794.1652050924473  849
794.1727099664878  853
794.1802148405282  864
794.1877197145686  826
794.1952245886091  861
794.2027294626495  808
794.21023433669  833
794.2177392107304  844
794.2252440847709  765
794.2327489588113  860
794.2402538328517  845
794.2477587068922  870
794.2552635809326  927
794.2627684549731  869
794.2702733290135  827
794.277778203054  831
794.2852830770944  844
794.2927879511349  765
794.3002928251753  845
794.3077976992157  800
794.3153025732562  741
794.3228074472967  865
794.3303123213371  829
794.3378171953775  974
794.345322069418  773
794.3528269434585  897
794.3603318174988  838
794.3678366915393  807
794.3753415655798  876
794.3828464396203  845
794.3903513136606  895
794.3978561877011  893
794.4053610617416  952
794.412865935782  881
794.4203708098224  797
794.4278756838629  942
794.4353805579034  983
794.4428854319438  887
794.4503903059842  813
794.4578951800247  848
794.4654000540651  862
794.4729049281055  960
794.480409802146  892
794.4879146761865  869
794.4954195502269  887
794.5029244242673  872
794.5104292983078  887
794.5179341723482  872
794.5254390463887  864
794.5329439204291  842
794.5404487944695  885
794.54795366851  939
794.5554585425505  949
794.562963416591  909
794.5704682906313  844
794.5779731646718  932
794.5854780387123  908
794.5929829127526  894
794.6004877867931  800
794.6079926608336  862
794.6154975348741  890
794.6230024089144  966
794.6305072829549  879
794.6380121569954  902
794.6455170310358  842
794.6530219050762  938
794.6605267791167  911
794.6680316531572  959
794.6755365271976  892
794.683041401238  926
794.6905462752785  964
794.6980511493189  929
794.7055560233593  872
794.7130608973998  900
794.7205657714403  894
794.7280706454807  1032
794.7355755195211  843
794.7430803935616  960
794.750585267602  988
794.7580901416425  955
794.765595015683  866
794.7730998897234  950
794.7806047637638  858
794.7881096378043  863
794.7956145118447  882
794.8031193858851  1003
794.8106242599256  836
794.8181291339661  895
794.8256340080065  829
794.8331388820469  1012
794.8406437560874  921
794.8481486301279  960
794.8556535041682  934
794.8631583782087  975
794.8706632522492  996
794.8781681262897  1048
794.88567300033  924
794.8931778743705  917
794.900682748411  1000
794.9081876224514  925
794.9156924964918  1017
794.9231973705323  943
794.9307022445728  1047
794.9382071186131  950
794.9457119926536  946
794.9532168666941  978
794.9607217407345  959
794.968226614775  960
794.9757314888154  933
794.9832363628559  991
794.9907412368963  1052
794.9982461109367  1015
795.0057509849772  916
795.0132558590176  966
795.0207607330581  981
795.0282656070985  1110
795.035770481139  1016
795.0432753551794  889
795.0507802292199  965
795.0582851032603  1026
795.0657899773007  927
795.0732948513412  992
795.0807997253817  956
795.0883045994221  1033
795.0958094734625  922
795.103314347503  1005
795.1108192215435  1017
795.1183240955838  1051
795.1258289696243  858
795.1333338436648  1084
795.1408387177053  1037
795.1483435917456  1124
795.1558484657861  1002
795.1633533398266  927
795.170858213867  1000
795.1783630879074  1104
795.1858679619479  986
795.1933728359884  1045
795.2008777100287  1162
795.2083825840692  1100
795.2158874581097  969
795.2233923321501  1086
795.2308972061905  872
795.238402080231  984
795.2459069542715  1038
795.2534118283119  1002
795.2609167023523  985
795.2684215763928  1105
795.2759264504332  1086
795.2834313244737  1044
795.2909361985141  1005
795.2984410725546  1062
795.305945946595  981
795.3134508206355  1013
795.320955694676  1054
795.3284605687163  957
795.3359654427568  1083
795.3434703167973  1006
795.3509751908377  988
795.3584800648781  1060
795.3659849389186  1136
795.3734898129591  1077
795.3809946869994  1047
795.3884995610399  959
795.3960044350804  1005
795.4035093091209  977
795.4110141831612  1080
795.4185190572017  1087
795.4260239312422  1055
795.4335288052825  1097
795.441033679323  1116
795.4485385533635  1083
795.456043427404  1072
795.4635483014443  987
795.4710531754848  1073
795.4785580495253  962
795.4860629235657  1065
795.4935677976061  1084
795.5010726716466  1158
795.5085775456871  1176
795.5160824197275  1109
795.523587293768  1026
795.5310921678084  1069
795.5385970418488  1142
795.5461019158893  1118
795.5536067899297  1039
795.5611116639702  1056
795.5686165380106  1128
795.5761214120511  1068
795.5836262860915  1164
795.5911311601319  1030
795.5986360341724  1119
795.6061409082129  1111
795.6136457822532  998
795.6211506562937  1068
795.6286555303342  1002
795.6361604043747  1086
795.643665278415  1045
795.6511701524555  1048
795.658675026496  1040
795.6661799005363  1069
795.6736847745768  1121
795.6811896486173  1102
795.6886945226578  1196
795.6961993966981  1021
795.7037042707386  1161
795.7112091447791  1119
795.7187140188195  1081
795.72621889286  1056
795.7337237669004  1164
795.7412286409409  964
795.7487335149813  1179
795.7562383890217  1072
795.7637432630622  1044
795.7712481371026  1175
795.7787530111431  1115
795.7862578851835  1141
795.793762759224  1132
795.8012676332644  1174
795.8087725073049  1086
795.8162773813453  1290
795.8237822553857  1087
795.8312871294262  1232
795.8387920034667  1183
795.8462968775071  1170
795.8538017515475  1152
795.861306625588  1210
795.8688114996285  1199
795.8763163736688  1199
795.8838212477093  1186
795.8913261217498  1196
795.8988309957903  1221
795.9063358698306  1174
795.9138407438711  1141
795.9213456179116  1217
795.928850491952  1214
795.9363553659924  1174
795.9438602400329  1129
795.9513651140734  1204
795.9588699881137  1215
795.9663748621542  1191
795.9738797361947  1199
795.9813846102351  1165
795.9888894842755  1252
795.996394358316  1237
796.0038992323565  1240
796.0114041063969  1166
796.0189089804373  1179
796.0264138544778  1222
796.0339187285182  1181
796.0414236025587  1301
796.0489284765991  1094
796.0564333506396  1246
796.06393822468  1134
796.0714430987205  1167
796.078947972761  1168
796.0864528468013  1223
796.0939577208418  1150
796.1014625948823  1106
796.1089674689227  1207
796.1164723429631  1197
796.1239772170036  1126
796.1314820910441  1205
796.1389869650844  1256
796.1464918391249  1160
796.1539967131654  1253
796.1615015872059  1158
796.1690064612462  1228
796.1765113352867  1276
796.1840162093272  1256
796.1915210833675  1316
796.199025957408  1239
796.2065308314485  1141
796.214035705489  1179
796.2215405795293  1172
796.2290454535698  1202
796.2365503276103  1153
796.2440552016507  1214
796.2515600756911  1184
796.2590649497316  1238
796.2665698237721  1195
796.2740746978125  1205
796.281579571853  1297
796.2890844458934  1190
796.2965893199338  1276
796.3040941939743  1188
796.3115990680147  1277
796.3191039420552  1135
796.3266088160956  1273
796.3341136901361  1305
796.3416185641765  1241
796.3491234382169  1193
796.3566283122574  1239
796.3641331862979  1290
796.3716380603383  1201
796.3791429343787  1271
796.3866478084192  1289
796.3941526824597  1310
796.4016575565  1278
796.4091624305405  1210
796.416667304581  1141
796.4241721786215  1328
796.4316770526618  1332
796.4391819267023  1279
796.4466868007428  1301
796.4541916747831  1148
796.4616965488236  1227
796.4692014228641  1181
796.4767062969046  1310
796.484211170945  1227
796.4917160449854  1336
796.4992209190259  1284
796.5067257930663  1322
796.5142306671067  1329
796.5217355411472  1311
796.5292404151876  1306
796.5367452892281  1241
796.5442501632685  1263
796.551755037309  1231
796.5592599113494  1311
796.5667647853899  1259
796.5742696594303  1371
796.5817745334707  1401
796.5892794075112  1083
796.5967842815517  1247
796.6042891555921  1339
796.6117940296325  1184
796.619298903673  1275
796.6268037777135  1434
796.6343086517538  1305
796.6418135257943  1351
796.6493183998348  1233
796.6568232738753  1175
796.6643281479156  1327
796.6718330219561  1233
796.6793378959966  1325
796.686842770037  1146
796.6943476440774  1137
796.7018525181179  1374
796.7093573921584  1321
796.7168622661987  1516
796.7243671402392  1317
796.7318720142797  1378
796.7393768883201  1278
796.7468817623605  1319
796.754386636401  1330
796.7618915104415  1176
796.7693963844819  1380
796.7769012585223  1318
796.7844061325628  1338
796.7919110066032  1277
796.7994158806437  1408
796.8069207546841  1212
796.8144256287246  1371
796.821930502765  1230
796.8294353768055  1328
796.8369402508459  1305
796.8444451248863  1383
796.8519499989268  1322
796.8594548729673  1211
796.8669597470077  1272
796.8744646210481  1169
796.8819694950886  1313
796.8894743691291  1265
796.8969792431694  1285
796.9044841172099  1295
796.9119889912504  1266
796.9194938652909  1361
796.9269987393312  1375
796.9345036133717  1321
796.9420084874122  1202
796.9495133614525  1378
796.957018235493  1233
796.9645231095335  1310
796.972027983574  1349
796.9795328576143  1307
796.9870377316548  1413
796.9945426056953  1354
797.0020474797357  1442
797.0095523537761  1419
797.0170572278166  1311
797.0245621018571  1350
797.0320669758975  1305
797.0395718499379  1288
797.0470767239784  1353
797.0545815980188  1291
797.0620864720593  1370
797.0695913460997  1275
797.0770962201402  1384
797.0846010941806  1197
797.0921059682211  1364
797.0996108422615  1322
797.1071157163019  1390
797.1146205903424  1388
797.1221254643829  1370
797.1296303384233  1260
797.1371352124637  1358
797.1446400865042  1328
797.1521449605447  1338
797.159649834585  1375
797.1671547086255  1409
797.174659582666  1450
797.1821644567065  1354
797.1896693307468  1208
797.1971742047873  1383
797.2046790788278  1413
797.2121839528681  1280
797.2196888269086  1442
797.2271937009491  1346
797.2346985749896  1344
797.24220344903  1345
797.2497083230704  1344
797.2572131971109  1322
797.2647180711513  1420
797.2722229451917  1390
797.2797278192322  1360
797.2872326932727  1470
797.2947375673131  1390
797.3022424413535  1309
797.309747315394  1264
797.3172521894344  1381
797.3247570634749  1316
797.3322619375153  1284
797.3397668115558  1454
797.3472716855962  1234
797.3547765596367  1310
797.3622814336771  1340
797.3697863077175  1314
797.377291181758  1383
797.3847960557985  1417
797.3923009298389  1448
797.3998058038793  1268
797.4073106779198  1399
797.4148155519603  1405
797.4223204260006  1473
797.4298253000411  1432
797.4373301740816  1402
797.4448350481221  1362
797.4523399221624  1502
797.4598447962029  1393
797.4673496702434  1335
797.4748545442837  1480
797.4823594183242  1390
797.4898642923647  1252
797.4973691664052  1440
797.5048740404455  1290
797.512378914486  1483
797.5198837885265  1262
797.5273886625669  1391
797.5348935366073  1325
797.5423984106478  1329
797.5499032846883  1333
797.5574081587287  1423
797.5649130327691  1450
797.5724179068096  1365
797.57992278085  1317
797.5874276548905  1391
797.5949325289309  1502
797.6024374029713  1386
797.6099422770118  1307
797.6174471510523  1352
797.6249520250927  1350
797.6324568991331  1291
797.6399617731736  1316
797.6474666472141  1385
797.6549715212544  1340
797.6624763952949  1380
797.6699812693354  1356
797.6774861433759  1305
797.6849910174162  1260
797.6924958914567  1344
797.7000007654972  1298
797.7075056395375  1273
797.715010513578  1298
797.7225153876185  1434
797.730020261659  1468
797.7375251356993  1200
797.7450300097398  1257
797.7525348837803  1391
797.7600397578207  1366
797.7675446318611  1438
797.7750495059016  1417
797.7825543799421  1410
797.7900592539825  1244
797.7975641280229  1425
797.8050690020634  1293
797.8125738761038  1355
797.8200787501443  1303
797.8275836241847  1390
797.8350884982252  1407
797.8425933722656  1340
797.8500982463061  1303
797.8576031203465  1277
797.8651079943869  1324
797.8726128684274  1310
797.8801177424679  1320
797.8876226165083  1354
797.8951274905487  1312
797.9026323645892  1375
797.9101372386297  1321
797.91764211267  1376
797.9251469867105  1201
797.932651860751  1348
797.9401567347915  1391
797.9476616088318  1455
797.9551664828723  1317
797.9626713569128  1463
797.9701762309531  1324
797.9776811049936  1454
797.9851859790341  1225
797.9926908530746  1266
798.0001957271149  1125
798.0077006011554  1306
798.0152054751959  1513
798.0227103492363  1330
798.0302152232767  1423
798.0377200973172  1325
798.0452249713577  1254
798.0527298453981  1343
798.0602347194385  1297
798.067739593479  1381
798.0752444675194  1309
798.0827493415599  1225
798.0902542156003  1245
798.0977590896408  1286
798.1052639636812  1308
798.1127688377217  1316
798.1202737117621  1257
798.1277785858025  1297
798.135283459843  1368
798.1427883338835  1366
798.1502932079239  1341
798.1577980819643  1323
798.1653029560048  1407
798.1728078300453  1414
798.1803127040856  1319
798.1878175781261  1481
798.1953224521666  1355
798.2028273262071  1388
798.2103322002474  1344
798.2178370742879  1340
798.2253419483284  1308
798.2328468223687  1435
798.2403516964092  1314
798.2478565704497  1275
798.2553614444902  1354
798.2628663185305  1400
798.270371192571  1402
798.2778760666115  1320
798.2853809406519  1290
798.2928858146923  1376
798.3003906887328  1338
798.3078955627733  1416
798.3154004368137  1245
798.3229053108541  1317
798.3304101848946  1307
798.337915058935  1294
798.3454199329755  1327
798.3529248070159  1368
798.3604296810564  1284
798.3679345550968  1273
798.3754394291373  1167
798.3829443031777  1225
798.3904491772181  1371
798.3979540512586  1305
798.4054589252991  1248
798.4129637993395  1322
798.4204686733799  1303
798.4279735474204  1291
798.4354784214609  1327
798.4429832955012  1368
798.4504881695417  1408
798.4579930435822  1260
798.4654979176227  1142
798.473002791663  1305
798.4805076657035  1282
798.488012539744  1257
798.4955174137843  1287
798.5030222878248  1304
798.5105271618653  1271
798.5180320359057  1324
798.5255369099461  1278
798.5330417839866  1348
798.5405466580271  1238
798.5480515320675  1257
798.5555564061079  1220
798.5630612801484  1229
798.5705661541888  1209
798.5780710282293  1210
798.5855759022697  1372
798.5930807763102  1324
798.6005856503506  1300
798.6080905243911  1319
798.6155953984315  1304
798.6231002724719  1345
798.6306051465124  1271
798.6381100205529  1214
798.6456148945933  1293
798.6531197686337  1218
798.6606246426742  1264
798.6681295167147  1211
798.675634390755  1176
798.6831392647955  1266
798.690644138836  1205
798.6981490128765  1377
798.7056538869168  1224
798.7131587609573  1372
798.7206636349978  1372
798.7281685090381  1306
798.7356733830786  1292
798.7431782571191  1201
798.7506831311596  1276
798.7581880051999  1291
798.7656928792404  1165
798.7731977532809  1221
798.7807026273213  1240
798.7882075013617  1221
798.7957123754022  1198
798.8032172494427  1230
798.8107221234831  1242
798.8182269975235  1248
798.825731871564  1286
798.8332367456044  1278
798.8407416196449  1190
798.8482464936853  1271
798.8557513677258  1189
798.8632562417662  1234
798.8707611158067  1371
798.8782659898471  1298
798.8857708638875  1191
798.893275737928  1308
798.9007806119685  1190
798.9082854860089  1244
798.9157903600493  1207
798.9232952340898  1261
798.9308001081303  1173
798.9383049821706  1204
798.9458098562111  1226
798.9533147302516  1157
798.960819604292  1141
798.9683244783324  1096
798.9758293523729  1110
798.9833342264134  1112
798.9908391004537  1266
798.9983439744942  1260
799.0058488485347  1263
799.0133537225752  1186
799.0208585966155  1164
799.028363470656  1220
799.0358683446965  1175
799.0433732187369  1132
799.0508780927773  1386
799.0583829668178  1065
799.0658878408583  1259
799.0733927148987  1182
799.0808975889391  1204
799.0884024629796  1212
799.09590733702  1177
799.1034122110605  1233
799.1109170851009  1168
799.1184219591414  1137
799.1259268331818  1133
799.1334317072223  1130
799.1409365812627  1105
799.1484414553031  1146
799.1559463293436  1136
799.163451203384  1168
799.1709560774245  1242
799.1784609514649  1156
799.1859658255054  1079
799.1934706995459  1115
799.2009755735862  1145
799.2084804476267  1142
799.2159853216672  1243
799.2234901957077  1239
799.230995069748  1085
799.2384999437885  1170
799.246004817829  1192
799.2535096918693  1062
799.2610145659098  1147
799.2685194399503  1200
799.2760243139908  1207
799.2835291880311  1115
799.2910340620716  1035
799.2985389361121  1037
799.3060438101525  1079
799.3135486841929  1198
799.3210535582334  1261
799.3285584322739  1126
799.3360633063143  1115
799.3435681803547  1016
799.3510730543952  1098
799.3585779284356  1176
799.3660828024761  1098
799.3735876765165  1018
799.381092550557  1030
799.3885974245974  1106
799.3961022986379  1100
799.4036071726783  1109
799.4111120467187  1143
799.4186169207592  1188
799.4261217947997  1130
799.4336266688401  1066
799.4411315428805  1054
799.448636416921  960
799.4561412909615  1176
799.4636461650018  1127
799.4711510390423  1077
799.4786559130828  1092
799.4861607871233  1102
799.4936656611636  1136
799.5011705352041  1026
799.5086754092446  1084
799.5161802832849  1004
799.5236851573254  1000
799.5311900313659  956
799.5386949054064  1047
799.5461997794467  958
799.5537046534872  1068
799.5612095275277  985
799.5687144015681  935
799.5762192756085  871
799.583724149649  1017
799.5912290236895  904
799.5987338977299  1045
799.6062387717703  1046
799.6137436458108  986
799.6212485198512  919
799.6287533938917  875
799.6362582679321  1021
799.6437631419725  929
799.651268016013  1041
799.6587728900535  882
799.6662777640939  905
799.6737826381343  954
799.6812875121748  974
799.6887923862153  952
799.6962972602556  985
799.7038021342961  945
799.7113070083366  909
799.718811882377  1050
799.7263167564174  999
799.7338216304579  938
799.7413265044984  948
799.7488313785387  1163
799.7563362525792  989
799.7638411266197  980
799.7713460006602  969
799.7788508747005  993
799.786355748741  938
799.7938606227815  941
799.8013654968219  978
799.8088703708623  904
799.8163752449028  981
799.8238801189433  989
799.8313849929837  924
799.8388898670241  833
799.8463947410646  855
799.853899615105  864
799.8614044891455  844
799.8689093631859  944
799.8764142372264  926
799.8839191112668  1007
799.8914239853073  869
799.8989288593477  945
799.9064337333881  847
799.9139386074286  873
799.921443481469  801
799.9289483555095  793
799.9364532295499  940
799.9439581035904  953
799.9514629776309  868
799.9589678516712  890
799.9664727257117  776
799.9739775997522  1008
799.9814824737927  879
799.988987347833  874
799.9964922218735  868
800.003997095914  952
800.0115019699543  957
800.0190068439948  779
800.0265117180353  859
800.0340165920758  869
800.0415214661161  868
800.0490263401566  962
800.0565312141971  890
800.0640360882375  855
800.0715409622779  876
800.0790458363184  841
800.0865507103589  898
800.0940555843993  855
800.1015604584397  878
800.1090653324802  769
800.1165702065206  857
800.124075080561  802
800.1315799546015  763
800.139084828642  764
800.1465897026824  889
800.1540945767229  841
800.1615994507633  781
800.1691043248037  856
800.1766091988442  792
800.1841140728847  777
800.1916189469251  831
800.1991238209655  900
800.206628695006  784
800.2141335690465  838
800.2216384430868  872
800.2291433171273  828
800.2366481911678  760
800.2441530652083  870
800.2516579392486  734
800.2591628132891  914
800.2666676873296  798
800.2741725613699  840
800.2816774354104  731
800.2891823094509  662
800.2966871834914  801
800.3041920575317  784
800.3116969315722  701
800.3192018056127  695
800.3267066796531  778
800.3342115536935  765
800.341716427734  745
800.3492213017745  760
800.3567261758149  793
800.3642310498553  806
800.3717359238958  770
800.3792407979362  740
800.3867456719767  732
800.3942505460171  590
800.4017554200576  741
800.409260294098  800
800.4167651681385  717
800.4242700421789  680
800.4317749162193  789
800.4392797902598  699
800.4467846643003  703
800.4542895383407  737
800.4617944123811  762
800.4692992864216  683
800.476804160462  641
800.4843090345024  737
800.4918139085429  668
800.4993187825834  661
800.5068236566239  596
800.5143285306642  695
800.5218334047047  703
800.5293382787452  614
800.5368431527855  658
800.544348026826  694
800.5518529008665  673
800.5593577749069  694
800.5668626489473  718
800.5743675229878  742
800.5818723970283  730
800.5893772710687  612
800.5968821451091  650
800.6043870191496  647
800.61189189319  646
800.6193967672305  632
800.6269016412709  575
800.6344065153114  642
800.6419113893518  636
800.6494162633923  706
800.6569211374327  657
800.6644260114731  682
800.6719308855136  673
800.679435759554  581
800.6869406335945  661
800.6944455076349  617
800.7019503816754  555
800.7094552557159  605
800.7169601297562  625
800.7244650037967  644
800.7319698778372  629
800.7394747518777  618
800.746979625918  565
800.7544844999585  644
800.761989373999  661
800.7694942480393  616
800.7769991220798  573
800.7845039961203  654
800.7920088701608  580
800.7995137442011  546
800.8070186182416  543
800.8145234922821  626
800.8220283663225  620
800.8295332403629  526
800.8370381144034  550
800.8445429884439  626
800.8520478624843  571
800.8595527365247  638
800.8670576105652  593
800.8745624846056  606
800.882067358646  554
800.8895722326865  554
800.897077106727  610
800.9045819807674  545
800.9120868548079  520
800.9195917288483  608
800.9270966028887  630
800.9346014769292  519
800.9421063509697  517
800.9496112250101  538
800.9571160990505  518
800.964620973091  479
800.9721258471315  548
800.9796307211718  487
800.9871355952123  567
800.9946404692528  481
801.0021453432933  475
801.0096502173336  501
801.0171550913741  533
801.0246599654146  540
801.0321648394549  516
801.0396697134954  533
801.0471745875359  550
801.0546794615764  485
801.0621843356167  524
801.0696892096572  523
801.0771940836977  557
801.084698957738  564
801.0922038317785  490
801.099708705819  512
801.1072135798595  570
801.1147184538999  461
801.1222233279403  509
801.1297282019808  502
801.1372330760212  458
801.1447379500617  584
801.1522428241021  504
801.1597476981426  492
801.167252572183  508
801.1747574462235  480
801.1822623202639  472
801.1897671943043  410
801.1972720683448  524
801.2047769423853  514
801.2122818164257  449
801.2197866904661  434
801.2272915645066  504
801.234796438547  444
801.2423013125874  411
801.2498061866279  475
801.2573110606684  473
801.2648159347088  452
801.2723208087492  415
801.2798256827897  491
801.2873305568302  415
801.2948354308705  477
801.302340304911  500
801.3098451789515  466
801.317350052992  455
801.3248549270323  428
801.3323598010728  381
801.3398646751133  473
801.3473695491537  389
801.3548744231941  411
801.3623792972346  464
801.3698841712751  378
801.3773890453155  414
801.3848939193559  476
801.3923987933964  418
801.3999036674368  399
801.4074085414773  386
801.4149134155177  434
801.4224182895582  392
801.4299231635986  381
801.437428037639  413
801.4449329116795  438
801.4524377857199  375
801.4599426597604  425
801.4674475338009  367
801.4749524078413  386
801.4824572818817  388
801.4899621559222  470
801.4974670299626  406
801.504971904003  392
801.5124767780435  410
801.519981652084  402
801.5274865261244  354
801.5349914001648  448
801.5424962742053  394
801.5500011482458  370
801.5575060222861  336
801.5650108963266  407
801.5725157703671  412
801.5800206444076  370
801.5875255184479  300
801.5950303924884  373
801.6025352665289  356
801.6100401405693  313
801.6175450146097  302
801.6250498886502  361
801.6325547626906  321
801.640059636731  357
801.6475645107715  296
801.655069384812  281
801.6625742588524  380
801.6700791328929  369
801.6775840069333  335
801.6850888809737  340
801.6925937550142  373
801.7000986290547  404
801.7076035030951  316
801.7151083771355  352
801.722613251176  354
801.7301181252164  313
801.7376229992568  398
801.7451278732973  393
801.7526327473378  331
801.7601376213782  381
801.7676424954186  359
801.7751473694591  292
801.7826522434996  302
801.7901571175399  265
801.7976619915804  216
801.8051668656209  350
801.8126717396614  328
801.8201766137017  346
801.8276814877422  315
801.8351863617827  310
801.842691235823  320
801.8501961098635  379
801.857700983904  315
801.8652058579445  269
801.8727107319849  278
801.8802156060253  376
801.8877204800658  348
801.8952253541062  334
801.9027302281467  297
801.9102351021871  413
801.9177399762276  362
801.925244850268  327
801.9327497243085  382
801.9402545983489  292
801.9477594723893  283
801.9552643464298  328
801.9627692204702  360
801.9702740945107  314
801.9777789685511  320
801.9852838425916  332
801.992788716632  308
802.0002935906724  320
802.0077984647129  208
802.0153033387534  292
802.0228082127938  258
802.0303130868342  298
802.0378179608747  257
802.0453228349152  269
802.0528277089555  345
802.060332582996  356
802.0678374570365  282
802.075342331077  249
802.0828472051173  306
802.0903520791578  257
802.0978569531983  276
802.1053618272387  255
802.1128667012791  284
802.1203715753196  233
802.1278764493601  219
802.1353813234005  304
802.1428861974409  283
802.1503910714814  260
802.1578959455218  284
802.1654008195623  250
802.1729056936027  265
802.1804105676432  277
802.1879154416836  289
802.195420315724  257
802.2029251897645  248
802.2104300638049  226
802.2179349378454  295
802.2254398118858  246
802.2329446859263  237
802.2404495599667  266
802.2479544340072  287
802.2554593080476  255
802.262964182088  277
802.2704690561285  229
802.277973930169  209
802.2854788042094  240
802.2929836782498  277
802.3004885522903  228
802.3079934263308  273
802.3154983003711  221
802.3230031744116  252
802.3305080484521  197
802.3380129224926  232
802.3455177965329  309
802.3530226705734  238
802.3605275446139  251
802.3680324186543  223
802.3755372926947  232
802.3830421667352  241
802.3905470407757  254
802.398051914816  165
802.4055567888565  204
802.413061662897  249
802.4205665369374  310
802.4280714109779  242
802.4355762850183  204
802.4430811590588  229
802.4505860330992  223
802.4580909071396  228
802.4655957811801  236
802.4731006552205  215
802.480605529261  277
802.4881104033014  213
802.4956152773419  225
802.5031201513823  185
802.5106250254228  225
802.5181298994632  245
802.5256347735036  225
802.5331396475441  207
802.5406445215846  231
802.5481493956249  255
802.5556542696654  251
802.5631591437059  220
802.5706640177464  192
802.5781688917867  225
802.5856737658272  203
802.5931786398677  255
802.600683513908  213
802.6081883879485  207
802.615693261989  223
802.6231981360295  220
802.6307030100699  226
802.6382078841103  262
802.6457127581508  235
802.6532176321912  214
802.6607225062317  296
802.6682273802721  241
802.6757322543126  251
802.683237128353  203
802.6907420023934  172
802.6982468764339  208
802.7057517504743  175
802.7132566245148  213
802.7207614985552  214
802.7282663725957  189
802.7357712466361  159
802.7432761206766  145
802.750780994717  206
802.7582858687574  185
802.7657907427979  208
802.7732956168384  201
802.7808004908788  203
802.7883053649192  242
802.7958102389597  196
802.8033151130002  215
802.8108199870405  215
802.818324861081  180
802.8258297351215  169
802.833334609162  184
802.8408394832023  178
802.8483443572428  187
802.8558492312833  193
802.8633541053237  203
802.8708589793641  159
802.8783638534046  210
802.8858687274451  287
802.8933736014855  170
802.9008784755259  215
802.9083833495664  225
802.9158882236068  192
802.9233930976472  226
802.9308979716877  178
802.9384028457282  175
802.9459077197686  232
802.953412593809  152
802.9609174678495  202
802.9684223418899  145
802.9759272159304  166
802.9834320899708  167
802.9909369640113  170
802.9984418380517  207
803.0059467120922  203
803.0134515861326  152
803.020956460173  185
803.0284613342135  164
803.035966208254  235
803.0434710822944  193
803.0509759563348  145
803.0584808303753  164
803.0659857044158  198
803.0734905784561  223
803.0809954524966  233
803.0885003265371  201
803.0960052005776  229
803.1035100746179  207
803.1110149486584  172
803.1185198226989  206
803.1260246967393  176
803.1335295707797  193
803.1410344448202  194
803.1485393188607  190
803.156044192901  194
803.1635490669415  178
803.171053940982  181
803.1785588150224  198
803.1860636890628  220
803.1935685631033  158
803.2010734371438  161
803.2085783111842  157
803.2160831852246  186
803.2235880592651  186
803.2310929333055  180
803.238597807346  178
803.2461026813864  192
803.2536075554269  133
803.2611124294673  168
803.2686173035078  217
803.2761221775482  151
803.2836270515886  182
803.2911319256291  236
803.2986367996696  181
803.30614167371  169
803.3136465477504  183
803.3211514217909  158
803.3286562958314  143
803.3361611698717  159
803.3436660439122  171
803.3511709179527  138
803.3586757919932  184
803.3661806660335  139
803.373685540074  156
803.3811904141145  165
803.3886952881548  172
803.3962001621953  138
803.4037050362358  220
803.4112099102763  240
803.4187147843166  169
803.4262196583571  157
803.4337245323976  154
803.441229406438  155
803.4487342804784  150
803.4562391545189  142
803.4637440285594  146
803.4712489025998  168
803.4787537766402  166
803.4862586506807  171
803.4937635247211  109
803.5012683987616  194
803.508773272802  199
803.5162781468425  149
803.5237830208829  166
803.5312878949234  113
803.5387927689638  152
803.5462976430042  199
803.5538025170447  186
803.5613073910852  173
803.5688122651256  162
803.576317139166  152
803.5838220132065  188
803.591326887247  158
803.5988317612873  189
803.6063366353278  130
803.6138415093683  151
803.6213463834088  171
803.6288512574491  140
803.6363561314896  187
803.6438610055301  167
803.6513658795704  172
803.6588707536109  155
803.6663756276514  109
803.6738805016918  156
803.6813853757322  140
803.6888902497727  159
803.6963951238132  176
803.7038999978536  177
803.711404871894  172
803.7189097459345  182
803.7264146199749  159
803.7339194940154  114
803.7414243680558  101
803.7489292420963  203
803.7564341161367  201
803.7639389901772  135
803.7714438642176  171
803.778948738258  166
803.7864536122985  139
803.793958486339  137
803.8014633603794  112
803.8089682344198  76
803.8164731084603  178
803.8239779825008  125
803.8314828565411  112
803.8389877305816  113
803.8464926046221  159
803.8539974786626  172
803.8615023527029  124
803.8690072267434  139
803.8765121007839  159
803.8840169748242  170
803.8915218488647  162
803.8990267229052  172
803.9065315969457  189
803.914036470986  106
803.9215413450265  151
803.929046219067  157
803.9365510931074  161
803.9440559671478  128
803.9515608411883  141
803.9590657152288  124
803.9665705892692  143
803.9740754633096  146
803.9815803373501  134
803.9890852113905  152
803.996590085431  146
804.0040949594714  160
804.0115998335119  145
804.0191047075523  152
804.0266095815928  153
804.0341144556332  164
804.0416193296736  122
804.0491242037141  155
804.0566290777546  201
804.064133951795  153
804.0716388258354  113
804.0791436998759  199
804.0866485739164  120
804.0941534479567  114
804.1016583219972  107
804.1091631960377  158
804.1166680700782  96
804.1241729441185  126
804.131677818159  134
804.1391826921995  172
804.1466875662398  169
804.1541924402803  119
804.1616973143208  154
804.1692021883613  160
804.1767070624016  170
804.1842119364421  156
804.1917168104826  117
804.199221684523  112
804.2067265585634  180
804.2142314326039  165
804.2217363066444  124
804.2292411806848  172
804.2367460547252  191
