# x-label = Wavelength [nm]
# y-label = Intensity
776.7465157357716  4
776.7540175695949  -1
776.7615194034182  28
776.7690212372414  -12
776.7765230710647  13
776.784024904888  42
776.7915267387112  -3
776.7990285725346  0
776.8065304063579  -6
776.8140322401811  14
776.8215340740044  -21
776.8290359078277  -12
776.836537741651  22
776.8440395754742  13
776.8515414092975  -21
776.8590432431208  23
776.866545076944  27
776.8740469107673  13
776.8815487445906  7
776.8890505784138  -17
776.8965524122372  5
776.9040542460605  13
776.9115560798838  -2
776.919057913707  -5
776.9265597475303  -23
776.9340615813536  28
776.9415634151768  12
776.9490652490001  -23
776.9565670828234  -31
776.9640689166466  16
776.9715707504699  28
776.9790725842932  9
776.9865744181166  0
776.9940762519398  13
777.0015780857631  -1
777.0090799195864  29
777.0165817534096  4
777.0240835872329  -17
777.0315854210562  12
777.0390872548794  -7
777.0465890887027  15
777.054090922526  12
777.0615927563493  14
777.0690945901725  4
777.0765964239959  6
777.0840982578192  11
777.0916000916424  -7
777.0991019254657  8
777.106603759289  8
777.1141055931122  16
777.1216074269355  -38
777.1291092607588  -32
777.1366110945821  44
777.1441129284053  5
777.1516147622286  -15
777.159116596052  15
777.1666184298751  41
777.1741202636985  14
777.1816220975218  5
777.189123931345  26
777.1966257651683  -6
777.2041275989916  -19
777.2116294328149  15
777.2191312666381  -23
777.2266331004614  -24
777.2341349342847  -6
777.2416367681079  -5
777.2491386019312  42
777.2566404357545  12
777.2641422695777  -3
777.2716441034011  -7
777.2791459372244  -15
777.2866477710477  -8
777.2941496048709  1
777.3016514386942  -31
777.3091532725175  -8
777.3166551063407  -6
777.324156940164  29
777.3316587739873  31
777.3391606078105  6
777.3466624416338  -34
777.3541642754572  -5
777.3616661092805  1
777.3691679431037  29
777.376669776927  47
777.3841716107503  -41
777.3916734445735  22
777.3991752783968  -1
777.4066771122201  -28
777.4141789460433  20
777.4216807798666  -1
777.4291826136899  10
777.4366844475132  37
777.4441862813364  19
777.4516881151598  1
777.4591899489831  -13
777.4666917828063  21
777.4741936166296  -11
777.4816954504529  -8
777.4891972842761  -2
777.4966991180994  -1
777.5042009519227  24
777.511702785746  -10
777.5192046195692  12
777.5267064533925  15
777.5342082872158  55
777.541710121039  51
777.5492119548624  10
777.5567137886857  10
777.5642156225089  6
777.5717174563322  5
777.5792192901555  23
777.5867211239788  6
777.594222957802  14
777.6017247916253  52
777.6092266254486  17
777.6167284592718  -36
777.6242302930951  -11
777.6317321269185  12
777.6392339607416  21
777.646735794565  -4
777.6542376283883  -5
777.6617394622116  15
777.6692412960348  16
777.6767431298581  13
777.6842449636814  -9
777.6917467975046  5
777.6992486313279  17
777.7067504651512  25
777.7142522989745  -17
777.7217541327977  25
777.729255966621  24
777.7367578004444  14
777.7442596342676  -11
777.7517614680909  38
777.7592633019142  -4
777.7667651357374  -6
777.7742669695607  19
777.781768803384  -21
777.7892706372072  26
777.7967724710305  -10
777.8042743048538  -5
777.8117761386771  28
777.8192779725003  -8
777.8267798063237  -4
777.834281640147  -34
777.8417834739702  30
777.8492853077935  5
777.8567871416168  -4
777.8642889754401  17
777.8717908092633  -11
777.8792926430866  -13
777.8867944769099  -15
777.8942963107331  -10
777.9017981445564  -3
777.9092999783797  -25
777.916801812203  -19
777.9243036460263  10
777.9318054798496  -8
777.9393073136729  28
777.9468091474961  0
777.9543109813194  32
777.9618128151427  33
777.9693146489659  -45
777.9768164827892  17
777.9843183166125  -1
777.9918201504357  15
777.999321984259  7
778.0068238180824  8
778.0143256519057  0
778.0218274857289  19
778.0293293195522  6
778.0368311533755  23
778.0443329871987  -11
778.051834821022  4
778.0593366548453  40
778.0668384886685  -29
778.0743403224918  11
778.0818421563151  22
778.0893439901384  10
778.0968458239616  -8
778.104347657785  22
778.1118494916083  -2
778.1193513254315  -32
778.1268531592548  -19
778.1343549930781  -19
778.1418568269013  4
778.1493586607246  11
778.1568604945479  12
778.1643623283712  43
778.1718641621944  -7
778.1793659960177  -15
778.186867829841  3
778.1943696636642  38
778.2018714974876  17
778.2093733313109  -2
778.2168751651341  -21
778.2243769989574  25
778.2318788327807  26
778.239380666604  4
778.2468825004272  1
778.2543843342505  -27
778.2618861680738  0
778.269388001897  3
778.2768898357203  0
778.2843916695437  19
778.2918935033669  -8
778.2993953371902  10
778.3068971710135  -1
778.3143990048368  -13
778.32190083866  15
778.3294026724833  45
778.3369045063066  -7
778.3444063401298  -13
778.3519081739531  -19
778.3594100077764  21
778.3669118415996  -16
778.3744136754229  8
778.3819155092463  -5
778.3894173430696  -8
778.3969191768928  7
778.4044210107161  -1
778.4119228445394  28
778.4194246783626  -1
778.4269265121859  -10
778.4344283460092  -20
778.4419301798324  12
778.4494320136557  -16
778.456933847479  19
778.4644356813023  36
778.4719375151255  51
778.4794393489489  -7
778.4869411827722  25
778.4944430165954  21
778.5019448504187  -34
778.509446684242  15
778.5169485180652  4
778.5244503518885  -32
778.5319521857118  -23
778.5394540195351  32
778.5469558533583  9
778.5544576871816  26
778.561959521005  -26
778.5694613548281  -2
778.5769631886515  -8
778.5844650224748  22
778.591966856298  -6
778.5994686901213  8
778.6069705239446  -2
778.6144723577679  23
778.6219741915911  6
778.6294760254144  5
778.6369778592377  0
778.6444796930609  10
778.6519815268842  -2
778.6594833607076  43
778.6669851945308  -12
778.6744870283541  0
778.6819888621774  -10
778.6894906960007  -9
778.6969925298239  -24
778.7044943636472  11
778.7119961974705  -5
778.7194980312937  10
778.726999865117  72
778.7345016989403  12
778.7420035327635  -1
778.7495053665868  13
778.7570072004102  -1
778.7645090342335  3
778.7720108680567  17
778.77951270188  12
778.7870145357033  23
778.7945163695265  12
778.8020182033498  -6
778.8095200371731  26
778.8170218709963  -1
778.8245237048196  7
778.8320255386429  38
778.8395273724663  -13
778.8470292062894  17
778.8545310401128  19
778.8620328739361  21
778.8695347077593  3
778.8770365415826  9
778.8845383754059  16
778.8920402092291  -25
778.8995420430524  10
778.9070438768757  16
778.914545710699  11
778.9220475445222  29
778.9295493783455  -20
778.9370512121689  -9
778.944553045992  5
778.9520548798154  13
778.9595567136387  0
778.9670585474619  5
778.9745603812852  28
778.9820622151085  28
778.9895640489318  -11
778.997065882755  -35
779.0045677165783  0
779.0120695504016  -5
779.0195713842248  -18
779.0270732180481  13
779.0345750518715  4
779.0420768856947  15
779.049578719518  9
779.0570805533413  -38
779.0645823871646  -24
779.0720842209878  -8
779.0795860548111  -23
779.0870878886344  -12
779.0945897224576  -3
779.1020915562809  -6
779.1095933901042  4
779.1170952239274  -11
779.1245970577507  -17
779.1320988915741  -4
779.1396007253974  0
779.1471025592206  10
779.1546043930439  16
779.1621062268672  1
779.1696080606904  10
779.1771098945137  35
779.184611728337  -25
779.1921135621602  -15
779.1996153959835  9
779.2071172298068  -9
779.2146190636302  7
779.2221208974534  16
779.2296227312767  -21
779.2371245651  19
779.2446263989232  -2
779.2521282327465  -7
779.2596300665698  48
779.267131900393  19
779.2746337342163  8
779.2821355680396  -7
779.2896374018629  -6
779.2971392356861  38
779.3046410695094  5
779.3121429033328  9
779.319644737156  12
779.3271465709793  -44
779.3346484048026  6
779.3421502386259  -24
779.3496520724491  0
779.3571539062724  23
779.3646557400957  10
779.3721575739189  -2
779.3796594077422  3
779.3871612415655  10
779.3946630753887  -8
779.402164909212  26
779.4096667430354  21
779.4171685768586  17
779.4246704106819  19
779.4321722445052  -11
779.4396740783285  13
779.4471759121517  -6
779.454677745975  21
779.4621795797983  -15
779.4696814136215  -27
779.4771832474448  -1
779.4846850812681  30
779.4921869150915  4
779.4996887489147  -13
779.507190582738  12
779.5146924165613  -4
779.5221942503845  -22
779.5296960842078  13
779.5371979180311  -2
779.5446997518543  -19
779.5522015856776  11
779.5597034195009  -21
779.5672052533242  23
779.5747070871474  49
779.5822089209707  46
779.589710754794  21
779.5972125886173  -26
779.6047144224406  19
779.6122162562639  7
779.6197180900871  -21
779.6272199239104  -26
779.6347217577337  19
779.642223591557  -7
779.6497254253802  30
779.6572272592035  25
779.6647290930268  11
779.67223092685  40
779.6797327606733  11
779.6872345944967  44
779.6947364283199  22
779.7022382621432  19
779.7097400959665  52
779.7172419297898  -4
779.724743763613  0
779.7322455974363  -33
779.7397474312596  13
779.7472492650828  4
779.7547510989061  -10
779.7622529327294  1
779.7697547665526  11
779.777256600376  17
779.7847584341993  5
779.7922602680226  13
779.7997621018458  -19
779.8072639356691  17
779.8147657694924  -15
779.8222676033156  1
779.8297694371389  5
779.8372712709622  26
779.8447731047854  63
779.8522749386087  31
779.859776772432  -26
779.8672786062554  -5
779.8747804400786  17
779.8822822739019  -10
779.8897841077252  1
779.8972859415484  11
779.9047877753717  6
779.912289609195  -12
779.9197914430182  9
779.9272932768415  32
779.9347951106648  3
779.9422969444881  -5
779.9497987783113  -26
779.9573006121346  13
779.964802445958  -4
779.9723042797812  -1
779.9798061136045  29
779.9873079474278  -2
779.994809781251  12
780.0023116150743  -10
780.0098134488976  1
780.0173152827209  -5
780.0248171165441  11
780.0323189503674  -18
780.0398207841907  -8
780.0473226180139  -15
780.0548244518372  4
780.0623262856606  -18
780.0698281194838  4
780.0773299533071  26
780.0848317871304  21
780.0923336209537  15
780.0998354547769  11
780.1073372886002  -2
780.1148391224235  -17
780.1223409562467  -6
780.12984279007  22
780.1373446238933  30
780.1448464577165  4
780.1523482915399  -23
780.1598501253632  17
780.1673519591865  3
780.1748537930097  5
780.182355626833  3
780.1898574606563  -7
780.1973592944795  25
780.2048611283028  -18
780.2123629621261  -23
780.2198647959493  6
780.2273666297726  3
780.234868463596  19
780.2423702974193  31
780.2498721312425  5
780.2573739650658  12
780.2648757988891  4
780.2723776327123  -10
780.2798794665356  31
780.2873813003589  -7
780.2948831341821  20
780.3023849680054  12
780.3098868018287  14
780.317388635652  23
780.3248904694752  0
780.3323923032985  -4
780.3398941371219  55
780.3473959709451  14
780.3548978047684  9
780.3623996385917  -4
780.3699014724149  -27
780.3774033062382  20
780.3849051400615  -10
780.3924069738848  4
780.399908807708  6
780.4074106415313  -10
780.4149124753546  33
780.4224143091778  -2
780.4299161430012  8
780.4374179768245  43
780.4449198106477  -36
780.452421644471  6
780.4599234782943  14
780.4674253121176  30
780.4749271459408  -5
780.4824289797641  -11
780.4899308135874  -6
780.4974326474106  -8
780.5049344812339  -17
780.5124363150572  17
780.5199381488804  15
780.5274399827038  1
780.5349418165271  9
780.5424436503504  3
780.5499454841736  32
780.5574473179969  9
780.5649491518202  15
780.5724509856434  -3
780.5799528194667  5
780.58745465329  -11
780.5949564871132  -2
780.6024583209365  -5
780.6099601547598  -11
780.6174619885832  27
780.6249638224064  15
780.6324656562297  0
780.639967490053  -17
780.6474693238762  15
780.6549711576995  -15
780.6624729915228  7
780.669974825346  -3
780.6774766591693  13
780.6849784929926  -6
780.6924803268159  3
780.6999821606391  11
780.7074839944625  38
780.7149858282858  -10
780.722487662109  25
780.7299894959323  40
780.7374913297556  -23
780.7449931635788  -13
780.7524949974021  -1
780.7599968312254  28
780.7674986650487  -1
780.7750004988719  26
780.7825023326952  4
780.7900041665185  -10
780.7975060003417  26
780.805007834165  -16
780.8125096679884  10
780.8200115018116  -20
780.8275133356349  11
780.8350151694582  25
780.8425170032815  9
780.8500188371047  33
780.857520670928  26
780.8650225047513  27
780.8725243385745  -26
780.8800261723978  26
780.8875280062211  14
780.8950298400443  22
780.9025316738677  -39
780.910033507691  19
780.9175353415143  47
780.9250371753375  -16
780.9325390091608  5
780.9400408429841  7
780.9475426768073  -25
780.9550445106306  36
780.9625463444539  20
780.9700481782772  16
780.9775500121004  10
780.9850518459237  -3
780.9925536797471  3
781.0000555135703  15
781.0075573473936  7
781.0150591812169  -21
781.0225610150401  -6
781.0300628488634  -6
781.0375646826867  8
781.0450665165099  44
781.0525683503332  -2
781.0600701841565  -12
781.0675720179798  3
781.075073851803  -19
781.0825756856264  -3
781.0900775194497  9
781.0975793532729  3
781.1050811870962  23
781.1125830209195  6
781.1200848547428  23
781.127586688566  37
781.1350885223893  -7
781.1425903562126  10
781.1500921900358  37
781.1575940238591  31
781.1650958576824  1
781.1725976915056  -40
781.180099525329  -19
781.1876013591523  16
781.1951031929756  1
781.2026050267988  8
781.2101068606221  44
781.2176086944454  47
781.2251105282686  -4
781.2326123620919  9
781.2401141959152  -1
781.2476160297384  9
781.2551178635617  1
781.262619697385  5
781.2701215312084  23
781.2776233650316  -17
781.2851251988549  12
781.2926270326782  -24
781.3001288665014  32
781.3076307003247  -1
781.315132534148  -7
781.3226343679712  -11
781.3301362017945  6
781.3376380356178  11
781.3451398694411  31
781.3526417032643  17
781.3601435370877  1
781.367645370911  43
781.3751472047342  -23
781.3826490385575  16
781.3901508723808  29
781.397652706204  -7
781.4051545400273  13
781.4126563738506  0
781.4201582076739  28
781.4276600414971  -17
781.4351618753204  -17
781.4426637091437  14
781.4501655429669  0
781.4576673767903  28
781.4651692106136  9
781.4726710444368  9
781.4801728782601  6
781.4876747120834  17
781.4951765459067  -2
781.5026783797299  5
781.5101802135532  33
781.5176820473765  -10
781.5251838811997  5
781.532685715023  32
781.5401875488463  13
781.5476893826695  14
781.5551912164929  -7
781.5626930503162  7
781.5701948841395  9
781.5776967179627  -33
781.585198551786  -5
781.5927003856093  15
781.6002022194325  17
781.6077040532558  39
781.6152058870791  33
781.6227077209023  -56
781.6302095547256  15
781.637711388549  -22
781.6452132223723  -4
781.6527150561955  -23
781.6602168900188  19
781.6677187238421  -6
781.6752205576653  23
781.6827223914886  11
781.6902242253119  27
781.6977260591351  8
781.7052278929584  -9
781.7127297267817  5
781.720231560605  -4
781.7277333944282  21
781.7352352282516  5
781.7427370620749  20
781.7502388958981  10
781.7577407297214  6
781.7652425635447  0
781.7727443973679  4
781.7802462311912  6
781.7877480650145  8
781.7952498988378  7
781.802751732661  15
781.8102535664843  33
781.8177554003076  -19
781.8252572341308  15
781.8327590679542  -10
781.8402609017775  24
781.8477627356007  7
781.855264569424  11
781.8627664032473  -23
781.8702682370706  31
781.8777700708938  -21
781.8852719047171  8
781.8927737385404  14
781.9002755723636  38
781.9077774061869  25
781.9152792400102  59
781.9227810738334  -4
781.9302829076568  44
781.9377847414801  30
781.9452865753034  24
781.9527884091266  28
781.9602902429499  -7
781.9677920767732  5
781.9752939105964  6
781.9827957444197  13
781.990297578243  7
781.9977994120662  20
782.0053012458895  -36
782.0128030797129  33
782.0203049135362  -8
782.0278067473594  11
782.0353085811827  7
782.042810415006  41
782.0503122488292  -1
782.0578140826525  8
782.0653159164758  8
782.072817750299  -15
782.0803195841223  -12
782.0878214179456  3
782.095323251769  7
782.1028250855921  8
782.1103269194155  3
782.1178287532388  -10
782.125330587062  -7
782.1328324208853  7
782.1403342547086  1
782.1478360885318  22
782.1553379223551  30
782.1628397561784  20
782.1703415900017  31
782.1778434238249  26
782.1853452576482  31
782.1928470914715  3
782.2003489252947  45
782.2078507591181  13
782.2153525929414  -8
782.2228544267646  -16
782.2303562605879  26
782.2378580944112  19
782.2453599282345  10
782.2528617620577  42
782.260363595881  -15
782.2678654297043  -13
782.2753672635275  6
782.2828690973508  4
782.2903709311742  6
782.2978727649974  10
782.3053745988207  -1
782.312876432644  31
782.3203782664673  1
782.3278801002905  15
782.3353819341138  17
782.3428837679371  24
782.3503856017603  -5
782.3578874355836  12
782.3653892694069  -3
782.3728911032301  35
782.3803929370534  19
782.3878947708768  12
782.3953966047001  21
782.4028984385233  -8
782.4104002723466  11
782.4179021061699  -10
782.4254039399931  21
782.4329057738164  43
782.4404076076397  26
782.4479094414629  14
782.4554112752862  5
782.4629131091095  32
782.4704149429328  7
782.477916776756  24
782.4854186105794  13
782.4929204444027  25
782.5004222782259  45
782.5079241120492  -12
782.5154259458725  6
782.5229277796957  36
782.530429613519  -6
782.5379314473423  46
782.5454332811656  17
782.5529351149888  19
782.5604369488121  8
782.5679387826355  25
782.5754406164586  -19
782.582942450282  30
782.5904442841053  4
782.5979461179286  -19
782.6054479517518  -1
782.6129497855751  40
782.6204516193984  12
782.6279534532216  20
782.6354552870449  9
782.6429571208682  20
782.6504589546914  -45
782.6579607885147  -4
782.665462622338  36
782.6729644561613  36
782.6804662899846  23
782.6879681238079  21
782.6954699576312  26
782.7029717914544  21
782.7104736252777  47
782.717975459101  64
782.7254772929242  27
782.7329791267475  27
782.7404809605708  -11
782.7479827943941  15
782.7554846282173  7
782.7629864620407  7
782.770488295864  -3
782.7779901296872  47
782.7854919635105  73
782.7929937973338  49
782.800495631157  39
782.8079974649803  -19
782.8154992988036  17
782.8230011326268  -17
782.8305029664501  11
782.8380048002734  31
782.8455066340968  30
782.85300846792  46
782.8605103017433  30
782.8680121355666  -20
782.8755139693898  28
782.8830158032131  53
782.8905176370364  55
782.8980194708597  17
782.9055213046829  -4
782.9130231385062  -2
782.9205249723295  15
782.9280268061527  -10
782.935528639976  -3
782.9430304737994  9
782.9505323076226  70
782.9580341414459  23
782.9655359752692  7
782.9730378090925  7
782.9805396429157  17
782.988041476739  4
782.9955433105623  21
783.0030451443855  30
783.0105469782088  38
783.0180488120321  -2
783.0255506458553  11
783.0330524796786  0
783.040554313502  -17
783.0480561473253  51
783.0555579811485  -18
783.0630598149718  9
783.0705616487951  4
783.0780634826183  56
783.0855653164416  15
783.0930671502649  21
783.1005689840881  1
783.1080708179114  24
783.1155726517347  55
783.123074485558  -9
783.1305763193812  -2
783.1380781532046  32
783.1455799870279  -7
783.1530818208511  23
783.1605836546744  9
783.1680854884977  35
783.1755873223209  10
783.1830891561442  9
783.1905909899675  8
783.1980928237908  14
783.205594657614  22
783.2130964914373  37
783.2205983252607  11
783.2281001590839  -3
783.2356019929072  16
783.2431038267305  23
783.2506056605537  33
783.258107494377  41
783.2656093282003  26
783.2731111620236  28
783.2806129958468  15
783.2881148296701  14
783.2956166634934  22
783.3031184973166  61
783.31062033114  14
783.3181221649633  22
783.3256239987865  24
783.3331258326098  56
783.3406276664331  33
783.3481295002564  9
783.3556313340796  6
783.3631331679029  8
783.3706350017262  39
783.3781368355494  32
783.3856386693727  -8
783.393140503196  60
783.4006423370192  7
783.4081441708425  29
783.4156460046659  -31
783.4231478384892  -22
783.4306496723124  10
783.4381515061357  -8
783.445653339959  41
783.4531551737822  9
783.4606570076055  -1
783.4681588414288  15
783.475660675252  63
783.4831625090753  46
783.4906643428986  4
783.498166176722  30
783.5056680105452  37
783.5131698443685  24
783.5206716781918  19
783.528173512015  38
783.5356753458383  -2
783.5431771796616  37
783.5506790134848  15
783.5581808473081  42
783.5656826811314  48
783.5731845149547  -24
783.5806863487779  45
783.5881881826012  -8
783.5956900164246  46
783.6031918502478  14
783.6106936840711  10
783.6181955178944  1
783.6256973517176  10
783.6331991855409  26
783.6407010193642  36
783.6482028531875  23
783.6557046870107  26
783.663206520834  -13
783.6707083546573  39
783.6782101884805  74
783.6857120223038  43
783.6932138561272  11
783.7007156899504  8
783.7082175237737  26
783.715719357597  20
783.7232211914203  38
783.7307230252435  -3
783.7382248590668  36
783.7457266928901  35
783.7532285267133  38
783.7607303605366  27
783.7682321943599  36
783.7757340281831  13
783.7832358620064  -23
783.7907376958298  28
783.7982395296531  -36
783.8057413634763  41
783.8132431972996  26
783.8207450311229  13
783.8282468649461  23
783.8357486987694  21
783.8432505325927  -3
783.8507523664159  10
783.8582542002392  15
783.8657560340625  28
783.8732578678859  52
783.880759701709  38
783.8882615355324  36
783.8957633693557  38
783.9032652031789  -9
783.9107670370022  7
783.9182688708255  12
783.9257707046487  63
783.933272538472  36
783.9407743722953  16
783.9482762061186  30
783.9557780399418  -17
783.9632798737651  38
783.9707817075885  42
783.9782835414117  14
783.985785375235  80
783.9932872090583  31
784.0007890428815  52
784.0082908767048  26
784.0157927105281  22
784.0232945443514  27
784.0307963781746  5
784.0382982119979  69
784.0458000458212  26
784.0533018796444  27
784.0608037134677  51
784.0683055472911  40
784.0758073811143  -5
784.0833092149376  28
784.0908110487609  33
784.0983128825842  16
784.1058147164074  40
784.1133165502307  3
784.120818384054  23
784.1283202178772  26
784.1358220517005  43
784.1433238855238  5
784.150825719347  27
784.1583275531704  52
784.1658293869937  45
784.173331220817  -3
784.1808330546402  47
784.1883348884635  0
784.1958367222868  -21
784.20333855611  52
784.2108403899333  64
784.2183422237566  52
784.2258440575798  26
784.2333458914031  29
784.2408477252264  39
784.2483495590498  -4
784.255851392873  8
784.2633532266963  36
784.2708550605196  7
784.2783568943428  32
784.2858587281661  54
784.2933605619894  35
784.3008623958126  52
784.3083642296359  13
784.3158660634592  20
784.3233678972825  21
784.3308697311057  13
784.338371564929  36
784.3458733987524  24
784.3533752325756  55
784.3608770663989  31
784.3683789002222  39
784.3758807340455  43
784.3833825678687  -1
784.390884401692  46
784.3983862355153  43
784.4058880693385  25
784.4133899031618  15
784.4208917369851  12
784.4283935708083  31
784.4358954046317  31
784.443397238455  37
784.4508990722783  23
784.4584009061015  38
784.4659027399248  29
784.4734045737481  53
784.4809064075713  40
784.4884082413946  37
784.4959100752179  40
784.5034119090411  49
784.5109137428644  57
784.5184155766877  24
784.525917410511  44
784.5334192443343  32
784.5409210781576  60
784.5484229119809  29
784.5559247458041  40
784.5634265796274  27
784.5709284134507  15
784.5784302472739  38
784.5859320810972  32
784.5934339149205  27
784.6009357487438  47
784.608437582567  41
784.6159394163903  85
784.6234412502137  30
784.6309430840369  15
784.6384449178602  42
784.6459467516835  40
784.6534485855067  13
784.66095041933  -4
784.6684522531533  14
784.6759540869766  16
784.6834559207998  44
784.6909577546231  38
784.6984595884464  21
784.7059614222696  37
784.713463256093  79
784.7209650899163  27
784.7284669237395  51
784.7359687575628  27
784.7434705913861  46
784.7509724252094  58
784.7584742590326  44
784.7659760928559  39
784.7734779266792  47
784.7809797605024  46
784.7884815943257  57
784.795983428149  65
784.8034852619722  60
784.8109870957956  13
784.8184889296189  29
784.8259907634422  75
784.8334925972654  29
784.8409944310887  43
784.848496264912  24
784.8559980987352  27
784.8634999325585  48
784.8710017663818  24
784.878503600205  31
784.8860054340283  15
784.8935072678516  63
784.901009101675  51
784.9085109354982  8
784.9160127693215  44
784.9235146031448  48
784.931016436968  20
784.9385182707913  48
784.9460201046146  43
784.9535219384378  29
784.9610237722611  56
784.9685256060844  39
784.9760274399077  23
784.9835292737309  43
784.9910311075542  35
784.9985329413776  29
785.0060347752008  33
785.0135366090241  0
785.0210384428474  22
785.0285402766706  20
785.0360421104939  23
785.0435439443172  38
785.0510457781405  21
785.0585476119637  -11
785.066049445787  7
785.0735512796103  33
785.0810531134335  22
785.0885549472569  10
785.0960567810802  73
785.1035586149034  31
785.1110604487267  5
785.11856228255  28
785.1260641163733  30
785.1335659501965  41
785.1410677840198  42
785.1485696178431  60
785.1560714516663  58
785.1635732854896  41
785.171075119313  29
785.1785769531361  22
785.1860787869595  24
785.1935806207828  49
785.2010824546061  70
785.2085842884293  54
785.2160861222526  -1
785.2235879560759  39
785.2310897898991  45
785.2385916237224  32
785.2460934575457  52
785.2535952913689  26
785.2610971251922  20
785.2685989590155  65
785.2761007928389  37
785.2836026266621  20
785.2911044604854  29
785.2986062943087  29
785.3061081281319  64
785.3136099619552  -3
785.3211117957785  16
785.3286136296017  63
785.336115463425  40
785.3436172972483  53
785.3511191310716  80
785.3586209648948  16
785.3661227987182  49
785.3736246325415  41
785.3811264663647  -9
785.388628300188  39
785.3961301340113  -2
785.4036319678345  53
785.4111338016578  60
785.4186356354811  44
785.4261374693044  -13
785.4336393031276  39
785.4411411369509  16
785.4486429707742  32
785.4561448045974  62
785.4636466384208  42
785.4711484722441  64
785.4786503060673  29
785.4861521398906  41
785.4936539737139  0
785.5011558075372  63
785.5086576413604  39
785.5161594751837  42
785.523661309007  37
785.5311631428302  29
785.5386649766535  62
785.5461668104768  11
785.5536686443  44
785.5611704781234  58
785.5686723119467  49
785.57617414577  6
785.5836759795932  72
785.5911778134165  29
785.5986796472398  62
785.606181481063  21
785.6136833148863  47
785.6211851487096  45
785.6286869825328  75
785.6361888163561  55
785.6436906501795  46
785.6511924840028  25
785.658694317826  36
785.6661961516493  9
785.6736979854726  67
785.6811998192958  55
785.6887016531191  21
785.6962034869424  37
785.7037053207656  40
785.7112071545889  85
785.7187089884122  -1
785.7262108222355  23
785.7337126560587  9
785.741214489882  75
785.7487163237054  53
785.7562181575286  58
785.7637199913519  53
785.7712218251752  64
785.7787236589984  32
785.7862254928217  71
785.793727326645  59
785.8012291604683  85
785.8087309942915  20
785.8162328281148  35
785.8237346619381  86
785.8312364957613  89
785.8387383295847  44
785.846240163408  56
785.8537419972312  64
785.8612438310545  57
785.8687456648778  46
785.8762474987011  44
785.8837493325243  88
785.8912511663476  38
785.8987530001709  46
785.9062548339941  47
785.9137566678174  38
785.9212585016408  60
785.928760335464  40
785.9362621692873  31
785.9437640031106  -7
785.9512658369339  67
785.9587676707571  53
785.9662695045804  59
785.9737713384037  71
785.9812731722269  71
785.9887750060502  56
785.9962768398735  32
786.0037786736968  48
786.01128050752  32
786.0187823413434  49
786.0262841751667  47
786.0337860089899  67
786.0412878428132  80
786.0487896766365  44
786.0562915104597  15
786.063793344283  62
786.0712951781063  36
786.0787970119295  48
786.0862988457528  29
786.0938006795761  65
786.1013025133994  41
786.1088043472226  19
786.116306181046  47
786.1238080148693  21
786.1313098486925  26
786.1388116825158  27
786.1463135163391  41
786.1538153501624  51
786.1613171839856  29
786.1688190178089  53
786.1763208516322  42
786.1838226854554  38
786.1913245192787  44
786.198826353102  61
786.2063281869252  -18
786.2138300207486  44
786.2213318545719  33
786.2288336883952  36
786.2363355222184  33
786.2438373560417  1
786.251339189865  63
786.2588410236882  38
786.2663428575115  46
786.2738446913348  23
786.281346525158  11
786.2888483589813  33
786.2963501928047  -6
786.303852026628  60
786.3113538604512  44
786.3188556942745  64
786.3263575280978  27
786.333859361921  58
786.3413611957443  55
786.3488630295676  59
786.3563648633908  23
786.3638666972141  57
786.3713685310374  43
786.3788703648607  59
786.386372198684  80
786.3938740325073  28
786.4013758663306  37
786.4088777001538  37
786.4163795339771  45
786.4238813678004  19
786.4313832016236  39
786.4388850354469  35
786.4463868692702  60
786.4538887030935  40
786.4613905369167  69
786.46889237074  56
786.4763942045633  65
786.4838960383865  51
786.4913978722099  87
786.4988997060332  13
786.5064015398564  76
786.5139033736797  26
786.521405207503  96
786.5289070413263  38
786.5364088751495  -4
786.5439107089728  53
786.5514125427961  38
786.5589143766193  38
786.5664162104426  32
786.573918044266  77
786.5814198780892  33
786.5889217119125  54
786.5964235457358  62
786.6039253795591  78
786.6114272133823  53
786.6189290472056  23
786.6264308810289  55
786.6339327148521  42
786.6414345486754  25
786.6489363824987  55
786.6564382163219  55
786.6639400501452  40
786.6714418839686  43
786.6789437177919  -6
786.6864455516151  3
786.6939473854384  40
786.7014492192617  97
786.7089510530849  104
786.7164528869082  5
786.7239547207315  45
786.7314565545547  33
786.738958388378  42
786.7464602222013  67
786.7539620560246  43
786.7614638898478  35
786.7689657236712  54
786.7764675574945  36
786.7839693913177  62
786.791471225141  35
786.7989730589643  23
786.8064748927875  51
786.8139767266108  21
786.8214785604341  25
786.8289803942574  92
786.8364822280806  32
786.8439840619039  44
786.8514858957273  59
786.8589877295504  26
786.8664895633738  103
786.8739913971971  55
786.8814932310203  23
786.8889950648436  35
786.8964968986669  20
786.9039987324902  55
786.9115005663134  64
786.9190024001367  47
786.92650423396  49
786.9340060677832  -7
786.9415079016065  35
786.9490097354299  1
786.956511569253  31
786.9640134030764  41
786.9715152368997  33
786.979017070723  23
786.9865189045462  29
786.9940207383695  0
787.0015225721928  3
787.009024406016  1
787.0165262398393  60
787.0240280736626  74
787.0315299074858  49
787.0390317413091  72
787.0465335751325  23
787.0540354089558  11
787.061537242779  48
787.0690390766023  71
787.0765409104256  63
787.0840427442488  -2
787.0915445780721  61
787.0990464118954  57
787.1065482457186  29
787.1140500795419  7
787.1215519133652  16
787.1290537471886  29
787.1365555810117  36
787.1440574148351  49
787.1515592486584  24
787.1590610824816  56
787.1665629163049  67
787.1740647501282  26
787.1815665839514  61
787.1890684177747  48
787.196570251598  42
787.2040720854213  17
787.2115739192445  56
787.2190757530678  51
787.2265775868912  8
787.2340794207144  69
787.2415812545377  78
787.249083088361  54
787.2565849221842  10
787.2640867560075  42
787.2715885898308  22
787.2790904236541  47
787.2865922574773  31
787.2940940913006  36
787.3015959251239  29
787.3090977589471  35
787.3165995927704  58
787.3241014265938  37
787.331603260417  94
787.3391050942403  54
787.3466069280636  20
787.3541087618869  27
787.3616105957101  70
787.3691124295334  9
787.3766142633567  25
787.3841160971799  20
787.3916179310032  32
787.3991197648265  36
787.4066215986497  38
787.414123432473  29
787.4216252662964  28
787.4291271001197  51
787.4366289339429  71
787.4441307677662  29
787.4516326015895  -2
787.4591344354127  46
787.466636269236  62
787.4741381030593  13
787.4816399368825  22
787.4891417707058  35
787.4966436045291  39
787.5041454383525  40
787.5116472721757  91
787.519149105999  25
787.5266509398223  46
787.5341527736455  97
787.5416546074688  16
787.5491564412921  32
787.5566582751153  62
787.5641601089386  23
787.5716619427619  51
787.5791637765852  15
787.5866656104084  -13
787.5941674442317  16
787.601669278055  73
787.6091711118783  40
787.6166729457016  33
787.6241747795249  42
787.6316766133481  56
787.6391784471714  13
787.6466802809947  56
787.654182114818  59
787.6616839486412  21
787.6691857824645  35
787.6766876162878  26
787.684189450111  42
787.6916912839343  73
787.6991931177577  17
787.7066949515809  31
787.7141967854042  28
787.7216986192275  35
787.7292004530508  45
787.736702286874  16
787.7442041206973  42
787.7517059545206  60
787.7592077883438  37
787.7667096221671  52
787.7742114559904  40
787.7817132898138  11
787.789215123637  48
787.7967169574603  46
787.8042187912836  37
787.8117206251068  51
787.8192224589301  32
787.8267242927534  46
787.8342261265766  28
787.8417279603999  25
787.8492297942232  54
787.8567316280465  33
787.8642334618697  32
787.871735295693  62
787.8792371295164  40
787.8867389633396  39
787.8942407971629  22
787.9017426309862  81
787.9092444648094  46
787.9167462986327  64
787.924248132456  25
787.9317499662793  42
787.9392518001025  35
787.9467536339258  26
787.9542554677491  35
787.9617573015723  51
787.9692591353956  23
787.976760969219  42
787.9842628030422  75
787.9917646368655  5
787.9992664706888  36
788.0067683045121  37
788.0142701383353  53
788.0217719721586  60
788.0292738059819  24
788.0367756398051  30
788.0442774736284  86
788.0517793074517  36
788.0592811412749  45
788.0667829750982  56
788.0742848089216  28
788.0817866427449  6
788.0892884765681  49
788.0967903103914  36
788.1042921442147  72
788.1117939780379  71
788.1192958118612  65
788.1267976456845  53
788.1342994795077  67
788.141801313331  43
788.1493031471543  39
788.1568049809777  64
788.1643068148009  46
788.1718086486242  53
788.1793104824475  7
788.1868123162707  -22
788.194314150094  57
788.2018159839173  39
788.2093178177405  17
788.2168196515638  33
788.2243214853871  45
788.2318233192104  57
788.2393251530336  11
788.246826986857  44
788.2543288206803  4
788.2618306545035  51
788.2693324883268  74
788.2768343221501  55
788.2843361559733  30
788.2918379897966  28
788.2993398236199  61
788.3068416574432  36
788.3143434912664  1
788.3218453250897  22
788.329347158913  8
788.3368489927362  41
788.3443508265595  25
788.3518526603829  57
788.3593544942061  8
788.3668563280294  36
788.3743581618527  56
788.381859995676  12
788.3893618294992  60
788.3968636633225  45
788.4043654971458  38
788.411867330969  54
788.4193691647923  103
788.4268709986156  43
788.4343728324388  58
788.4418746662622  44
788.4493765000855  51
788.4568783339088  42
788.464380167732  42
788.4718820015553  36
788.4793838353786  22
788.4868856692018  30
788.4943875030251  55
788.5018893368484  48
788.5093911706716  28
788.5168930044949  17
788.5243948383182  5
788.5318966721416  46
788.5393985059648  43
788.5469003397881  61
788.5544021736114  7
788.5619040074346  90
788.5694058412579  31
788.5769076750812  78
788.5844095089044  17
788.5919113427277  37
788.599413176551  58
788.6069150103743  29
788.6144168441975  33
788.6219186780208  46
788.6294205118442  93
788.6369223456674  30
788.6444241794907  21
788.651926013314  51
788.6594278471372  63
788.6669296809605  68
788.6744315147838  69
788.6819333486071  17
788.6894351824303  52
788.6969370162536  38
788.7044388500769  38
788.7119406839001  43
788.7194425177235  19
788.7269443515468  30
788.73444618537  44
788.7419480191933  58
788.7494498530166  38
788.7569516868399  59
788.7644535206631  9
788.7719553544864  75
788.7794571883097  31
788.7869590221329  0
788.7944608559562  43
788.8019626897795  36
788.8094645236027  14
788.816966357426  62
788.8244681912494  61
788.8319700250727  55
788.8394718588959  54
788.8469736927192  32
788.8544755265425  70
788.8619773603657  63
788.869479194189  33
788.8769810280123  72
788.8844828618355  48
788.8919846956588  30
788.8994865294821  65
788.9069883633055  64
788.9144901971287  92
788.921992030952  105
788.9294938647753  40
788.9369956985985  30
788.9444975324218  71
788.9519993662451  42
788.9595012000683  46
788.9670030338916  59
788.9745048677149  60
788.9820067015382  62
788.9895085353614  15
788.9970103691847  33
789.0045122030081  29
789.0120140368313  55
789.0195158706546  45
789.0270177044779  77
789.0345195383011  63
789.0420213721244  35
789.0495232059477  52
789.057025039771  53
789.0645268735942  24
789.0720287074175  32
789.0795305412408  45
789.087032375064  88
789.0945342088874  10
789.1020360427107  71
789.1095378765339  7
789.1170397103572  76
789.1245415441805  107
789.1320433780038  -27
789.139545211827  36
789.1470470456503  65
789.1545488794736  -4
789.1620507132968  71
789.1695525471201  71
789.1770543809434  52
789.1845562147666  42
789.19205804859  35
789.1995598824133  106
789.2070617162366  21
789.2145635500598  36
789.2220653838831  100
789.2295672177064  31
789.2370690515296  85
789.2445708853529  53
789.2520727191762  27
789.2595745529994  44
789.2670763868227  87
789.274578220646  70
789.2820800544694  12
789.2895818882926  68
789.2970837221159  43
789.3045855559392  32
789.3120873897624  69
789.3195892235857  10
789.327091057409  72
789.3345928912322  49
789.3420947250555  85
789.3495965588788  61
789.3570983927021  86
789.3646002265253  33
789.3721020603487  35
789.379603894172  40
789.3871057279952  40
789.3946075618185  49
789.4021093956418  41
789.4096112294651  30
789.4171130632883  68
789.4246148971116  55
789.4321167309349  75
789.4396185647581  43
789.4471203985814  54
789.4546222324047  75
789.462124066228  43
789.4696259000513  28
789.4771277338746  36
789.4846295676979  30
789.4921314015211  46
789.4996332353444  62
789.5071350691677  19
789.5146369029909  70
789.5221387368142  38
789.5296405706375  47
789.5371424044607  -26
789.544644238284  76
789.5521460721073  45
789.5596479059307  43
789.5671497397539  64
789.5746515735772  0
789.5821534074005  73
789.5896552412237  28
789.597157075047  64
789.6046589088703  64
789.6121607426935  88
789.6196625765168  51
789.6271644103401  101
789.6346662441634  26
789.6421680779866  38
789.64966991181  24
789.6571717456333  32
789.6646735794565  33
789.6721754132798  59
789.6796772471031  51
789.6871790809263  23
789.6946809147496  56
789.7021827485729  52
789.7096845823962  45
789.7171864162194  55
789.7246882500427  79
789.732190083866  14
789.7396919176892  69
789.7471937515126  23
789.7546955853359  55
789.7621974191591  59
789.7696992529824  43
789.7772010868057  62
789.784702920629  69
789.7922047544522  93
789.7997065882755  110
789.8072084220988  49
789.814710255922  70
789.8222120897453  47
789.8297139235686  41
789.8372157573918  56
789.8447175912152  84
789.8522194250385  46
789.8597212588618  29
789.867223092685  56
789.8747249265083  40
789.8822267603316  79
789.8897285941548  47
789.8972304279781  94
789.9047322618014  41
789.9122340956246  116
789.9197359294479  51
789.9272377632713  70
789.9347395970946  12
789.9422414309178  67
789.9497432647411  56
789.9572450985644  42
789.9647469323876  49
789.9722487662109  58
789.9797506000342  79
789.9872524338574  59
789.9947542676807  57
790.002256101504  73
790.0097579353273  67
790.0172597691505  53
790.0247616029739  83
790.0322634367972  53
790.0397652706204  31
790.0472671044437  16
790.054768938267  9
790.0622707720902  61
790.0697726059135  97
790.0772744397368  72
790.0847762735601  77
790.0922781073833  120
790.0997799412066  85
790.10728177503  61
790.1147836088531  12
790.1222854426765  54
790.1297872764998  40
790.137289110323  93
790.1447909441463  81
790.1522927779696  77
790.1597946117929  72
790.1672964456161  33
790.1747982794394  88
790.1823001132627  88
790.1898019470859  29
790.1973037809092  53
790.2048056147325  48
790.2123074485557  88
790.2198092823791  51
790.2273111162024  56
790.2348129500257  97
790.2423147838489  80
790.2498166176722  59
790.2573184514955  46
790.2648202853187  67
790.272322119142  29
790.2798239529653  67
790.2873257867885  90
790.2948276206118  69
790.3023294544352  75
790.3098312882585  94
790.3173331220817  74
790.324834955905  79
790.3323367897283  29
790.3398386235515  67
790.3473404573748  67
790.3548422911981  60
790.3623441250213  79
790.3698459588446  109
790.3773477926679  64
790.3848496264912  102
790.3923514603144  25
790.3998532941378  101
790.4073551279611  64
790.4148569617843  54
790.4223587956076  64
790.4298606294309  70
790.4373624632541  54
790.4448642970774  69
790.4523661309007  116
790.459867964724  97
790.4673697985472  61
790.4748716323705  96
790.4823734661938  30
790.489875300017  70
790.4973771338404  90
790.5048789676637  65
790.5123808014869  63
790.5198826353102  36
790.5273844691335  78
790.5348863029568  89
790.54238813678  86
790.5498899706033  41
790.5573918044266  52
790.5648936382498  75
790.5723954720731  73
790.5798973058965  75
790.5873991397197  60
790.594900973543  35
790.6024028073663  30
790.6099046411896  77
790.6174064750128  67
790.6249083088361  74
790.6324101426594  67
790.6399119764826  48
790.6474138103059  78
790.6549156441292  77
790.6624174779524  88
790.6699193117757  75
790.677421145599  89
790.6849229794224  47
790.6924248132456  89
790.6999266470689  92
790.7074284808922  117
790.7149303147154  101
790.7224321485387  62
790.729933982362  91
790.7374358161852  68
790.7449376500085  113
790.7524394838318  120
790.7599413176551  61
790.7674431514783  39
790.7749449853017  84
790.782446819125  92
790.7899486529482  105
790.7974504867715  69
790.8049523205948  61
790.812454154418  69
790.8199559882413  57
790.8274578220646  83
790.8349596558879  97
790.8424614897111  58
790.8499633235344  87
790.8574651573578  101
790.864966991181  39
790.8724688250043  93
790.8799706588276  69
790.8874724926508  49
790.8949743264741  43
790.9024761602974  122
790.9099779941207  108
790.9174798279439  113
790.9249816617672  93
790.9324834955905  132
790.9399853294137  73
790.947487163237  96
790.9549889970604  74
790.9624908308836  97
790.9699926647069  112
790.9774944985302  86
790.9849963323535  63
790.9924981661767  79
791.0  121
791.0075018338233  105
791.0150036676465  92
791.0225055014698  36
791.0300073352931  69
791.0375091691164  58
791.0450110029396  62
791.052512836763  97
791.0600146705863  63
791.0675165044095  75
791.0750183382328  77
791.0825201720561  88
791.0900220058793  84
791.0975238397026  101
791.1050256735259  106
791.1125275073492  115
791.1200293411724  83
791.1275311749957  63
791.135033008819  69
791.1425348426422  48
791.1500366764656  83
791.1575385102889  101
791.1650403441121  108
791.1725421779354  42
791.1800440117587  84
791.187545845582  42
791.1950476794052  113
791.2025495132285  64
791.2100513470518  116
791.217553180875  74
791.2250550146983  73
791.2325568485217  23
791.2400586823449  69
791.2475605161682  52
791.2550623499915  79
791.2625641838148  95
791.270066017638  106
791.2775678514613  108
791.2850696852846  80
791.2925715191078  105
791.3000733529311  88
791.3075751867544  105
791.3150770205776  63
791.322578854401  120
791.3300806882243  116
791.3375825220476  106
791.3450843558708  111
791.3525861896941  109
791.3600880235174  111
791.3675898573406  106
791.3750916911639  118
791.3825935249872  110
791.3900953588104  101
791.3975971926337  117
791.405099026457  124
791.4126008602803  90
791.4201026941035  77
791.4276045279269  90
791.4351063617502  92
791.4426081955734  106
791.4501100293967  100
791.45761186322  95
791.4651136970432  56
791.4726155308665  79
791.4801173646898  113
791.4876191985131  101
791.4951210323363  104
791.5026228661596  93
791.510124699983  56
791.5176265338062  129
791.5251283676295  115
791.5326302014528  127
791.540132035276  96
791.5476338690993  93
791.5551357029226  127
791.5626375367459  113
791.5701393705691  81
791.5776412043924  86
791.5851430382157  65
791.5926448720389  55
791.6001467058622  136
791.6076485396856  75
791.6151503735088  102
791.6226522073321  93
791.6301540411554  126
791.6376558749787  149
791.6451577088019  131
791.6526595426252  126
791.6601613764485  142
791.6676632102717  109
791.675165044095  127
791.6826668779183  126
791.6901687117415  144
791.6976705455648  112
791.7051723793882  123
791.7126742132115  137
791.7201760470347  116
791.727677880858  152
791.7351797146813  93
791.7426815485045  103
791.7501833823278  128
791.7576852161511  159
791.7651870499743  183
791.7726888837976  129
791.7801907176209  131
791.7876925514443  142
791.7951943852675  121
791.8026962190908  68
791.8101980529141  110
791.8176998867373  125
791.8252017205606  118
791.8327035543839  83
791.8402053882071  135
791.8477072220304  170
791.8552090558537  153
791.862710889677  119
791.8702127235002  85
791.8777145573235  122
791.8852163911469  158
791.89271822497  142
791.9002200587934  188
791.9077218926167  150
791.9152237264399  126
791.9227255602632  139
791.9302273940865  123
791.9377292279098  105
791.945231061733  125
791.9527328955563  133
791.9602347293796  141
791.9677365632028  106
791.9752383970261  54
791.9827402308495  95
791.9902420646727  113
791.997743898496  112
792.0052457323193  157
792.0127475661426  152
792.0202493999658  154
792.0277512337891  148
792.0352530676124  111
792.0427549014356  134
792.0502567352589  99
792.0577585690822  207
792.0652604029054  152
792.0727622367287  131
792.0802640705521  134
792.0877659043754  138
792.0952677381986  103
792.1027695720219  140
792.1102714058452  156
792.1177732396684  152
792.1252750734917  173
792.132776907315  125
792.1402787411382  124
792.1477805749615  175
792.1552824087848  127
792.1627842426082  120
792.1702860764314  116
792.1777879102547  126
792.185289744078  139
792.1927915779012  106
792.2002934117245  156
792.2077952455478  110
792.215297079371  196
792.2227989131943  137
792.2303007470176  119
792.2378025808409  141
792.2453044146641  134
792.2528062484874  87
792.2603080823108  126
792.267809916134  171
792.2753117499573  184
792.2828135837806  165
792.2903154176038  149
792.2978172514271  128
792.3053190852504  186
792.3128209190737  119
792.3203227528969  153
792.3278245867202  121
792.3353264205435  119
792.3428282543667  129
792.35033008819  124
792.3578319220134  151
792.3653337558366  125
792.3728355896599  163
792.3803374234832  150
792.3878392573065  148
792.3953410911297  160
792.402842924953  142
792.4103447587763  199
792.4178465925995  110
792.4253484264228  160
792.4328502602461  138
792.4403520940693  158
792.4478539278927  165
792.455355761716  124
792.4628575955393  154
792.4703594293625  135
792.4778612631858  167
792.4853630970091  127
792.4928649308323  161
792.5003667646556  119
792.5078685984789  182
792.5153704323021  175
792.5228722661254  174
792.5303740999487  94
792.537875933772  115
792.5453777675953  166
792.5528796014186  171
792.5603814352419  177
792.5678832690651  157
792.5753851028884  171
792.5828869367117  123
792.5903887705349  180
792.5978906043582  151
792.6053924381815  124
792.6128942720048  136
792.620396105828  184
792.6278979396513  193
792.6353997734747  170
792.6429016072979  182
792.6504034411212  195
792.6579052749445  203
792.6654071087678  154
792.672908942591  169
792.6804107764143  173
792.6879126102376  216
792.6954144440608  172
792.7029162778841  148
792.7104181117074  166
792.7179199455306  200
792.725421779354  171
792.7329236131773  203
792.7404254470006  167
792.7479272808238  161
792.7554291146471  185
792.7629309484704  245
792.7704327822936  152
792.7779346161169  151
792.7854364499402  167
792.7929382837634  207
792.8004401175867  184
792.80794195141  189
792.8154437852334  186
792.8229456190566  171
792.8304474528799  239
792.8379492867032  230
792.8454511205264  220
792.8529529543497  215
792.860454788173  190
792.8679566219962  211
792.8754584558195  217
792.8829602896428  218
792.8904621234661  233
792.8979639572893  220
792.9054657911126  234
792.912967624936  244
792.9204694587592  231
792.9279712925825  193
792.9354731264058  217
792.942974960229  185
792.9504767940523  203
792.9579786278756  191
792.9654804616989  213
792.9729822955221  272
792.9804841293454  224
792.9879859631687  184
792.9954877969919  244
793.0029896308153  243
793.0104914646386  244
793.0179932984618  231
793.0254951322851  196
793.0329969661084  277
793.0404987999317  240
793.0480006337549  267
793.0555024675782  213
793.0630043014015  195
793.0705061352247  236
793.078007969048  205
793.0855098028713  240
793.0930116366945  218
793.1005134705179  254
793.1080153043412  199
793.1155171381645  220
793.1230189719877  287
793.130520805811  261
793.1380226396343  305
793.1455244734575  220
793.1530263072808  229
793.1605281411041  289
793.1680299749273  309
793.1755318087506  271
793.183033642574  291
793.1905354763973  302
793.1980373102205  297
793.2055391440438  409
793.2130409778671  209
793.2205428116903  352
793.2280446455136  298
793.2355464793369  269
793.2430483131601  361
793.2505501469834  313
793.2580519808067  303
793.26555381463  374
793.2730556484532  279
793.2805574822765  364
793.2880593160999  316
793.2955611499231  362
793.3030629837464  421
793.3105648175697  358
793.3180666513929  383
793.3255684852162  324
793.3330703190395  285
793.3405721528628  368
793.348073986686  364
793.3555758205093  409
793.3630776543326  366
793.3705794881558  403
793.3780813219792  341
793.3855831558025  355
793.3930849896257  459
793.400586823449  367
793.4080886572723  427
793.4155904910956  396
793.4230923249188  353
793.4305941587421  444
793.4380959925654  470
793.4455978263886  407
793.4530996602119  385
793.4606014940352  382
793.4681033278584  446
793.4756051616818  430
793.4831069955051  389
793.4906088293284  400
793.4981106631516  417
793.5056124969749  397
793.5131143307982  417
793.5206161646214  400
793.5281179984447  345
793.535619832268  401
793.5431216660912  364
793.5506234999145  447
793.5581253337378  414
793.5656271675612  382
793.5731290013844  351
793.5806308352077  387
793.588132669031  416
793.5956345028542  379
793.6031363366775  349
793.6106381705008  393
793.618140004324  392
793.6256418381473  444
793.6331436719706  409
793.6406455057939  390
793.6481473396171  341
793.6556491734405  381
793.6631510072638  366
793.670652841087  350
793.6781546749103  455
793.6856565087336  374
793.6931583425568  441
793.7006601763801  409
793.7081620102034  457
793.7156638440267  399
793.7231656778499  419
793.7306675116732  484
793.7381693454965  353
793.7456711793197  407
793.753173013143  436
793.7606748469664  474
793.7681766807896  454
793.7756785146129  481
793.7831803484362  432
793.7906821822595  472
793.7981840160827  470
793.805685849906  374
793.8131876837293  397
793.8206895175525  475
793.8281913513758  453
793.8356931851991  471
793.8431950190223  460
793.8506968528457  460
793.858198686669  484
793.8657005204923  603
793.8732023543155  527
793.8807041881388  486
793.8882060219621  474
793.8957078557853  540
793.9032096896086  506
793.9107115234319  540
793.9182133572551  480
793.9257151910784  540
793.9332170249018  559
793.9407188587251  561
793.9482206925483  539
793.9557225263716  499
793.9632243601949  544
793.9707261940181  652
793.9782280278414  600
793.9857298616647  620
793.9932316954879  544
794.0007335293112  599
794.0082353631345  519
794.0157371969578  573
794.023239030781  627
794.0307408646044  581
794.0382426984277  618
794.0457445322509  563
794.0532463660742  602
794.0607481998975  544
794.0682500337207  620
794.075751867544  629
794.0832537013673  616
794.0907555351906  637
794.0982573690138  623
794.1057592028371  711
794.1132610366604  671
794.1207628704836  617
794.128264704307  663
794.1357665381303  677
794.1432683719535  707
794.1507702057768  604
794.1582720396001  752
794.1657738734234  711
794.1732757072466  645
794.1807775410699  667
794.1882793748932  667
794.1957812087164  742
794.2032830425397  639
794.210784876363  602
794.2182867101862  670
794.2257885440096  678
794.2332903778329  721
794.2407922116562  710
794.2482940454794  725
794.2557958793027  713
794.263297713126  640
794.2707995469492  784
794.2783013807725  645
794.2858032145958  705
794.2933050484191  732
794.3008068822423  621
794.3083087160657  798
794.315810549889  716
794.3233123837122  694
794.3308142175355  699
794.3383160513588  708
794.345817885182  775
794.3533197190053  611
794.3608215528286  817
794.3683233866519  788
794.3758252204751  807
794.3833270542984  748
794.3908288881217  768
794.398330721945  777
794.4058325557683  687
794.4133343895916  903
794.4208362234148  696
794.4283380572381  809
794.4358398910614  810
794.4433417248847  778
794.4508435587079  785
794.4583453925312  875
794.4658472263545  724
794.4733490601777  896
794.480850894001  917
794.4883527278243  776
794.4958545616475  764
794.5033563954709  926
794.5108582292942  872
794.5183600631175  967
794.5258618969407  950
794.533363730764  899
794.5408655645873  920
794.5483673984105  996
794.5558692322338  919
794.5633710660571  954
794.5708728998803  839
794.5783747337036  998
794.585876567527  891
794.5933784013503  960
794.6008802351735  886
794.6083820689968  942
794.6158839028201  983
794.6233857366433  1045
794.6308875704666  991
794.6383894042899  938
794.6458912381131  819
794.6533930719364  845
794.6608949057597  829
794.668396739583  1041
794.6758985734062  1016
794.6834004072296  984
794.6909022410529  1021
794.6984040748761  1051
794.7059059086994  941
794.7134077425227  1129
794.7209095763459  963
794.7284114101692  1029
794.7359132439925  1091
794.7434150778158  1036
794.750916911639  1185
794.7584187454623  1017
794.7659205792856  1097
794.7734224131088  1114
794.7809242469322  1059
794.7884260807555  1012
794.7959279145787  1077
794.803429748402  1140
794.8109315822253  1047
794.8184334160486  1068
794.8259352498718  1034
794.8334370836951  1149
794.8409389175184  1051
794.8484407513416  1115
794.8559425851649  1073
794.8634444189883  1191
794.8709462528114  1083
794.8784480866348  1087
794.8859499204581  1173
794.8934517542814  1116
794.9009535881046  1044
794.9084554219279  1098
794.9159572557512  1139
794.9234590895744  1211
794.9309609233977  1210
794.938462757221  1191
794.9459645910442  1198
794.9534664248675  1287
794.9609682586909  1175
794.9684700925142  1260
794.9759719263374  1293
794.9834737601607  1169
794.990975593984  1054
794.9984774278072  1209
795.0059792616305  1293
795.0134810954538  1081
795.020982929277  1133
795.0284847631003  1150
795.0359865969236  1283
795.043488430747  1205
795.0509902645701  1239
795.0584920983935  1147
795.0659939322168  1257
795.07349576604  1232
795.0809975998633  1246
795.0884994336866  1166
795.0960012675098  1130
795.1035031013331  1128
795.1110049351564  1217
795.1185067689797  1183
795.1260086028029  1270
795.1335104366262  1164
795.1410122704496  1162
795.1485141042727  1235
795.1560159380961  1096
795.1635177719194  1172
795.1710196057426  1081
795.1785214395659  1239
795.1860232733892  1222
795.1935251072125  1225
795.2010269410357  1173
795.208528774859  1207
795.2160306086823  1198
795.2235324425055  1169
795.2310342763288  1133
795.2385361101522  1208
795.2460379439754  1092
795.2535397777987  1086
795.261041611622  1103
795.2685434454453  1076
795.2760452792685  1116
795.2835471130918  1037
795.2910489469151  1097
795.2985507807383  1081
795.3060526145616  1124
795.3135544483849  1126
795.3210562822081  1248
795.3285581160314  1157
795.3360599498548  1141
795.3435617836781  1099
795.3510636175013  1031
795.3585654513246  1035
795.3660672851479  1121
795.3735691189711  1131
795.3810709527944  1105
795.3885727866177  1055
795.3960746204409  1035
795.4035764542642  1003
795.4110782880875  992
795.4185801219108  1098
795.426081955734  985
795.4335837895574  968
795.4410856233807  1111
795.4485874572039  1002
795.4560892910272  1051
795.4635911248505  1064
795.4710929586737  1077
795.478594792497  1023
795.4860966263203  1004
795.4935984601436  1247
795.5011002939668  972
795.5086021277901  1054
795.5161039616135  1159
795.5236057954367  943
795.53110762926  1018
795.5386094630833  871
795.5461112969065  1012
795.5536131307298  963
795.5611149645531  932
795.5686167983764  1072
795.5761186321996  1022
795.5836204660229  1002
795.5911222998462  1031
795.5986241336694  1003
795.6061259674927  967
795.613627801316  985
795.6211296351393  1020
795.6286314689626  917
795.6361333027859  952
795.6436351366092  928
795.6511369704324  1028
795.6586388042557  971
795.666140638079  1047
795.6736424719022  989
795.6811443057255  1053
795.6886461395488  1064
795.696147973372  963
795.7036498071953  1067
795.7111516410187  995
795.718653474842  1077
795.7261553086652  967
795.7336571424885  944
795.7411589763118  997
795.748660810135  941
795.7561626439583  887
795.7636644777816  940
795.7711663116048  989
795.7786681454281  988
795.7861699792514  944
795.7936718130748  995
795.801173646898  955
795.8086754807213  918
795.8161773145446  1000
795.8236791483678  1032
795.8311809821911  1024
795.8386828160144  956
795.8461846498376  987
795.8536864836609  1014
795.8611883174842  961
795.8686901513075  935
795.8761919851307  988
795.883693818954  919
795.8911956527774  1033
795.8986974866006  911
795.9061993204239  953
795.9137011542472  924
795.9212029880705  981
795.9287048218937  1002
795.936206655717  931
795.9437084895403  1053
795.9512103233635  918
795.9587121571868  950
795.9662139910101  919
795.9737158248333  886
795.9812176586566  941
795.98871949248  983
795.9962213263032  961
796.0037231601265  963
796.0112249939498  966
796.0187268277731  936
796.0262286615963  912
796.0337304954196  955
796.0412323292429  951
796.0487341630661  910
796.0562359968894  831
796.0637378307127  1027
796.071239664536  910
796.0787414983592  929
796.0862433321826  957
796.0937451660059  905
796.1012469998291  917
796.1087488336524  873
796.1162506674757  926
796.1237525012989  805
796.1312543351222  904
796.1387561689455  916
796.1462580027688  835
796.153759836592  835
796.1612616704153  801
796.1687635042387  924
796.1762653380619  886
796.1837671718852  849
796.1912690057085  872
796.1987708395317  903
796.206272673355  839
796.2137745071783  847
796.2212763410016  844
796.2287781748248  824
796.2362800086481  919
796.2437818424714  861
796.2512836762946  844
796.258785510118  839
796.2662873439413  872
796.2737891777645  891
796.2812910115878  901
796.2887928454111  892
796.2962946792344  773
796.3037965130576  794
796.3112983468809  761
796.3188001807042  822
796.3263020145274  828
796.3338038483507  775
796.341305682174  727
796.3488075159972  822
796.3563093498205  921
796.3638111836439  810
796.3713130174672  804
796.3788148512904  766
796.3863166851137  837
796.393818518937  781
796.4013203527602  835
796.4088221865835  845
796.4163240204068  734
796.42382585423  681
796.4313276880533  743
796.4388295218766  759
796.4463313557  767
796.4538331895232  816
796.4613350233465  784
796.4688368571698  799
796.476338690993  811
796.4838405248163  755
796.4913423586396  805
796.4988441924628  763
796.5063460262861  766
796.5138478601094  842
796.5213496939327  787
796.5288515277559  837
796.5363533615792  841
796.5438551954026  726
796.5513570292258  792
796.5588588630491  737
796.5663606968724  819
796.5738625306956  649
796.5813643645189  719
796.5888661983422  775
796.5963680321655  751
796.6038698659887  698
796.611371699812  691
796.6188735336353  712
796.6263753674585  696
796.6338772012818  798
796.6413790351052  757
796.6488808689284  696
796.6563827027517  703
796.663884536575  751
796.6713863703983  704
796.6788882042215  653
796.6863900380448  614
796.6938918718681  751
796.7013937056913  712
796.7088955395146  648
796.7163973733379  733
796.7238992071611  557
796.7314010409845  625
796.7389028748078  576
796.7464047086311  673
796.7539065424543  678
796.7614083762776  575
796.7689102101009  696
796.7764120439241  651
796.7839138777474  635
796.7914157115707  654
796.7989175453939  655
796.8064193792172  629
796.8139212130405  587
796.8214230468639  607
796.828924880687  541
796.8364267145104  577
796.8439285483337  557
796.8514303821569  586
796.8589322159802  577
796.8664340498035  522
796.8739358836267  558
796.88143771745  573
796.8889395512733  529
796.8964413850966  577
796.9039432189198  502
796.9114450527431  515
796.9189468865665  579
796.9264487203897  479
796.933950554213  636
796.9414523880363  516
796.9489542218595  543
796.9564560556828  483
796.9639578895061  566
796.9714597233294  398
796.9789615571526  500
796.9864633909759  460
796.9939652247992  499
797.0014670586224  550
797.0089688924458  471
797.0164707262691  491
797.0239725600923  538
797.0314743939156  532
797.0389762277389  493
797.0464780615622  444
797.0539798953854  492
797.0614817292087  475
797.068983563032  507
797.0764853968552  462
797.0839872306785  456
797.0914890645018  473
797.098990898325  400
797.1064927321484  483
797.1139945659717  437
797.121496399795  431
797.1289982336182  341
797.1365000674415  445
797.1440019012648  448
797.151503735088  421
797.1590055689113  382
797.1665074027346  405
797.1740092365578  456
797.1815110703811  430
797.1890129042044  385
797.1965147380278  432
797.204016571851  421
797.2115184056743  459
797.2190202394976  320
797.2265220733208  399
797.2340239071441  369
797.2415257409674  367
797.2490275747906  481
797.2565294086139  445
797.2640312424372  411
797.2715330762605  408
797.2790349100837  408
797.286536743907  431
797.2940385777304  406
797.3015404115536  344
797.3090422453769  426
797.3165440792002  316
797.3240459130234  398
797.3315477468467  395
797.33904958067  348
797.3465514144933  365
797.3540532483165  320
797.3615550821398  426
797.3690569159631  315
797.3765587497863  373
797.3840605836097  362
797.391562417433  382
797.3990642512562  382
797.4065660850795  330
797.4140679189028  392
797.4215697527261  358
797.4290715865493  335
797.4365734203726  438
797.4440752541959  323
797.4515770880191  294
797.4590789218424  333
797.4665807556657  273
797.474082589489  343
797.4815844233123  363
797.4890862571356  256
797.4965880909589  296
797.5040899247821  337
797.5115917586054  332
797.5190935924287  301
797.5265954262519  375
797.5340972600752  345
797.5415990938985  313
797.5491009277217  299
797.556602761545  392
797.5641045953683  365
797.5716064291917  257
797.5791082630149  328
797.5866100968382  265
797.5941119306615  303
797.6016137644847  246
797.609115598308  259
797.6166174321313  275
797.6241192659545  291
797.6316210997778  315
797.6391229336011  343
797.6466247674244  205
797.6541266012476  218
797.661628435071  260
797.6691302688943  349
797.6766321027175  307
797.6841339365408  302
797.6916357703641  289
797.6991376041874  300
797.7066394380106  264
797.7141412718339  325
797.7216431056572  312
797.7291449394804  364
797.7366467733037  313
797.744148607127  284
797.7516504409502  318
797.7591522747736  222
797.7666541085969  316
797.7741559424202  238
797.7816577762434  279
797.7891596100667  211
797.79666144389  312
797.8041632777132  219
797.8116651115365  245
797.8191669453598  262
797.826668779183  253
797.8341706130063  262
797.8416724468296  208
797.849174280653  200
797.8566761144762  208
797.8641779482995  224
797.8716797821228  279
797.879181615946  259
797.8866834497693  236
797.8941852835926  179
797.9016871174158  300
797.9091889512391  173
797.9166907850624  292
797.9241926188857  230
797.9316944527089  280
797.9391962865323  244
797.9466981203556  201
797.9541999541788  206
797.9617017880021  217
797.9692036218254  204
797.9767054556486  246
797.9842072894719  207
797.9917091232952  228
797.9992109571185  223
798.0067127909417  204
798.014214624765  232
798.0217164585883  252
798.0292182924115  256
798.0367201262349  230
798.0442219600582  209
798.0517237938814  212
798.0592256277047  173
798.066727461528  181
798.0742292953513  270
798.0817311291745  238
798.0892329629978  199
798.0967347968211  211
798.1042366306443  214
798.1117384644676  179
798.119240298291  263
798.1267421321141  195
798.1342439659375  243
798.1417457997608  214
798.1492476335841  215
798.1567494674073  195
798.1642513012306  137
798.1717531350539  138
798.1792549688771  208
798.1867568027004  224
798.1942586365237  229
798.2017604703469  190
798.2092623041702  181
798.2167641379936  230
798.2242659718169  228
798.2317678056401  249
798.2392696394634  147
798.2467714732867  185
798.2542733071099  152
798.2617751409332  151
798.2692769747565  168
798.2767788085797  170
798.284280642403  174
798.2917824762263  183
798.2992843100496  224
798.3067861438728  165
798.3142879776962  193
798.3217898115195  183
798.3292916453427  143
798.336793479166  173
798.3442953129893  198
798.3517971468125  190
798.3592989806358  180
798.3668008144591  157
798.3743026482824  244
798.3818044821056  168
798.3893063159289  156
798.3968081497522  164
798.4043099835754  131
798.4118118173988  136
798.4193136512221  129
798.4268154850453  236
798.4343173188686  179
798.4418191526919  131
798.4493209865152  166
798.4568228203384  177
798.4643246541617  165
798.471826487985  179
798.4793283218082  143
798.4868301556315  170
798.4943319894548  144
798.501833823278  125
798.5093356571014  212
798.5168374909247  149
798.524339324748  101
798.5318411585712  131
798.5393429923945  155
798.5468448262178  128
798.554346660041  94
798.5618484938643  179
798.5693503276876  174
798.5768521615108  177
798.5843539953341  160
798.5918558291575  180
798.5993576629808  134
798.606859496804  147
798.6143613306273  132
798.6218631644506  149
798.6293649982738  202
798.6368668320971  108
798.6443686659204  106
798.6518704997436  156
798.6593723335669  147
798.6668741673902  143
798.6743760012135  134
798.6818778350367  138
798.68937966886  128
798.6968815026834  83
798.7043833365066  86
798.7118851703299  113
798.7193870041532  88
798.7268888379764  84
798.7343906717997  86
798.741892505623  112
798.7493943394463  121
798.7568961732695  100
798.7643980070928  136
798.7718998409161  96
798.7794016747393  75
798.7869035085627  76
798.794405342386  140
798.8019071762092  143
798.8094090100325  64
798.8169108438558  89
798.8244126776791  117
798.8319145115023  133
798.8394163453256  135
798.8469181791489  96
798.8544200129721  88
798.8619218467954  79
798.8694236806188  91
798.876925514442  93
798.8844273482653  120
798.8919291820886  140
798.8994310159119  112
798.9069328497351  84
798.9144346835584  109
798.9219365173817  133
798.9294383512049  58
798.9369401850282  78
798.9444420188515  79
798.9519438526747  120
798.959445686498  117
798.9669475203214  89
798.9744493541447  53
798.9819511879679  103
798.9894530217912  81
798.9969548556145  91
799.0044566894377  57
799.011958523261  106
799.0194603570843  79
799.0269621909075  85
799.0344640247308  32
799.0419658585541  118
799.0494676923774  143
799.0569695262006  124
799.064471360024  112
799.0719731938473  45
799.0794750276705  69
799.0869768614938  77
799.0944786953171  119
799.1019805291403  99
799.1094823629636  89
799.1169841967869  58
799.1244860306102  121
799.1319878644334  16
799.1394896982567  54
799.14699153208  100
799.1544933659032  80
799.1619951997266  90
799.1694970335499  65
799.1769988673732  75
799.1845007011964  86
799.1920025350197  57
799.199504368843  78
799.2070062026662  38
799.2145080364895  84
799.2220098703128  132
799.229511704136  115
799.2370135379593  61
799.2445153717827  124
799.2520172056059  75
799.2595190394292  45
799.2670208732525  81
799.2745227070758  96
799.282024540899  113
799.2895263747223  56
799.2970282085456  111
799.3045300423688  69
799.3120318761921  38
799.3195337100154  97
799.3270355438387  79
799.334537377662  102
799.3420392114853  79
799.3495410453086  71
799.3570428791318  70
799.3645447129551  61
799.3720465467784  25
799.3795483806016  107
799.3870502144249  77
799.3945520482482  56
799.4020538820714  81
799.4095557158947  69
799.417057549718  87
799.4245593835414  104
799.4320612173645  76
799.4395630511879  95
799.4470648850112  65
799.4545667188344  83
799.4620685526577  55
799.469570386481  63
799.4770722203043  47
799.4845740541275  116
799.4920758879508  38
799.4995777217741  22
799.5070795555973  99
799.5145813894206  37
799.522083223244  64
799.5295850570672  73
799.5370868908905  63
799.5445887247138  85
799.5520905585371  54
799.5595923923603  83
799.5670942261836  76
799.5745960600069  64
799.5820978938301  59
799.5895997276534  89
799.5971015614767  86
799.6046033952999  62
799.6121052291232  47
799.6196070629466  47
799.6271088967699  69
799.6346107305931  35
799.6421125644164  77
799.6496143982397  87
799.6571162320629  91
799.6646180658862  27
799.6721198997095  55
799.6796217335327  70
799.687123567356  57
799.6946254011793  76
799.7021272350026  35
799.7096290688258  78
799.7171309026492  75
799.7246327364725  103
799.7321345702957  46
799.739636404119  62
799.7471382379423  42
799.7546400717655  92
799.7621419055888  67
799.7696437394121  37
799.7771455732354  62
799.7846474070586  80
799.7921492408819  52
799.7996510747053  55
799.8071529085285  37
799.8146547423518  5
799.8221565761751  92
799.8296584099983  75
799.8371602438216  56
799.8446620776449  87
799.8521639114682  19
799.8596657452914  49
799.8671675791147  73
799.874669412938  44
799.8821712467612  65
799.8896730805845  73
799.8971749144079  87
799.904676748231  22
799.9121785820544  62
799.9196804158777  63
799.927182249701  35
799.9346840835242  51
799.9421859173475  37
799.9496877511708  59
799.957189584994  41
799.9646914188173  87
799.9721932526406  16
799.9796950864638  92
799.9871969202871  9
799.9946987541105  68
800.0022005879338  22
800.009702421757  51
800.0172042555803  23
800.0247060894036  29
800.0322079232268  19
800.0397097570501  8
800.0472115908734  62
800.0547134246966  90
800.0622152585199  23
800.0697170923432  27
800.0772189261666  39
800.0847207599898  59
800.0922225938131  24
800.0997244276364  59
800.1072262614596  40
800.1147280952829  74
800.1222299291062  54
800.1297317629294  57
800.1372335967527  76
800.144735430576  37
800.1522372643993  42
800.1597390982225  6
800.1672409320458  16
800.1747427658692  57
800.1822445996924  17
800.1897464335157  49
800.197248267339  62
800.2047501011622  62
800.2122519349855  16
800.2197537688088  43
800.2272556026321  77
800.2347574364553  63
800.2422592702786  12
800.2497611041019  64
800.2572629379251  32
800.2647647717484  26
800.2722666055718  37
800.279768439395  67
800.2872702732183  5
800.2947721070416  46
800.3022739408649  16
800.3097757746881  43
800.3172776085114  57
800.3247794423347  46
800.3322812761579  27
800.3397831099812  41
800.3472849438045  -7
800.3547867776277  36
800.362288611451  46
800.3697904452744  17
800.3772922790977  41
800.3847941129209  26
800.3922959467442  35
800.3997977805675  28
800.4072996143907  56
800.414801448214  22
800.4223032820373  42
800.4298051158605  36
800.4373069496838  35
800.4448087835071  42
800.4523106173305  45
800.4598124511537  42
800.467314284977  20
800.4748161188003  27
800.4823179526235  42
800.4898197864468  11
800.4973216202701  37
800.5048234540933  35
800.5123252879166  29
800.5198271217399  73
800.5273289555632  4
800.5348307893864  56
800.5423326232097  -4
800.5498344570331  -7
800.5573362908563  65
800.5648381246796  44
800.5723399585029  58
800.5798417923261  16
800.5873436261494  8
800.5948454599727  47
800.602347293796  21
800.6098491276192  43
800.6173509614425  40
800.6248527952658  57
800.632354629089  15
800.6398564629123  44
800.6473582967357  38
800.6548601305589  20
800.6623619643822  17
800.6698637982055  29
800.6773656320288  24
800.684867465852  37
800.6923692996753  16
800.6998711334986  24
800.7073729673218  26
800.7148748011451  30
800.7223766349684  0
800.7298784687916  54
800.737380302615  38
800.7448821364383  58
800.7523839702616  41
800.7598858040848  24
800.7673876379081  20
800.7748894717314  23
800.7823913055546  49
800.7898931393779  19
800.7973949732012  6
800.8048968070244  22
800.8123986408477  12
800.819900474671  21
800.8274023084944  -13
800.8349041423176  27
800.8424059761409  41
800.8499078099642  30
800.8574096437874  43
800.8649114776107  10
800.872413311434  21
800.8799151452572  23
800.8874169790805  55
800.8949188129038  23
800.9024206467271  -5
800.9099224805503  28
800.9174243143736  22
800.924926148197  12
800.9324279820202  14
800.9399298158435  27
800.9474316496668  33
800.9549334834901  -11
800.9624353173133  12
800.9699371511366  57
800.9774389849599  35
800.9849408187831  11
800.9924426526064  -1
800.9999444864297  9
801.0074463202529  -5
801.0149481540763  4
801.0224499878996  47
801.0299518217228  -16
801.0374536555461  56
801.0449554893694  35
801.0524573231927  22
801.0599591570159  37
801.0674609908392  -2
801.0749628246625  35
801.0824646584857  6
801.089966492309  63
801.0974683261323  22
801.1049701599557  61
801.1124719937789  26
801.1199738276022  12
801.1274756614255  8
801.1349774952487  58
801.142479329072  43
801.1499811628953  31
801.1574829967185  29
801.1649848305418  29
801.1724866643651  37
801.1799884981884  6
801.1874903320116  8
801.194992165835  42
801.2024939996583  48
801.2099958334815  8
801.2174976673048  9
801.2249995011281  26
801.2325013349513  11
801.2400031687746  42
801.2475050025979  -16
801.2550068364212  52
801.2625086702444  37
801.2700105040677  26
801.277512337891  40
801.2850141717142  28
801.2925160055375  22
801.3000178393609  7
801.3075196731841  49
801.3150215070074  32
801.3225233408307  36
801.330025174654  49
801.3375270084772  41
801.3450288423005  28
801.3525306761238  22
801.360032509947  16
801.3675343437703  14
801.3750361775936  22
801.3825380114168  14
801.3900398452402  37
801.3975416790635  6
801.4050435128868  -10
801.41254534671  29
801.4200471805333  -18
801.4275490143566  58
801.4350508481798  33
801.4425526820031  -6
801.4500545158264  38
801.4575563496496  15
801.4650581834729  10
801.4725600172962  27
801.4800618511196  17
801.4875636849428  1
801.4950655187661  70
801.5025673525894  23
801.5100691864126  -25
801.5175710202359  21
801.5250728540592  17
801.5325746878824  7
801.5400765217057  -31
801.547578355529  48
801.5550801893523  16
801.5625820231755  3
801.5700838569988  24
801.5775856908222  3
801.5850875246454  24
801.5925893584687  -15
801.600091192292  45
801.6075930261152  25
801.6150948599385  49
801.6225966937618  41
801.6300985275851  -2
801.6376003614083  3
801.6451021952316  15
801.6526040290549  23
801.6601058628781  19
801.6676076967015  12
801.6751095305248  -7
801.682611364348  11
801.6901131981713  37
801.6976150319946  14
801.7051168658179  35
801.7126186996411  63
801.7201205334644  32
801.7276223672877  -17
801.7351242011109  46
801.7426260349342  30
801.7501278687575  30
801.7576297025807  28
801.765131536404  38
801.7726333702274  32
801.7801352040507  -9
801.7876370378739  27
801.7951388716972  -19
801.8026407055205  9
801.8101425393437  9
801.817644373167  19
801.8251462069903  24
801.8326480408135  24
801.8401498746368  13
801.8476517084601  44
801.8551535422835  28
801.8626553761067  17
801.87015720993  33
801.8776590437533  29
801.8851608775765  -7
801.8926627113998  17
801.9001645452231  26
801.9076663790463  27
801.9151682128696  16
801.9226700466929  46
801.9301718805162  31
801.9376737143394  21
801.9451755481628  35
801.9526773819861  48
801.9601792158093  5
801.9676810496326  -27
801.9751828834559  -13
801.9826847172791  20
801.9901865511024  10
801.9976883849257  23
802.005190218749  26
802.0126920525722  16
802.0201938863955  25
802.0276957202188  38
802.035197554042  -2
802.0426993878654  35
802.0502012216887  27
802.0577030555119  7
802.0652048893352  14
802.0727067231585  -10
802.0802085569818  -3
802.087710390805  11
802.0952122246283  -11
802.1027140584516  -2
802.1102158922748  6
802.1177177260981  43
802.1252195599214  -17
802.1327213937446  20
802.140223227568  25
802.1477250613913  35
802.1552268952146  7
802.1627287290378  33
802.1702305628611  23
802.1777323966844  19
802.1852342305076  10
802.1927360643309  7
802.2002378981542  13
802.2077397319774  -10
802.2152415658007  -4
802.222743399624  37
802.2302452334474  3
802.2377470672706  16
802.2452489010939  11
802.2527507349172  6
802.2602525687404  0
802.2677544025637  8
802.275256236387  20
802.2827580702102  -15
802.2902599040335  -20
802.2977617378568  35
802.3052635716801  25
802.3127654055033  43
802.3202672393267  30
802.32776907315  6
802.3352709069732  -7
802.3427727407965  5
802.3502745746198  47
802.357776408443  4
802.3652782422663  24
802.3727800760896  -7
802.3802819099129  -5
802.3877837437361  17
802.3952855775594  25
802.4027874113827  4
802.410289245206  16
802.4177910790293  3
802.4252929128526  24
802.4327947466758  24
802.4402965804991  12
802.4477984143224  17
802.4553002481457  -1
802.4628020819689  14
802.4703039157922  -16
802.4778057496155  13
802.4853075834387  -5
802.492809417262  1
802.5003112510853  0
802.5078130849085  -1
802.5153149187319  20
802.5228167525552  -19
802.5303185863785  23
802.5378204202017  3
802.545322254025  -1
802.5528240878483  21
802.5603259216715  29
802.5678277554948  31
802.5753295893181  7
802.5828314231414  6
802.5903332569646  20
802.597835090788  8
802.6053369246113  -11
802.6128387584345  29
802.6203405922578  38
802.6278424260811  10
802.6353442599043  27
802.6428460937276  37
802.6503479275509  7
802.6578497613741  43
802.6653515951974  15
802.6728534290207  -25
802.680355262844  5
802.6878570966672  11
802.6953589304906  9
802.7028607643139  33
802.7103625981371  49
802.7178644319604  -9
802.7253662657837  1
802.732868099607  28
802.7403699334302  16
802.7478717672535  3
802.7553736010768  -11
802.7628754349  1
802.7703772687233  -19
802.7778791025466  -24
802.7853809363698  7
802.7928827701932  23
802.8003846040165  0
802.8078864378398  10
802.815388271663  -15
802.8228901054863  25
802.8303919393096  -34
802.8378937731328  -18
802.8453956069561  7
802.8528974407794  24
802.8603992746026  31
802.8679011084259  9
802.8754029422493  11
802.8829047760726  -8
802.8904066098958  3
802.8979084437191  -4
802.9054102775424  14
802.9129121113656  37
802.9204139451889  -8
802.9279157790122  9
802.9354176128354  10
802.9429194466587  13
802.950421280482  -3
802.9579231143053  16
802.9654249481285  -24
802.9729267819519  28
802.9804286157752  -23
802.9879304495984  51
802.9954322834217  17
803.002934117245  -22
803.0104359510682  19
803.0179377848915  24
803.0254396187148  12
803.0329414525381  3
803.0404432863613  27
803.0479451201846  3
803.055446954008  -28
803.0629487878311  5
803.0704506216545  1
803.0779524554778  -4
803.085454289301  -40
803.0929561231243  11
803.1004579569476  0
803.1079597907709  -15
803.1154616245941  4
803.1229634584174  -10
803.1304652922407  5
803.1379671260639  37
803.1454689598872  19
803.1529707937106  -7
803.1604726275337  -4
803.1679744613571  7
803.1754762951804  3
803.1829781290037  25
803.1904799628269  26
803.1979817966502  -8
803.2054836304735  -7
803.2129854642967  -2
803.22048729812  -22
803.2279891319433  -27
803.2354909657665  -1
803.2429927995898  5
803.2504946334132  13
803.2579964672365  11
803.2654983010597  -18
803.273000134883  14
803.2805019687063  -15
803.2880038025295  -7
803.2955056363528  13
803.3030074701761  46
803.3105093039993  3
803.3180111378226  22
803.3255129716459  19
803.3330148054692  -3
803.3405166392924  -17
803.3480184731158  4
803.3555203069391  7
803.3630221407623  -24
803.3705239745856  25
803.3780258084089  3
803.3855276422321  -9
803.3930294760554  -11
803.4005313098787  29
803.408033143702  11
803.4155349775252  54
803.4230368113485  52
803.4305386451719  8
803.438040478995  52
803.4455423128184  44
803.4530441466417  19
803.4605459804649  26
803.4680478142882  3
803.4755496481115  -11
803.4830514819348  22
803.490553315758  -2
803.4980551495813  -23
803.5055569834046  8
803.5130588172278  22
803.5205606510511  21
803.5280624848745  31
803.5355643186977  -20
803.543066152521  27
803.5505679863443  6
803.5580698201676  -11
803.5655716539908  17
803.5730734878141  12
803.5805753216374  -2
803.5880771554606  5
803.5955789892839  54
803.6030808231072  -8
803.6105826569304  -7
803.6180844907537  -9
803.6255863245771  59
803.6330881584004  41
803.6405899922236  33
803.6480918260469  -33
803.6555936598702  -17
803.6630954936934  51
803.6705973275167  47
803.67809916134  8
803.6856009951632  -37
803.6931028289865  24
803.7006046628098  1
803.7081064966331  17
803.7156083304563  -10
803.7231101642797  -5
803.730611998103  17
803.7381138319262  1
803.7456156657495  24
803.7531174995728  45
803.760619333396  -21
803.7681211672193  4
803.7756230010426  -8
803.7831248348659  -8
803.7906266686891  46
803.7981285025124  12
803.8056303363358  -2
803.813132170159  42
803.8206340039823  10
803.8281358378056  -17
803.8356376716288  19
803.8431395054521  -13
803.8506413392754  -31
803.8581431730987  37
803.8656450069219  25
803.8731468407452  41
803.8806486745685  -4
803.8881505083917  10
803.895652342215  25
803.9031541760384  20
803.9106560098616  10
803.9181578436849  -2
803.9256596775082  -1
803.9331615113315  -7
803.9406633451547  17
803.948165178978  3
803.9556670128013  25
803.9631688466245  29
803.9706706804478  33
803.9781725142711  43
803.9856743480943  71
803.9931761819176  -1
804.000678015741  12
804.0081798495643  26
804.0156816833875  32
804.0231835172108  7
804.0306853510341  5
804.0381871848573  12
804.0456890186806  13
804.0531908525039  -9
804.0606926863271  23
804.0681945201504  -4
804.0756963539737  17
804.083198187797  19
804.0907000216203  32
804.0982018554436  -9
804.1057036892669  15
804.1132055230901  26
804.1207073569134  -5
804.1282091907367  41
804.1357110245599  15
804.1432128583832  19
804.1507146922065  19
804.1582165260298  -7
804.165718359853  1
804.1732201936763  21
804.1807220274997  24
804.1882238613229  25
804.1957256951462  4
804.2032275289695  1
804.2107293627928  -23
804.218231196616  17
804.2257330304393  26
804.2332348642626  33
804.2407366980858  -31
804.2482385319091  12
804.2557403657324  5
804.2632421995556  4
804.270744033379  14
804.2782458672023  10
804.2857477010255  -4
804.2932495348488  -5
804.3007513686721  48
804.3082532024954  33
804.3157550363186  4
804.3232568701419  15
804.3307587039652  11
804.3382605377884  7
804.3457623716117  23
804.353264205435  28
804.3607660392584  39
804.3682678730815  33
804.3757697069049  10
804.3832715407282  -3
804.3907733745514  20
804.3982752083747  -21
804.405777042198  23
804.4132788760212  15
804.4207807098445  29
804.4282825436678  1
804.4357843774911  20
804.4432862113143  22
804.4507880451376  11
804.458289878961  21
804.4657917127842  -6
804.4732935466075  7
804.4807953804308  57
804.488297214254  -2
804.4957990480773  17
804.5033008819006  25
804.5108027157239  -17
804.5183045495471  -13
804.5258063833704  26
804.5333082171937  49
804.5408100510169  15
804.5483118848402  6
804.5558137186636  16
804.5633155524868  6
804.5708173863101  13
804.5783192201334  20
804.5858210539567  -17
804.5933228877799  14
804.6008247216032  32
804.6083265554265  30
804.6158283892497  -10
804.623330223073  -7
804.6308320568963  0
804.6383338907195  12
804.6458357245428  8
804.6533375583662  -12
804.6608393921895  -12
804.6683412260127  16
804.675843059836  33
804.6833448936593  -8
804.6908467274825  5
804.6983485613058  12
804.7058503951291  35
804.7133522289523  13
804.7208540627756  15
804.7283558965989  -23
804.7358577304223  28
804.7433595642455  9
804.7508613980688  5
804.7583632318921  35
804.7658650657153  13
804.7733668995386  14
804.7808687333619  25
804.7883705671851  -31
804.7958724010084  43
804.8033742348317  4
804.810876068655  20
804.8183779024782  -31
804.8258797363015  1
804.8333815701249  38
804.840883403948  -8
804.8483852377714  25
804.8558870715947  47
804.8633889054179  -17
804.8708907392412  12
804.8783925730645  17
804.8858944068878  32
804.893396240711  -7
804.9008980745343  19
804.9083999083576  -1
804.9159017421808  10
804.9234035760041  15
804.9309054098275  -3
804.9384072436507  -26
804.945909077474  28
804.9534109112973  -3
804.9609127451206  4
804.9684145789438  -27
804.9759164127671  16
804.9834182465904  33
804.9909200804136  3
804.9984219142369  63
805.0059237480602  17
805.0134255818834  -2
805.0209274157068  -11
805.0284292495301  37
805.0359310833534  -11
805.0434329171766  27
805.0509347509999  32
805.0584365848232  79
805.0659384186464  22
805.0734402524697  16
805.080942086293  54
805.0884439201162  9
805.0959457539395  32
805.1034475877628  23
805.1109494215862  42
805.1184512554094  6
805.1259530892327  -5
805.133454923056  16
805.1409567568792  33
805.1484585907025  1
805.1559604245258  19
805.163462258349  6
805.1709640921723  15
805.1784659259956  -7
805.1859677598189  77
805.1934695936421  21
805.2009714274654  -5
805.2084732612888  39
805.215975095112  -5
805.2234769289353  37
805.2309787627586  5
