ADC Channel - Charge distribution	ADC Counts - Charge distribution
-99.5	0
-98.5	0
-97.5	0
-96.5	0
-95.5	0
-94.5	0
-93.5	0
-92.5	0
-91.5	0
-90.5	0
-89.5	0
-88.5	0
-87.5	0
-86.5	0
-85.5	0
-84.5	0
-83.5	0
-82.5	0
-81.5	0
-80.5	0
-79.5	1
-78.5	0
-77.5	0
-76.5	0
-75.5	0
-74.5	0
-73.5	1
-72.5	1
-71.5	0
-70.5	1
-69.5	2
-68.5	3
-67.5	1
-66.5	5
-65.5	3
-64.5	6
-63.5	7
-62.5	4
-61.5	6
-60.5	6
-59.5	10
-58.5	17
-57.5	20
-56.5	24
-55.5	24
-54.5	34
-53.5	33
-52.5	45
-51.5	53
-50.5	85
-49.5	97
-48.5	108
-47.5	118
-46.5	135
-45.5	177
-44.5	221
-43.5	250
-42.5	294
-41.5	321
-40.5	378
-39.5	413
-38.5	491
-37.5	592
-36.5	646
-35.5	751
-34.5	829
-33.5	919
-32.5	1049
-31.5	1113
-30.5	1300
-29.5	1490
-28.5	1628
-27.5	1707
-26.5	1923
-25.5	2162
-24.5	2443
-23.5	2509
-22.5	2811
-21.5	3107
-20.5	3280
-19.5	3538
-18.5	3758
-17.5	4117
-16.5	4294
-15.5	4477
-14.5	4938
-13.5	5229
-12.5	5505
-11.5	5805
-10.5	6124
-9.5	6320
-8.5	6443
-7.5	6646
-6.5	6953
-5.5	6855
-4.5	7219
-3.5	7336
-2.5	7507
-1.5	7451
-0.5	7348
0.5	7119
1.5	7166
2.5	7083
3.5	6968
4.5	6762
5.5	6584
6.5	6297
7.5	5924
8.5	5771
9.5	5325
10.5	5003
11.5	4884
12.5	4444
13.5	4079
14.5	3795
15.5	3466
16.5	3227
17.5	2876
18.5	2643
19.5	2341
20.5	2016
21.5	1896
22.5	1681
23.5	1485
24.5	1304
25.5	1181
26.5	1000
27.5	902
28.5	802
29.5	662
30.5	642
31.5	526
32.5	434
33.5	410
34.5	310
35.5	254
36.5	240
37.5	227
38.5	177
39.5	153
40.5	145
41.5	129
42.5	115
43.5	100
44.5	87
45.5	70
46.5	78
47.5	72
48.5	58
49.5	58
50.5	61
51.5	52
52.5	59
53.5	51
54.5	46
55.5	44
56.5	40
57.5	45
58.5	43
59.5	41
60.5	52
61.5	40
62.5	43
63.5	38
64.5	31
65.5	55
66.5	39
67.5	43
68.5	37
69.5	37
70.5	31
71.5	26
72.5	38
73.5	35
74.5	27
75.5	43
76.5	30
77.5	33
78.5	29
79.5	39
80.5	33
81.5	42
82.5	39
83.5	41
84.5	38
85.5	24
86.5	29
87.5	37
88.5	29
89.5	31
90.5	34
91.5	34
92.5	34
93.5	36
94.5	43
95.5	40
96.5	36
97.5	35
98.5	32
99.5	39
100.5	24
101.5	34
102.5	41
103.5	42
104.5	41
105.5	35
106.5	27
107.5	25
108.5	32
109.5	26
110.5	42
111.5	38
112.5	45
113.5	46
114.5	31
115.5	41
116.5	30
117.5	31
118.5	34
119.5	37
120.5	37
121.5	38
122.5	25
123.5	29
124.5	34
125.5	37
126.5	45
127.5	34
128.5	33
129.5	45
130.5	35
131.5	33
132.5	43
133.5	44
134.5	33
135.5	36
136.5	33
137.5	47
138.5	43
139.5	51
140.5	51
141.5	48
142.5	44
143.5	61
144.5	58
145.5	60
146.5	63
147.5	72
148.5	70
149.5	93
150.5	96
151.5	124
152.5	117
153.5	125
154.5	148
155.5	176
156.5	206
157.5	236
158.5	260
159.5	294
160.5	342
161.5	377
162.5	434
163.5	440
164.5	544
165.5	641
166.5	671
167.5	775
168.5	845
169.5	995
170.5	1051
171.5	1219
172.5	1313
173.5	1476
174.5	1701
175.5	1696
176.5	2028
177.5	2126
178.5	2310
179.5	2547
180.5	2645
181.5	3055
182.5	3176
183.5	3404
184.5	3667
185.5	4002
186.5	4263
187.5	4427
188.5	4787
189.5	4899
190.5	5270
191.5	5511
192.5	5630
193.5	5974
194.5	6221
195.5	6489
196.5	6599
197.5	6736
198.5	6999
199.5	6975
200.5	7130
201.5	7094
202.5	7040
203.5	7178
204.5	7036
205.5	7237
206.5	6981
207.5	7003
208.5	6854
209.5	6628
210.5	6395
211.5	6187
212.5	6040
213.5	5867
214.5	5505
215.5	5237
216.5	4936
217.5	4612
218.5	4472
219.5	4189
220.5	3836
221.5	3656
222.5	3435
223.5	3322
224.5	2930
225.5	2699
226.5	2554
227.5	2218
228.5	2019
229.5	1906
230.5	1728
231.5	1619
232.5	1440
233.5	1303
234.5	1185
235.5	1094
236.5	1076
237.5	965
238.5	852
239.5	766
240.5	787
241.5	678
242.5	687
243.5	643
244.5	642
245.5	562
246.5	575
247.5	542
248.5	509
249.5	512
250.5	476
251.5	488
252.5	466
253.5	444
254.5	479
255.5	425
256.5	420
257.5	405
258.5	436
259.5	407
260.5	424
261.5	405
262.5	393
263.5	384
264.5	373
265.5	402
266.5	392
267.5	390
268.5	389
269.5	425
270.5	360
271.5	374
272.5	391
273.5	371
274.5	403
275.5	385
276.5	385
277.5	396
278.5	326
279.5	350
280.5	393
281.5	375
282.5	361
283.5	357
284.5	391
285.5	349
286.5	349
287.5	335
288.5	335
289.5	342
290.5	349
291.5	308
292.5	309
293.5	298
294.5	322
295.5	351
296.5	294
297.5	308
298.5	326
299.5	299
300.5	283
301.5	274
302.5	296
303.5	302
304.5	307
305.5	293
306.5	298
307.5	306
308.5	272
309.5	272
310.5	274
311.5	255
312.5	272
313.5	269
314.5	245
315.5	281
316.5	263
317.5	265
318.5	258
319.5	262
320.5	263
321.5	225
322.5	253
323.5	214
324.5	244
325.5	237
326.5	216
327.5	220
328.5	212
329.5	230
330.5	231
331.5	192
332.5	232
333.5	216
334.5	217
335.5	220
336.5	217
337.5	195
338.5	196
339.5	202
340.5	195
341.5	182
342.5	186
343.5	199
344.5	203
345.5	155
346.5	161
347.5	185
348.5	182
349.5	183
350.5	173
351.5	207
352.5	197
353.5	163
354.5	199
355.5	211
356.5	204
357.5	238
358.5	243
359.5	264
360.5	290
361.5	269
362.5	312
363.5	311
364.5	328
365.5	355
366.5	367
367.5	435
368.5	471
369.5	469
370.5	555
371.5	611
372.5	667
373.5	722
374.5	782
375.5	834
376.5	915
377.5	969
378.5	1039
379.5	1200
380.5	1312
381.5	1317
382.5	1432
383.5	1644
384.5	1718
385.5	1817
386.5	1940
387.5	2062
388.5	2110
389.5	2263
390.5	2339
391.5	2499
392.5	2661
393.5	2809
394.5	2911
395.5	3071
396.5	3141
397.5	3190
398.5	3284
399.5	3401
400.5	3508
401.5	3583
402.5	3699
403.5	3732
404.5	3829
405.5	3847
406.5	3822
407.5	3819
408.5	3883
409.5	3847
410.5	3848
411.5	3781
412.5	3836
413.5	3724
414.5	3614
415.5	3574
416.5	3416
417.5	3286
418.5	3256
419.5	3140
420.5	3018
421.5	2957
422.5	2838
423.5	2729
424.5	2606
425.5	2440
426.5	2286
427.5	2158
428.5	2120
429.5	1966
430.5	1844
431.5	1752
432.5	1638
433.5	1484
434.5	1425
435.5	1414
436.5	1269
437.5	1259
438.5	1095
439.5	1002
440.5	1059
441.5	876
442.5	896
443.5	761
444.5	763
445.5	767
446.5	648
447.5	709
448.5	659
449.5	619
450.5	595
451.5	595
452.5	556
453.5	548
454.5	566
455.5	514
456.5	509
457.5	520
458.5	521
459.5	489
460.5	497
461.5	507
462.5	501
463.5	500
464.5	453
465.5	481
466.5	483
467.5	469
468.5	412
469.5	455
470.5	476
471.5	445
472.5	453
473.5	430
474.5	465
475.5	433
476.5	442
477.5	452
478.5	446
479.5	478
480.5	418
481.5	470
482.5	439
483.5	436
484.5	428
485.5	448
486.5	378
487.5	423
488.5	409
489.5	389
490.5	400
491.5	407
492.5	386
493.5	416
494.5	401
495.5	394
496.5	370
497.5	383
498.5	398
499.5	359
500.5	397
501.5	394
502.5	357
503.5	358
504.5	346
505.5	366
506.5	373
507.5	394
508.5	358
509.5	351
510.5	358
511.5	359
512.5	340
513.5	343
514.5	298
515.5	348
516.5	338
517.5	348
518.5	345
519.5	312
520.5	336
521.5	278
522.5	321
523.5	312
524.5	289
525.5	323
526.5	325
527.5	293
528.5	301
529.5	287
530.5	288
531.5	274
532.5	273
533.5	261
534.5	280
535.5	226
536.5	274
537.5	259
538.5	264
539.5	253
540.5	247
541.5	238
542.5	239
543.5	237
544.5	241
545.5	222
546.5	230
547.5	226
548.5	213
549.5	205
550.5	189
551.5	219
552.5	207
553.5	198
554.5	214
555.5	204
556.5	176
557.5	204
558.5	196
559.5	202
560.5	225
561.5	226
562.5	254
563.5	244
564.5	263
565.5	268
566.5	245
567.5	255
568.5	259
569.5	313
570.5	296
571.5	303
572.5	328
573.5	310
574.5	389
575.5	379
576.5	443
577.5	425
578.5	434
579.5	492
580.5	513
581.5	536
582.5	526
583.5	603
584.5	640
585.5	607
586.5	696
587.5	738
588.5	783
589.5	814
590.5	871
591.5	857
592.5	937
593.5	1015
594.5	1084
595.5	1047
596.5	1166
597.5	1165
598.5	1211
599.5	1298
600.5	1268
601.5	1350
602.5	1400
603.5	1398
604.5	1369
605.5	1433
606.5	1468
607.5	1392
608.5	1488
609.5	1475
610.5	1503
611.5	1445
612.5	1576
613.5	1579
614.5	1585
615.5	1511
616.5	1512
617.5	1525
618.5	1443
619.5	1476
620.5	1465
621.5	1426
622.5	1383
623.5	1330
624.5	1350
625.5	1322
626.5	1213
627.5	1199
628.5	1180
629.5	1111
630.5	1108
631.5	1046
632.5	1004
633.5	913
634.5	930
635.5	875
636.5	887
637.5	814
638.5	799
639.5	745
640.5	670
641.5	648
642.5	648
643.5	584
644.5	573
645.5	570
646.5	532
647.5	487
648.5	471
649.5	446
650.5	469
651.5	448
652.5	394
653.5	401
654.5	384
655.5	374
656.5	396
657.5	391
658.5	361
659.5	327
660.5	372
661.5	365
662.5	373
663.5	330
664.5	307
665.5	366
666.5	282
667.5	309
668.5	336
669.5	309
670.5	349
671.5	300
672.5	315
673.5	304
674.5	316
675.5	302
676.5	325
677.5	294
678.5	300
679.5	312
680.5	331
681.5	277
682.5	302
683.5	324
684.5	298
685.5	311
686.5	277
687.5	276
688.5	269
689.5	258
690.5	309
691.5	288
692.5	246
693.5	280
694.5	275
695.5	274
696.5	256
697.5	250
698.5	276
699.5	293
700.5	248
701.5	245
702.5	263
703.5	264
704.5	269
705.5	267
706.5	241
707.5	261
708.5	256
709.5	242
710.5	240
711.5	270
712.5	236
713.5	254
714.5	243
715.5	226
716.5	222
717.5	210
718.5	210
719.5	221
720.5	229
721.5	253
722.5	209
723.5	235
724.5	217
725.5	232
726.5	198
727.5	226
728.5	212
729.5	203
730.5	194
731.5	187
732.5	201
733.5	210
734.5	207
735.5	194
736.5	216
737.5	204
738.5	202
739.5	176
740.5	172
741.5	189
742.5	190
743.5	163
744.5	178
745.5	164
746.5	164
747.5	189
748.5	170
749.5	175
750.5	152
751.5	158
752.5	143
753.5	151
754.5	155
755.5	143
756.5	182
757.5	161
758.5	159
759.5	147
760.5	143
761.5	162
762.5	150
763.5	154
764.5	143
765.5	148
766.5	164
767.5	156
768.5	157
769.5	174
770.5	150
771.5	167
772.5	184
773.5	158
774.5	177
775.5	177
776.5	186
777.5	145
778.5	193
779.5	205
780.5	206
781.5	229
782.5	262
783.5	231
784.5	254
785.5	271
786.5	258
787.5	266
788.5	280
789.5	271
790.5	307
791.5	319
792.5	310
793.5	404
794.5	325
795.5	381
796.5	385
797.5	362
798.5	418
799.5	415
800.5	454
801.5	433
802.5	439
803.5	447
804.5	455
805.5	471
806.5	425
807.5	505
808.5	500
809.5	463
810.5	497
811.5	486
812.5	484
813.5	508
814.5	544
815.5	520
816.5	506
817.5	502
818.5	526
819.5	494
820.5	553
821.5	485
822.5	533
823.5	530
824.5	453
825.5	494
826.5	449
827.5	470
828.5	445
829.5	473
830.5	424
831.5	447
832.5	423
833.5	425
834.5	466
835.5	390
836.5	346
837.5	387
838.5	338
839.5	340
840.5	324
841.5	316
842.5	323
843.5	270
844.5	319
845.5	298
846.5	278
847.5	259
848.5	274
849.5	246
850.5	247
851.5	217
852.5	219
853.5	218
854.5	188
855.5	195
856.5	203
857.5	200
858.5	232
859.5	199
860.5	203
861.5	216
862.5	167
863.5	180
864.5	161
865.5	175
866.5	153
867.5	172
868.5	152
869.5	169
870.5	166
871.5	139
872.5	128
873.5	145
874.5	151
875.5	136
876.5	169
877.5	148
878.5	139
879.5	146
880.5	168
881.5	175
882.5	147
883.5	123
884.5	151
885.5	135
886.5	115
887.5	145
888.5	138
889.5	132
890.5	128
891.5	140
892.5	136
893.5	137
894.5	138
895.5	137
896.5	141
897.5	122
898.5	146
899.5	134
900.5	143
901.5	120
902.5	151
903.5	156
904.5	124
905.5	124
906.5	114
907.5	146
908.5	120
909.5	127
910.5	140
911.5	106
912.5	135
913.5	111
914.5	119
915.5	111
916.5	127
917.5	118
918.5	117
919.5	99
920.5	126
921.5	101
922.5	100
923.5	117
924.5	127
925.5	101
926.5	91
927.5	106
928.5	97
929.5	106
930.5	111
931.5	111
932.5	112
933.5	101
934.5	95
935.5	109
936.5	92
937.5	102
938.5	99
939.5	79
940.5	98
941.5	94
942.5	97
943.5	93
944.5	75
945.5	87
946.5	94
947.5	100
948.5	100
949.5	74
950.5	81
951.5	93
952.5	80
953.5	90
954.5	74
955.5	76
956.5	82
957.5	78
958.5	85
959.5	81
960.5	65
961.5	86
962.5	83
963.5	81
964.5	74
965.5	69
966.5	62
967.5	75
968.5	82
969.5	86
970.5	75
971.5	78
972.5	72
973.5	72
974.5	94
975.5	80
976.5	88
977.5	95
978.5	83
979.5	85
980.5	85
981.5	94
982.5	85
983.5	112
984.5	94
985.5	81
986.5	119
987.5	102
988.5	123
989.5	115
990.5	127
991.5	113
992.5	105
993.5	110
994.5	126
995.5	113
996.5	132
997.5	115
998.5	139
999.5	120
1000.5	125
1001.5	138
1002.5	115
1003.5	144
1004.5	142
1005.5	125
1006.5	134
1007.5	118
1008.5	161
1009.5	119
1010.5	135
1011.5	149
1012.5	154
1013.5	139
1014.5	154
1015.5	146
1016.5	161
1017.5	147
1018.5	162
1019.5	159
1020.5	159
1021.5	146
1022.5	141
1023.5	179
1024.5	148
1025.5	125
1026.5	158
1027.5	162
1028.5	148
1029.5	153
1030.5	137
1031.5	147
1032.5	158
1033.5	126
1034.5	141
1035.5	121
1036.5	153
1037.5	123
1038.5	131
1039.5	127
1040.5	116
1041.5	126
1042.5	129
1043.5	103
1044.5	138
1045.5	98
1046.5	118
1047.5	109
1048.5	126
1049.5	110
1050.5	84
1051.5	106
1052.5	70
1053.5	109
1054.5	116
1055.5	84
1056.5	90
1057.5	101
1058.5	89
1059.5	73
1060.5	83
1061.5	103
1062.5	75
1063.5	71
1064.5	72
1065.5	70
1066.5	65
1067.5	61
1068.5	62
1069.5	70
1070.5	78
1071.5	59
1072.5	71
1073.5	78
1074.5	71
1075.5	63
1076.5	71
1077.5	62
1078.5	51
1079.5	59
1080.5	66
1081.5	64
1082.5	61
1083.5	71
1084.5	66
1085.5	73
1086.5	64
1087.5	53
1088.5	66
1089.5	58
1090.5	54
1091.5	65
1092.5	54
1093.5	52
1094.5	69
1095.5	60
1096.5	59
1097.5	52
1098.5	70
1099.5	36
1100.5	52
1101.5	50
1102.5	70
1103.5	63
1104.5	50
1105.5	47
1106.5	57
1107.5	53
1108.5	54
1109.5	63
1110.5	66
1111.5	56
1112.5	46
1113.5	58
1114.5	54
1115.5	50
1116.5	49
1117.5	53
1118.5	43
1119.5	59
1120.5	47
1121.5	47
1122.5	50
1123.5	47
1124.5	51
1125.5	32
1126.5	42
1127.5	46
1128.5	44
1129.5	61
1130.5	49
1131.5	37
1132.5	39
1133.5	36
1134.5	48
1135.5	49
1136.5	42
1137.5	47
1138.5	38
1139.5	43
1140.5	33
1141.5	37
1142.5	45
1143.5	35
1144.5	46
1145.5	40
1146.5	32
1147.5	42
1148.5	46
1149.5	29
1150.5	38
1151.5	27
1152.5	40
1153.5	30
1154.5	35
1155.5	38
1156.5	31
1157.5	42
1158.5	31
1159.5	33
1160.5	24
1161.5	34
1162.5	31
1163.5	38
1164.5	38
1165.5	32
1166.5	38
1167.5	37
1168.5	30
1169.5	41
1170.5	38
1171.5	34
1172.5	32
1173.5	42
1174.5	29
1175.5	38
1176.5	37
1177.5	32
1178.5	38
1179.5	27
1180.5	39
1181.5	34
1182.5	40
1183.5	37
1184.5	42
1185.5	31
1186.5	38
1187.5	43
1188.5	32
1189.5	35
1190.5	36
1191.5	33
1192.5	38
1193.5	51
1194.5	29
1195.5	28
1196.5	29
1197.5	39
1198.5	45
1199.5	51
1200.5	38
1201.5	34
1202.5	46
1203.5	49
1204.5	49
1205.5	46
1206.5	37
1207.5	41
1208.5	60
1209.5	48
1210.5	42
1211.5	45
1212.5	46
1213.5	47
1214.5	39
1215.5	55
1216.5	61
1217.5	48
1218.5	47
1219.5	44
1220.5	33
1221.5	52
1222.5	55
1223.5	44
1224.5	49
1225.5	47
1226.5	42
1227.5	60
1228.5	49
1229.5	48
1230.5	53
1231.5	45
1232.5	45
1233.5	42
1234.5	40
1235.5	42
1236.5	35
1237.5	35
1238.5	40
1239.5	44
1240.5	35
1241.5	42
1242.5	49
1243.5	47
1244.5	39
1245.5	50
1246.5	44
1247.5	43
1248.5	33
1249.5	34
1250.5	34
1251.5	33
1252.5	37
1253.5	40
1254.5	38
1255.5	34
1256.5	35
1257.5	31
1258.5	32
1259.5	29
1260.5	34
1261.5	28
1262.5	37
1263.5	19
1264.5	24
1265.5	26
1266.5	29
1267.5	23
1268.5	31
1269.5	22
1270.5	26
1271.5	29
1272.5	22
1273.5	16
1274.5	21
1275.5	27
1276.5	25
1277.5	31
1278.5	19
1279.5	24
1280.5	20
1281.5	27
1282.5	15
1283.5	22
1284.5	30
1285.5	25
1286.5	19
1287.5	21
1288.5	23
1289.5	27
1290.5	26
1291.5	14
1292.5	16
1293.5	29
1294.5	19
1295.5	13
1296.5	24
1297.5	16
1298.5	15
1299.5	16
1300.5	17
1301.5	23
1302.5	26
1303.5	25
1304.5	18
1305.5	14
1306.5	19
1307.5	19
1308.5	33
1309.5	19
1310.5	19
1311.5	25
1312.5	22
1313.5	17
1314.5	20
1315.5	19
1316.5	14
1317.5	18
1318.5	16
1319.5	18
1320.5	20
1321.5	14
1322.5	18
1323.5	20
1324.5	12
1325.5	30
1326.5	12
1327.5	12
1328.5	18
1329.5	19
1330.5	17
1331.5	19
1332.5	9
1333.5	14
1334.5	17
1335.5	15
1336.5	10
1337.5	18
1338.5	8
1339.5	16
1340.5	21
1341.5	20
1342.5	15
1343.5	13
1344.5	16
1345.5	16
1346.5	13
1347.5	13
1348.5	17
1349.5	27
1350.5	8
1351.5	20
1352.5	21
1353.5	19
1354.5	11
1355.5	15
1356.5	15
1357.5	20
1358.5	16
1359.5	10
1360.5	12
1361.5	12
1362.5	15
1363.5	7
1364.5	15
1365.5	12
1366.5	19
1367.5	13
1368.5	14
1369.5	12
1370.5	11
1371.5	14
1372.5	9
1373.5	11
1374.5	13
1375.5	10
1376.5	11
1377.5	10
1378.5	9
1379.5	14
1380.5	10
1381.5	10
1382.5	10
1383.5	17
1384.5	13
1385.5	13
1386.5	16
1387.5	19
1388.5	11
1389.5	10
1390.5	9
1391.5	12
1392.5	10
1393.5	9
1394.5	6
1395.5	13
1396.5	15
1397.5	10
1398.5	12
1399.5	13
1400.5	10
1401.5	9
1402.5	12
1403.5	14
1404.5	12
1405.5	13
1406.5	16
1407.5	11
1408.5	10
1409.5	18
1410.5	17
1411.5	14
1412.5	17
1413.5	9
1414.5	14
1415.5	13
1416.5	14
1417.5	18
1418.5	17
1419.5	11
1420.5	9
1421.5	14
1422.5	18
1423.5	10
1424.5	12
1425.5	14
1426.5	9
1427.5	10
1428.5	11
1429.5	11
1430.5	18
1431.5	14
1432.5	11
1433.5	13
1434.5	12
1435.5	16
1436.5	8
1437.5	15
1438.5	13
1439.5	12
1440.5	13
1441.5	12
1442.5	10
1443.5	9
1444.5	11
1445.5	13
1446.5	15
1447.5	13
1448.5	14
1449.5	8
1450.5	13
1451.5	13
1452.5	18
1453.5	11
1454.5	10
1455.5	12
1456.5	11
1457.5	10
1458.5	12
1459.5	16
1460.5	11
1461.5	8
1462.5	12
1463.5	8
1464.5	6
1465.5	8
1466.5	10
1467.5	9
1468.5	8
1469.5	15
1470.5	9
1471.5	8
1472.5	10
1473.5	12
1474.5	11
1475.5	11
1476.5	8
1477.5	11
1478.5	9
1479.5	12
1480.5	6
1481.5	2
1482.5	9
1483.5	5
1484.5	6
1485.5	12
1486.5	6
1487.5	8
1488.5	13
1489.5	7
1490.5	0
1491.5	8
1492.5	12
1493.5	6
1494.5	11
1495.5	4
1496.5	4
1497.5	4
1498.5	7
1499.5	8
1500.5	5
1501.5	7
1502.5	4
1503.5	4
1504.5	6
1505.5	6
1506.5	9
1507.5	5
1508.5	7
1509.5	6
1510.5	6
1511.5	6
1512.5	3
1513.5	6
1514.5	8
1515.5	6
1516.5	2
1517.5	6
1518.5	9
1519.5	4
1520.5	7
1521.5	5
1522.5	6
1523.5	2
1524.5	7
1525.5	5
1526.5	7
1527.5	6
1528.5	9
1529.5	6
1530.5	7
1531.5	7
1532.5	3
1533.5	5
1534.5	12
1535.5	8
1536.5	2
1537.5	3
1538.5	4
1539.5	7
1540.5	3
1541.5	12
1542.5	4
1543.5	4
1544.5	6
1545.5	1
1546.5	2
1547.5	0
1548.5	7
1549.5	5
1550.5	2
1551.5	2
1552.5	2
1553.5	4
1554.5	5
1555.5	8
1556.5	6
1557.5	5
1558.5	3
1559.5	4
1560.5	3
1561.5	6
1562.5	5
1563.5	4
1564.5	3
1565.5	4
1566.5	4
1567.5	1
1568.5	5
1569.5	6
1570.5	2
1571.5	0
1572.5	2
1573.5	8
1574.5	4
1575.5	1
1576.5	3
1577.5	8
1578.5	3
1579.5	4
1580.5	9
1581.5	3
1582.5	7
1583.5	1
1584.5	0
1585.5	3
1586.5	3
1587.5	6
1588.5	4
1589.5	4
1590.5	4
1591.5	5
1592.5	6
1593.5	3
1594.5	4
1595.5	5
1596.5	4
1597.5	5
1598.5	5
1599.5	2
1600.5	2
1601.5	1
1602.5	0
1603.5	6
1604.5	2
1605.5	4
1606.5	6
1607.5	1
1608.5	4
1609.5	4
1610.5	4
1611.5	2
1612.5	3
1613.5	4
1614.5	2
1615.5	7
1616.5	4
1617.5	6
1618.5	4
1619.5	3
1620.5	5
1621.5	3
1622.5	3
1623.5	1
1624.5	0
1625.5	8
1626.5	4
1627.5	2
1628.5	1
1629.5	7
1630.5	9
1631.5	2
1632.5	4
1633.5	4
1634.5	4
1635.5	4
1636.5	4
1637.5	3
1638.5	1
1639.5	5
1640.5	0
1641.5	5
1642.5	3
1643.5	1
1644.5	7
1645.5	3
1646.5	2
1647.5	2
1648.5	4
1649.5	4
1650.5	7
1651.5	5
1652.5	3
1653.5	2
1654.5	4
1655.5	1
1656.5	4
1657.5	6
1658.5	5
1659.5	2
1660.5	3
1661.5	4
1662.5	5
1663.5	3
1664.5	4
1665.5	2
1666.5	2
1667.5	3
1668.5	0
1669.5	2
1670.5	3
1671.5	3
1672.5	3
1673.5	0
1674.5	5
1675.5	4
1676.5	4
1677.5	3
1678.5	1
1679.5	4
1680.5	1
1681.5	1
1682.5	5
1683.5	2
1684.5	1
1685.5	2
1686.5	3
1687.5	0
1688.5	3
1689.5	2
1690.5	3
1691.5	3
1692.5	0
1693.5	1
1694.5	2
1695.5	5
1696.5	5
1697.5	1
1698.5	2
1699.5	3
1700.5	1
1701.5	1
1702.5	0
1703.5	3
1704.5	0
1705.5	2
1706.5	3
1707.5	3
1708.5	2
1709.5	3
1710.5	2
1711.5	2
1712.5	8
1713.5	4
1714.5	2
1715.5	4
1716.5	0
1717.5	2
1718.5	0
1719.5	4
1720.5	0
1721.5	2
1722.5	3
1723.5	4
1724.5	1
1725.5	1
1726.5	1
1727.5	2
1728.5	1
1729.5	0
1730.5	2
1731.5	1
1732.5	0
1733.5	1
1734.5	1
1735.5	2
1736.5	2
1737.5	1
1738.5	0
1739.5	2
1740.5	0
1741.5	2
1742.5	0
1743.5	2
1744.5	2
1745.5	2
1746.5	1
1747.5	0
1748.5	0
1749.5	1
1750.5	2
1751.5	3
1752.5	1
1753.5	0
1754.5	0
1755.5	4
1756.5	1
1757.5	2
1758.5	4
1759.5	1
1760.5	0
1761.5	1
1762.5	1
1763.5	0
1764.5	1
1765.5	0
1766.5	0
1767.5	0
1768.5	3
1769.5	1
1770.5	1
1771.5	2
1772.5	0
1773.5	2
1774.5	1
1775.5	2
1776.5	2
1777.5	2
1778.5	1
1779.5	0
1780.5	0
1781.5	0
1782.5	2
1783.5	1
1784.5	1
1785.5	0
1786.5	2
1787.5	2
1788.5	1
1789.5	0
1790.5	2
1791.5	0
1792.5	1
1793.5	1
1794.5	2
1795.5	0
1796.5	3
1797.5	2
1798.5	1
1799.5	1
1800.5	0
1801.5	1
1802.5	1
1803.5	1
1804.5	2
1805.5	3
1806.5	2
1807.5	0
1808.5	0
1809.5	0
1810.5	0
1811.5	2
1812.5	0
1813.5	1
1814.5	0
1815.5	1
1816.5	1
1817.5	4
1818.5	3
1819.5	0
1820.5	1
1821.5	1
1822.5	0
1823.5	0
1824.5	1
1825.5	1
1826.5	0
1827.5	0
1828.5	1
1829.5	1
1830.5	1
1831.5	1
1832.5	0
1833.5	2
1834.5	2
1835.5	0
1836.5	0
1837.5	0
1838.5	1
1839.5	0
1840.5	4
1841.5	1
1842.5	1
1843.5	1
1844.5	1
1845.5	2
1846.5	0
1847.5	1
1848.5	1
1849.5	2
1850.5	1
1851.5	1
1852.5	0
1853.5	1
1854.5	0
1855.5	5
1856.5	1
1857.5	2
1858.5	0
1859.5	2
1860.5	0
1861.5	1
1862.5	2
1863.5	0
1864.5	3
1865.5	1
1866.5	0
1867.5	0
1868.5	0
1869.5	0
1870.5	0
1871.5	2
1872.5	0
1873.5	0
1874.5	3
1875.5	1
1876.5	0
1877.5	0
1878.5	0
1879.5	2
1880.5	1
1881.5	0
1882.5	1
1883.5	1
1884.5	0
1885.5	2
1886.5	0
1887.5	2
1888.5	1
1889.5	1
1890.5	2
1891.5	0
1892.5	3
1893.5	0
1894.5	1
1895.5	0
1896.5	0
1897.5	4
1898.5	0
1899.5	0
1900.5	1
1901.5	0
1902.5	0
1903.5	1
1904.5	1
1905.5	0
1906.5	0
1907.5	2
1908.5	1
1909.5	0
1910.5	0
1911.5	0
1912.5	0
1913.5	2
1914.5	0
1915.5	0
1916.5	1
1917.5	0
1918.5	0
1919.5	0
1920.5	1
1921.5	0
1922.5	0
1923.5	0
1924.5	0
1925.5	1
1926.5	0
1927.5	0
1928.5	1
1929.5	2
1930.5	0
1931.5	1
1932.5	1
1933.5	0
1934.5	0
1935.5	1
1936.5	0
1937.5	0
1938.5	0
1939.5	0
1940.5	1
1941.5	0
1942.5	0
1943.5	0
1944.5	0
1945.5	0
1946.5	0
1947.5	2
1948.5	0
1949.5	0
1950.5	0
1951.5	1
1952.5	0
1953.5	1
1954.5	0
1955.5	0
1956.5	0
1957.5	1
1958.5	0
1959.5	0
1960.5	0
1961.5	0
1962.5	0
1963.5	0
1964.5	2
1965.5	0
1966.5	0
1967.5	0
1968.5	0
1969.5	0
1970.5	0
1971.5	1
1972.5	0
1973.5	1
1974.5	0
1975.5	0
1976.5	0
1977.5	0
1978.5	0
1979.5	0
1980.5	0
1981.5	1
1982.5	0
1983.5	0
1984.5	0
1985.5	0
1986.5	0
1987.5	0
1988.5	0
1989.5	0
1990.5	0
1991.5	0
1992.5	0
1993.5	1
1994.5	0
1995.5	0
1996.5	0
1997.5	0
1998.5	0
1999.5	1
2000.5	0
2001.5	0
2002.5	0
2003.5	0
2004.5	1
2005.5	0
2006.5	0
2007.5	1
2008.5	0
2009.5	1
2010.5	0
2011.5	0
2012.5	0
2013.5	0
2014.5	0
2015.5	0
2016.5	0
2017.5	0
2018.5	0
2019.5	0
2020.5	0
2021.5	0
2022.5	0
2023.5	0
2024.5	0
2025.5	1
2026.5	1
2027.5	0
2028.5	0
2029.5	0
2030.5	0
2031.5	0
2032.5	0
2033.5	1
2034.5	1
2035.5	0
2036.5	1
2037.5	1
2038.5	1
2039.5	0
2040.5	0
2041.5	0
2042.5	0
2043.5	0
2044.5	0
2045.5	0
2046.5	0
2047.5	1
2048.5	0
2049.5	0
2050.5	1
2051.5	1
2052.5	1
2053.5	0
2054.5	1
2055.5	0
2056.5	0
2057.5	0
2058.5	0
2059.5	0
2060.5	0
2061.5	0
2062.5	0
2063.5	0
2064.5	0
2065.5	0
2066.5	0
2067.5	0
2068.5	0
2069.5	0
2070.5	0
2071.5	0
2072.5	0
2073.5	0
2074.5	0
2075.5	0
2076.5	0
2077.5	0
2078.5	0
2079.5	0
2080.5	0
2081.5	2
2082.5	0
2083.5	0
2084.5	0
2085.5	0
2086.5	0
2087.5	0
2088.5	1
2089.5	0
2090.5	0
2091.5	0
2092.5	1
2093.5	0
2094.5	1
2095.5	0
2096.5	0
2097.5	1
2098.5	0
2099.5	0
2100.5	0
2101.5	0
2102.5	0
2103.5	0
2104.5	0
2105.5	1
2106.5	0
2107.5	0
2108.5	1
2109.5	1
2110.5	1
2111.5	1
2112.5	0
2113.5	1
2114.5	1
2115.5	0
2116.5	0
2117.5	0
2118.5	0
2119.5	0
2120.5	0
2121.5	0
2122.5	0
2123.5	0
2124.5	0
2125.5	0
2126.5	0
2127.5	0
2128.5	0
2129.5	0
2130.5	0
2131.5	0
2132.5	0
2133.5	0
2134.5	0
2135.5	1
2136.5	0
2137.5	0
2138.5	0
2139.5	0
2140.5	0
2141.5	0
2142.5	0
2143.5	0
2144.5	0
2145.5	0
2146.5	0
2147.5	0
2148.5	0
2149.5	0
2150.5	1
2151.5	0
2152.5	0
2153.5	0
2154.5	0
2155.5	1
2156.5	0
2157.5	0
2158.5	1
2159.5	0
2160.5	0
2161.5	0
2162.5	0
2163.5	0
2164.5	0
2165.5	0
2166.5	0
2167.5	0
2168.5	0
2169.5	0
2170.5	0
2171.5	0
2172.5	0
2173.5	0
2174.5	0
2175.5	0
2176.5	0
2177.5	0
2178.5	0
2179.5	1
2180.5	0
2181.5	0
2182.5	1
2183.5	0
2184.5	0
2185.5	0
2186.5	0
2187.5	0
2188.5	0
2189.5	0
2190.5	0
2191.5	0
2192.5	0
2193.5	0
2194.5	0
2195.5	0
2196.5	0
2197.5	0
2198.5	0
2199.5	0
2200.5	0
2201.5	0
2202.5	0
2203.5	0
2204.5	0
2205.5	0
2206.5	0
2207.5	0
2208.5	0
2209.5	0
2210.5	0
2211.5	0
2212.5	2
2213.5	0
2214.5	0
2215.5	0
2216.5	0
2217.5	0
2218.5	0
2219.5	0
2220.5	0
2221.5	1
2222.5	0
2223.5	0
2224.5	0
2225.5	0
2226.5	0
2227.5	0
2228.5	1
2229.5	0
2230.5	0
2231.5	0
2232.5	0
2233.5	0
2234.5	0
2235.5	0
2236.5	0
2237.5	0
2238.5	0
2239.5	0
2240.5	0
2241.5	0
2242.5	0
2243.5	0
2244.5	0
2245.5	0
2246.5	0
2247.5	0
2248.5	0
2249.5	1
2250.5	0
2251.5	0
2252.5	0
2253.5	0
2254.5	0
2255.5	0
2256.5	0
2257.5	0
2258.5	0
2259.5	0
2260.5	0
2261.5	0
2262.5	0
2263.5	0
2264.5	0
2265.5	0
2266.5	0
2267.5	0
2268.5	0
2269.5	0
2270.5	1
2271.5	0
2272.5	1
2273.5	0
2274.5	1
2275.5	0
2276.5	0
2277.5	0
2278.5	0
2279.5	0
2280.5	0
2281.5	0
2282.5	0
2283.5	0
2284.5	0
2285.5	0
2286.5	0
2287.5	0
2288.5	0
2289.5	0
2290.5	0
2291.5	0
2292.5	0
2293.5	0
2294.5	0
2295.5	0
2296.5	0
2297.5	0
2298.5	1
2299.5	0
2300.5	0
2301.5	0
2302.5	0
2303.5	0
2304.5	0
2305.5	0
2306.5	0
2307.5	0
2308.5	0
2309.5	0
2310.5	0
2311.5	0
2312.5	0
2313.5	0
2314.5	1
2315.5	0
2316.5	0
2317.5	0
2318.5	0
2319.5	0
2320.5	0
2321.5	0
2322.5	1
2323.5	0
2324.5	0
2325.5	0
2326.5	0
2327.5	0
2328.5	0
2329.5	0
2330.5	0
2331.5	0
2332.5	0
2333.5	0
2334.5	0
2335.5	0
2336.5	0
2337.5	0
2338.5	0
2339.5	0
2340.5	0
2341.5	0
2342.5	0
2343.5	0
2344.5	0
2345.5	0
2346.5	0
2347.5	0
2348.5	0
2349.5	0
2350.5	0
2351.5	0
2352.5	0
2353.5	0
2354.5	0
2355.5	0
2356.5	0
2357.5	0
2358.5	0
2359.5	0
2360.5	0
2361.5	0
2362.5	0
2363.5	0
2364.5	0
2365.5	0
2366.5	0
2367.5	0
2368.5	0
2369.5	0
2370.5	0
2371.5	0
2372.5	0
2373.5	0
2374.5	0
2375.5	0
2376.5	0
2377.5	0
2378.5	0
2379.5	0
2380.5	0
2381.5	0
2382.5	0
2383.5	0
2384.5	0
2385.5	0
2386.5	0
2387.5	0
2388.5	0
2389.5	0
2390.5	0
2391.5	0
2392.5	0
2393.5	0
2394.5	0
2395.5	0
2396.5	0
2397.5	0
2398.5	0
2399.5	0
2400.5	0
2401.5	0
2402.5	0
2403.5	0
2404.5	0
2405.5	0
2406.5	0
2407.5	0
2408.5	0
2409.5	0
2410.5	0
2411.5	0
2412.5	0
2413.5	0
2414.5	0
2415.5	0
2416.5	0
2417.5	0
2418.5	0
2419.5	0
2420.5	0
2421.5	0
2422.5	0
2423.5	0
2424.5	0
2425.5	0
2426.5	0
2427.5	0
2428.5	0
2429.5	0
2430.5	0
2431.5	0
2432.5	0
2433.5	0
2434.5	0
2435.5	0
2436.5	0
2437.5	0
2438.5	0
2439.5	0
2440.5	0
2441.5	0
2442.5	0
2443.5	0
2444.5	0
2445.5	0
2446.5	0
2447.5	0
2448.5	0
2449.5	0
2450.5	0
2451.5	0
2452.5	0
2453.5	0
2454.5	1
2455.5	0
2456.5	0
2457.5	0
2458.5	0
2459.5	0
2460.5	0
2461.5	0
2462.5	0
2463.5	0
2464.5	0
2465.5	0
2466.5	0
2467.5	0
2468.5	0
2469.5	0
2470.5	1
2471.5	0
2472.5	0
2473.5	0
2474.5	0
2475.5	0
2476.5	0
2477.5	0
2478.5	0
2479.5	0
2480.5	0
2481.5	0
2482.5	0
2483.5	0
2484.5	0
2485.5	0
2486.5	0
2487.5	0
2488.5	0
2489.5	0
2490.5	0
2491.5	0
2492.5	0
2493.5	0
2494.5	0
2495.5	0
2496.5	0
2497.5	0
2498.5	0
2499.5	0
2500.5	0
2501.5	0
2502.5	0
2503.5	0
2504.5	0
2505.5	0
2506.5	0
2507.5	0
2508.5	0
2509.5	0
2510.5	0
2511.5	0
2512.5	0
2513.5	0
2514.5	0
2515.5	0
2516.5	0
2517.5	1
2518.5	0
2519.5	0
2520.5	0
2521.5	0
2522.5	0
2523.5	0
2524.5	0
2525.5	0
2526.5	0
2527.5	0
2528.5	0
2529.5	0
2530.5	0
2531.5	0
2532.5	0
2533.5	0
2534.5	0
2535.5	0
2536.5	0
2537.5	0
2538.5	0
2539.5	0
2540.5	0
2541.5	0
2542.5	0
2543.5	0
2544.5	0
2545.5	0
2546.5	0
2547.5	0
2548.5	0
2549.5	0
2550.5	0
2551.5	0
2552.5	0
2553.5	0
2554.5	0
2555.5	0
2556.5	0
2557.5	0
2558.5	0
2559.5	0
2560.5	0
2561.5	0
2562.5	0
2563.5	1
2564.5	0
2565.5	0
2566.5	0
2567.5	0
2568.5	0
2569.5	0
2570.5	0
2571.5	0
2572.5	0
2573.5	0
2574.5	0
2575.5	0
2576.5	0
2577.5	0
2578.5	0
2579.5	0
2580.5	0
2581.5	0
2582.5	0
2583.5	0
2584.5	0
2585.5	0
2586.5	0
2587.5	0
2588.5	0
2589.5	0
2590.5	0
2591.5	0
2592.5	0
2593.5	0
2594.5	0
2595.5	0
2596.5	0
2597.5	0
2598.5	0
2599.5	0
2600.5	0
2601.5	0
2602.5	0
2603.5	0
2604.5	0
2605.5	0
2606.5	0
2607.5	0
2608.5	0
2609.5	0
2610.5	0
2611.5	0
2612.5	0
2613.5	0
2614.5	0
2615.5	0
2616.5	0
2617.5	0
2618.5	0
2619.5	0
2620.5	0
2621.5	0
2622.5	0
2623.5	0
2624.5	0
2625.5	0
2626.5	0
2627.5	0
2628.5	0
2629.5	0
2630.5	0
2631.5	0
2632.5	0
2633.5	0
2634.5	0
2635.5	0
2636.5	0
2637.5	0
2638.5	0
2639.5	0
2640.5	0
2641.5	0
2642.5	0
2643.5	0
2644.5	0
2645.5	0
2646.5	0
2647.5	0
2648.5	0
2649.5	0
2650.5	0
2651.5	0
2652.5	0
2653.5	0
2654.5	0
2655.5	0
2656.5	0
2657.5	0
2658.5	0
2659.5	0
2660.5	0
2661.5	0
2662.5	0
2663.5	0
2664.5	0
2665.5	0
2666.5	0
2667.5	0
2668.5	0
2669.5	0
2670.5	0
2671.5	0
2672.5	0
2673.5	0
2674.5	0
2675.5	0
2676.5	0
2677.5	0
2678.5	0
2679.5	0
2680.5	0
2681.5	0
2682.5	0
2683.5	0
2684.5	0
2685.5	0
2686.5	0
2687.5	0
2688.5	0
2689.5	0
2690.5	0
2691.5	0
2692.5	0
2693.5	0
2694.5	0
2695.5	0
2696.5	0
2697.5	0
2698.5	0
2699.5	0
2700.5	0
2701.5	0
2702.5	0
2703.5	0
2704.5	0
2705.5	0
2706.5	0
2707.5	0
2708.5	0
2709.5	0
2710.5	0
2711.5	0
2712.5	0
2713.5	0
2714.5	0
2715.5	0
2716.5	0
2717.5	0
2718.5	0
2719.5	0
2720.5	0
2721.5	0
2722.5	0
2723.5	0
2724.5	0
2725.5	0
2726.5	0
2727.5	0
2728.5	0
2729.5	0
2730.5	0
2731.5	0
2732.5	0
2733.5	0
2734.5	0
2735.5	0
2736.5	0
2737.5	0
2738.5	0
2739.5	0
2740.5	0
2741.5	0
2742.5	0
2743.5	0
2744.5	0
2745.5	0
2746.5	0
2747.5	0
2748.5	0
2749.5	0
2750.5	0
2751.5	0
2752.5	0
2753.5	0
2754.5	0
2755.5	0
2756.5	0
2757.5	0
2758.5	0
2759.5	0
2760.5	0
2761.5	0
2762.5	0
2763.5	0
2764.5	0
2765.5	0
2766.5	0
2767.5	0
2768.5	0
2769.5	0
2770.5	0
2771.5	0
2772.5	0
2773.5	0
2774.5	0
2775.5	0
2776.5	0
2777.5	0
2778.5	0
2779.5	0
2780.5	0
2781.5	0
2782.5	0
2783.5	0
2784.5	0
2785.5	0
2786.5	0
2787.5	0
2788.5	0
2789.5	0
2790.5	0
2791.5	0
2792.5	0
2793.5	0
2794.5	0
2795.5	0
2796.5	0
2797.5	0
2798.5	0
2799.5	0
2800.5	0
2801.5	0
2802.5	0
2803.5	0
2804.5	0
2805.5	0
2806.5	0
2807.5	0
2808.5	0
2809.5	0
2810.5	0
2811.5	0
2812.5	0
2813.5	0
2814.5	0
2815.5	0
2816.5	0
2817.5	0
2818.5	0
2819.5	0
2820.5	0
2821.5	0
2822.5	0
2823.5	0
2824.5	0
2825.5	0
2826.5	0
2827.5	0
2828.5	0
2829.5	0
2830.5	0
2831.5	0
2832.5	0
2833.5	0
2834.5	0
2835.5	0
2836.5	0
2837.5	0
2838.5	0
2839.5	0
2840.5	0
2841.5	0
2842.5	0
2843.5	0
2844.5	0
2845.5	0
2846.5	0
2847.5	0
2848.5	0
2849.5	0
2850.5	0
2851.5	0
2852.5	0
2853.5	0
2854.5	0
2855.5	0
2856.5	0
2857.5	0
2858.5	0
2859.5	0
2860.5	0
2861.5	0
2862.5	0
2863.5	0
2864.5	0
2865.5	0
2866.5	0
2867.5	0
2868.5	0
2869.5	0
2870.5	0
2871.5	0
2872.5	0
2873.5	0
2874.5	0
2875.5	0
2876.5	0
2877.5	0
2878.5	0
2879.5	0
2880.5	0
2881.5	0
2882.5	0
2883.5	0
2884.5	0
2885.5	0
2886.5	0
2887.5	0
2888.5	0
2889.5	0
2890.5	0
2891.5	0
2892.5	0
2893.5	0
2894.5	0
2895.5	0
2896.5	0
2897.5	0
2898.5	0
2899.5	0
2900.5	0
2901.5	0
2902.5	0
2903.5	0
2904.5	0
2905.5	0
2906.5	0
2907.5	0
2908.5	0
2909.5	0
2910.5	0
2911.5	0
2912.5	0
2913.5	0
2914.5	0
2915.5	0
2916.5	0
2917.5	0
2918.5	0
2919.5	0
2920.5	0
2921.5	0
2922.5	0
2923.5	0
2924.5	0
2925.5	0
2926.5	0
2927.5	0
2928.5	0
2929.5	0
2930.5	0
2931.5	0
2932.5	0
2933.5	0
2934.5	0
2935.5	0
2936.5	0
2937.5	0
2938.5	0
2939.5	0
2940.5	0
2941.5	0
2942.5	0
2943.5	0
2944.5	0
2945.5	0
2946.5	0
2947.5	0
2948.5	0
2949.5	0
2950.5	0
2951.5	0
2952.5	0
2953.5	0
2954.5	0
2955.5	0
2956.5	0
2957.5	0
2958.5	0
2959.5	0
2960.5	0
2961.5	0
2962.5	0
2963.5	0
2964.5	0
2965.5	0
2966.5	0
2967.5	0
2968.5	0
2969.5	0
2970.5	0
2971.5	0
2972.5	0
2973.5	0
2974.5	0
2975.5	0
2976.5	0
2977.5	0
2978.5	0
2979.5	0
2980.5	0
2981.5	0
2982.5	0
2983.5	0
2984.5	0
2985.5	0
2986.5	0
2987.5	0
2988.5	0
2989.5	0
2990.5	0
2991.5	0
2992.5	0
2993.5	0
2994.5	0
2995.5	0
2996.5	0
2997.5	0
2998.5	0
2999.5	0
3000.5	0
3001.5	0
3002.5	0
3003.5	0
3004.5	0
3005.5	0
3006.5	0
3007.5	0
3008.5	0
3009.5	0
3010.5	0
3011.5	0
3012.5	0
3013.5	0
3014.5	0
3015.5	0
3016.5	0
3017.5	0
3018.5	0
3019.5	0
3020.5	0
3021.5	0
3022.5	0
3023.5	0
3024.5	0
3025.5	0
3026.5	0
3027.5	0
3028.5	0
3029.5	0
3030.5	0
3031.5	0
3032.5	0
3033.5	0
3034.5	0
3035.5	0
3036.5	0
3037.5	0
3038.5	0
3039.5	0
3040.5	0
3041.5	0
3042.5	0
3043.5	0
3044.5	0
3045.5	0
3046.5	0
3047.5	0
3048.5	0
3049.5	0
3050.5	0
3051.5	0
3052.5	0
3053.5	0
3054.5	0
3055.5	0
3056.5	0
3057.5	0
3058.5	0
3059.5	0
3060.5	0
3061.5	0
3062.5	0
3063.5	0
3064.5	0
3065.5	0
3066.5	0
3067.5	0
3068.5	0
3069.5	0
3070.5	0
3071.5	0
3072.5	0
3073.5	0
3074.5	0
3075.5	0
3076.5	0
3077.5	0
3078.5	0
3079.5	0
3080.5	0
3081.5	0
3082.5	0
3083.5	0
3084.5	0
3085.5	0
3086.5	0
3087.5	0
3088.5	0
3089.5	0
3090.5	0
3091.5	0
3092.5	0
3093.5	0
3094.5	0
3095.5	0
3096.5	0
3097.5	0
3098.5	0
3099.5	0
3100.5	0
3101.5	0
3102.5	0
3103.5	0
3104.5	0
3105.5	0
3106.5	0
3107.5	0
3108.5	0
3109.5	0
3110.5	0
3111.5	0
3112.5	0
3113.5	0
3114.5	0
3115.5	0
3116.5	0
3117.5	0
3118.5	0
3119.5	0
3120.5	0
3121.5	0
3122.5	0
3123.5	0
3124.5	0
3125.5	0
3126.5	0
3127.5	0
3128.5	0
3129.5	0
3130.5	0
3131.5	0
3132.5	0
3133.5	0
3134.5	0
3135.5	0
3136.5	0
3137.5	0
3138.5	0
3139.5	0
3140.5	0
3141.5	0
3142.5	0
3143.5	0
3144.5	0
3145.5	0
3146.5	0
3147.5	0
3148.5	0
3149.5	0
3150.5	0
3151.5	0
3152.5	0
3153.5	0
3154.5	0
3155.5	0
3156.5	0
3157.5	0
3158.5	0
3159.5	0
3160.5	0
3161.5	0
3162.5	0
3163.5	0
3164.5	0
3165.5	0
3166.5	0
3167.5	0
3168.5	0
3169.5	0
3170.5	0
3171.5	0
3172.5	0
3173.5	0
3174.5	0
3175.5	0
3176.5	0
3177.5	0
3178.5	0
3179.5	0
3180.5	0
3181.5	0
3182.5	0
3183.5	0
3184.5	0
3185.5	0
3186.5	0
3187.5	0
3188.5	0
3189.5	0
3190.5	0
3191.5	0
3192.5	0
3193.5	0
3194.5	0
3195.5	0
3196.5	0
3197.5	0
3198.5	0
3199.5	0
3200.5	0
3201.5	0
3202.5	0
3203.5	0
3204.5	0
3205.5	0
3206.5	0
3207.5	0
3208.5	0
3209.5	0
3210.5	0
3211.5	0
3212.5	0
3213.5	0
3214.5	0
3215.5	0
3216.5	0
3217.5	0
3218.5	0
3219.5	0
3220.5	0
3221.5	0
3222.5	0
3223.5	0
3224.5	0
3225.5	0
3226.5	0
3227.5	0
3228.5	0
3229.5	0
3230.5	0
3231.5	0
3232.5	0
3233.5	0
3234.5	0
3235.5	0
3236.5	0
3237.5	0
3238.5	0
3239.5	0
3240.5	0
3241.5	0
3242.5	0
3243.5	0
3244.5	0
3245.5	0
3246.5	0
3247.5	0
3248.5	0
3249.5	0
3250.5	0
3251.5	0
3252.5	0
3253.5	0
3254.5	0
3255.5	0
3256.5	0
3257.5	0
3258.5	0
3259.5	0
3260.5	0
3261.5	0
3262.5	0
3263.5	0
3264.5	0
3265.5	0
3266.5	0
3267.5	0
3268.5	0
3269.5	0
3270.5	0
3271.5	0
3272.5	0
3273.5	0
3274.5	0
3275.5	0
3276.5	0
3277.5	0
3278.5	0
3279.5	0
3280.5	0
3281.5	0
3282.5	0
3283.5	0
3284.5	0
3285.5	0
3286.5	0
3287.5	0
3288.5	0
3289.5	0
3290.5	0
3291.5	0
3292.5	0
3293.5	0
3294.5	0
3295.5	0
3296.5	0
3297.5	0
3298.5	0
3299.5	0
3300.5	0
3301.5	0
3302.5	0
3303.5	0
3304.5	0
3305.5	0
3306.5	0
3307.5	0
3308.5	0
3309.5	0
3310.5	0
3311.5	0
3312.5	0
3313.5	0
3314.5	0
3315.5	0
3316.5	0
3317.5	0
3318.5	0
3319.5	0
3320.5	0
3321.5	0
3322.5	0
3323.5	0
3324.5	0
3325.5	0
3326.5	0
3327.5	0
3328.5	0
3329.5	0
3330.5	0
3331.5	0
3332.5	0
3333.5	0
3334.5	0
3335.5	0
3336.5	0
3337.5	0
3338.5	0
3339.5	0
3340.5	0
3341.5	0
3342.5	0
3343.5	0
3344.5	0
3345.5	0
3346.5	0
3347.5	0
3348.5	0
3349.5	0
3350.5	0
3351.5	0
3352.5	0
3353.5	0
3354.5	0
3355.5	0
3356.5	0
3357.5	0
3358.5	0
3359.5	0
3360.5	0
3361.5	0
3362.5	0
3363.5	0
3364.5	0
3365.5	0
3366.5	0
3367.5	0
3368.5	0
3369.5	0
3370.5	0
3371.5	0
3372.5	0
3373.5	0
3374.5	0
3375.5	0
3376.5	0
3377.5	0
3378.5	0
3379.5	0
3380.5	0
3381.5	0
3382.5	0
3383.5	0
3384.5	0
3385.5	0
3386.5	0
3387.5	0
3388.5	0
3389.5	0
3390.5	0
3391.5	0
3392.5	0
3393.5	0
3394.5	0
3395.5	0
3396.5	0
3397.5	0
3398.5	0
3399.5	0
3400.5	0
3401.5	0
3402.5	0
3403.5	0
3404.5	0
3405.5	0
3406.5	0
3407.5	0
3408.5	0
3409.5	0
3410.5	0
3411.5	0
3412.5	0
3413.5	0
3414.5	0
3415.5	0
3416.5	0
3417.5	0
3418.5	0
3419.5	0
3420.5	0
3421.5	0
3422.5	0
3423.5	0
3424.5	0
3425.5	0
3426.5	0
3427.5	0
3428.5	0
3429.5	0
3430.5	0
3431.5	0
3432.5	0
3433.5	0
3434.5	0
3435.5	0
3436.5	0
3437.5	0
3438.5	0
3439.5	0
3440.5	0
3441.5	0
3442.5	0
3443.5	0
3444.5	0
3445.5	0
3446.5	0
3447.5	0
3448.5	0
3449.5	0
3450.5	0
3451.5	0
3452.5	0
3453.5	0
3454.5	0
3455.5	0
3456.5	0
3457.5	0
3458.5	0
3459.5	0
3460.5	0
3461.5	0
3462.5	0
3463.5	0
3464.5	0
3465.5	0
3466.5	0
3467.5	0
3468.5	0
3469.5	0
3470.5	0
3471.5	0
3472.5	0
3473.5	0
3474.5	0
3475.5	0
3476.5	0
3477.5	0
3478.5	0
3479.5	0
3480.5	0
3481.5	0
3482.5	0
3483.5	0
3484.5	0
3485.5	0
3486.5	0
3487.5	0
3488.5	0
3489.5	0
3490.5	0
3491.5	0
3492.5	0
3493.5	0
3494.5	0
3495.5	0
3496.5	0
3497.5	0
3498.5	0
3499.5	0
3500.5	0
3501.5	0
3502.5	0
3503.5	0
3504.5	0
3505.5	0
3506.5	0
3507.5	0
3508.5	0
3509.5	0
3510.5	0
3511.5	0
3512.5	0
3513.5	0
3514.5	0
3515.5	0
3516.5	0
3517.5	0
3518.5	0
3519.5	0
3520.5	0
3521.5	0
3522.5	0
3523.5	0
3524.5	0
3525.5	0
3526.5	0
3527.5	0
3528.5	0
3529.5	0
3530.5	0
3531.5	0
3532.5	0
3533.5	0
3534.5	0
3535.5	0
3536.5	0
3537.5	0
3538.5	0
3539.5	0
3540.5	0
3541.5	0
3542.5	0
3543.5	0
3544.5	0
3545.5	0
3546.5	0
3547.5	0
3548.5	0
3549.5	0
3550.5	0
3551.5	0
3552.5	0
3553.5	0
3554.5	0
3555.5	0
3556.5	0
3557.5	0
3558.5	0
3559.5	0
3560.5	0
3561.5	0
3562.5	0
3563.5	0
3564.5	0
3565.5	0
3566.5	0
3567.5	0
3568.5	0
3569.5	0
3570.5	0
3571.5	0
3572.5	0
3573.5	0
3574.5	0
3575.5	0
3576.5	0
3577.5	0
3578.5	0
3579.5	0
3580.5	0
3581.5	0
3582.5	0
3583.5	0
3584.5	0
3585.5	0
3586.5	0
3587.5	0
3588.5	0
3589.5	0
3590.5	0
3591.5	0
3592.5	0
3593.5	0
3594.5	0
3595.5	0
3596.5	0
3597.5	0
3598.5	0
3599.5	0
3600.5	0
3601.5	0
3602.5	0
3603.5	0
3604.5	0
3605.5	0
3606.5	0
3607.5	0
3608.5	0
3609.5	0
3610.5	0
3611.5	0
3612.5	0
3613.5	0
3614.5	0
3615.5	0
3616.5	0
3617.5	0
3618.5	0
3619.5	0
3620.5	0
3621.5	0
3622.5	0
3623.5	0
3624.5	0
3625.5	0
3626.5	0
3627.5	0
3628.5	0
3629.5	0
3630.5	0
3631.5	0
3632.5	0
3633.5	0
3634.5	0
3635.5	0
3636.5	0
3637.5	0
3638.5	0
3639.5	0
3640.5	0
3641.5	0
3642.5	0
3643.5	0
3644.5	0
3645.5	0
3646.5	0
3647.5	0
3648.5	0
3649.5	0
3650.5	0
3651.5	0
3652.5	0
3653.5	0
3654.5	0
3655.5	0
3656.5	0
3657.5	0
3658.5	0
3659.5	0
3660.5	0
3661.5	0
3662.5	0
3663.5	0
3664.5	0
3665.5	0
3666.5	0
3667.5	0
3668.5	0
3669.5	0
3670.5	0
3671.5	0
3672.5	0
3673.5	0
3674.5	0
3675.5	0
3676.5	0
3677.5	0
3678.5	0
3679.5	0
3680.5	0
3681.5	0
3682.5	0
3683.5	0
3684.5	0
3685.5	0
3686.5	0
3687.5	0
3688.5	0
3689.5	0
3690.5	0
3691.5	0
3692.5	0
3693.5	0
3694.5	0
3695.5	0
3696.5	0
3697.5	0
3698.5	0
3699.5	0
3700.5	0
3701.5	0
3702.5	0
3703.5	0
3704.5	0
3705.5	0
3706.5	0
3707.5	0
3708.5	0
3709.5	0
3710.5	0
3711.5	0
3712.5	0
3713.5	0
3714.5	0
3715.5	0
3716.5	0
3717.5	0
3718.5	0
3719.5	0
3720.5	0
3721.5	0
3722.5	0
3723.5	0
3724.5	0
3725.5	0
3726.5	0
3727.5	0
3728.5	0
3729.5	0
3730.5	0
3731.5	0
3732.5	0
3733.5	0
3734.5	0
3735.5	0
3736.5	0
3737.5	0
3738.5	0
3739.5	0
3740.5	0
3741.5	0
3742.5	0
3743.5	0
3744.5	0
3745.5	0
3746.5	0
3747.5	0
3748.5	0
3749.5	0
3750.5	0
3751.5	0
3752.5	0
3753.5	0
3754.5	0
3755.5	0
3756.5	0
3757.5	0
3758.5	0
3759.5	0
3760.5	0
3761.5	0
3762.5	0
3763.5	0
3764.5	0
3765.5	0
3766.5	0
3767.5	0
3768.5	0
3769.5	0
3770.5	0
3771.5	0
3772.5	0
3773.5	0
3774.5	0
3775.5	0
3776.5	0
3777.5	0
3778.5	0
3779.5	0
3780.5	0
3781.5	0
3782.5	0
3783.5	0
3784.5	0
3785.5	0
3786.5	0
3787.5	0
3788.5	0
3789.5	0
3790.5	0
3791.5	0
3792.5	0
3793.5	0
3794.5	0
3795.5	0
3796.5	0
3797.5	0
3798.5	0
3799.5	0
3800.5	0
3801.5	0
3802.5	0
3803.5	0
3804.5	0
3805.5	0
3806.5	0
3807.5	0
3808.5	0
3809.5	0
3810.5	0
3811.5	0
3812.5	0
3813.5	0
3814.5	0
3815.5	0
3816.5	0
3817.5	0
3818.5	0
3819.5	0
3820.5	0
3821.5	0
3822.5	0
3823.5	0
3824.5	0
3825.5	0
3826.5	0
3827.5	0
3828.5	0
3829.5	0
3830.5	0
3831.5	0
3832.5	0
3833.5	0
3834.5	0
3835.5	0
3836.5	0
3837.5	0
3838.5	0
3839.5	0
3840.5	0
3841.5	0
3842.5	0
3843.5	0
3844.5	0
3845.5	0
3846.5	0
3847.5	0
3848.5	0
3849.5	0
3850.5	0
3851.5	0
3852.5	0
3853.5	0
3854.5	0
3855.5	0
3856.5	0
3857.5	0
3858.5	0
3859.5	0
3860.5	0
3861.5	0
3862.5	0
3863.5	0
3864.5	0
3865.5	0
3866.5	0
3867.5	0
3868.5	0
3869.5	0
3870.5	0
3871.5	0
3872.5	0
3873.5	0
3874.5	0
3875.5	0
3876.5	0
3877.5	0
3878.5	0
3879.5	0
3880.5	0
3881.5	0
3882.5	0
3883.5	0
3884.5	0
3885.5	0
3886.5	0
3887.5	0
3888.5	0
3889.5	0
3890.5	0
3891.5	0
3892.5	0
3893.5	0
3894.5	0
3895.5	0
3896.5	0
3897.5	0
3898.5	0
3899.5	0
3900.5	0
3901.5	0
3902.5	0
3903.5	0
3904.5	0
3905.5	0
3906.5	0
3907.5	0
3908.5	0
3909.5	0
3910.5	0
3911.5	0
3912.5	0
3913.5	0
3914.5	0
3915.5	0
3916.5	0
3917.5	0
3918.5	0
3919.5	0
3920.5	0
3921.5	0
3922.5	0
3923.5	0
3924.5	0
3925.5	0
3926.5	0
3927.5	0
3928.5	0
3929.5	0
3930.5	0
3931.5	0
3932.5	0
3933.5	0
3934.5	0
3935.5	0
3936.5	0
3937.5	0
3938.5	0
3939.5	0
3940.5	0
3941.5	0
3942.5	0
3943.5	0
3944.5	0
3945.5	0
3946.5	0
3947.5	0
3948.5	0
3949.5	0
3950.5	0
3951.5	0
3952.5	0
3953.5	0
3954.5	0
3955.5	0
3956.5	0
3957.5	0
3958.5	0
3959.5	0
3960.5	0
3961.5	0
3962.5	0
3963.5	0
3964.5	0
3965.5	0
3966.5	0
3967.5	0
3968.5	0
3969.5	0
3970.5	0
3971.5	0
3972.5	0
3973.5	0
3974.5	0
3975.5	0
3976.5	0
3977.5	0
3978.5	0
3979.5	0
3980.5	0
3981.5	0
3982.5	0
3983.5	0
3984.5	0
3985.5	0
3986.5	0
3987.5	0
3988.5	0
3989.5	0
3990.5	0
3991.5	0
3992.5	0
3993.5	0
3994.5	0
3995.5	0
