ADC Channel - Charge distribution	ADC Counts - Charge distribution
-99.5	0
-98.5	0
-97.5	0
-96.5	0
-95.5	0
-94.5	0
-93.5	0
-92.5	0
-91.5	0
-90.5	0
-89.5	0
-88.5	0
-87.5	0
-86.5	0
-85.5	0
-84.5	0
-83.5	0
-82.5	0
-81.5	0
-80.5	0
-79.5	0
-78.5	0
-77.5	0
-76.5	0
-75.5	0
-74.5	0
-73.5	0
-72.5	0
-71.5	0
-70.5	1
-69.5	3
-68.5	1
-67.5	6
-66.5	0
-65.5	3
-64.5	3
-63.5	2
-62.5	5
-61.5	6
-60.5	8
-59.5	7
-58.5	7
-57.5	17
-56.5	17
-55.5	20
-54.5	30
-53.5	30
-52.5	35
-51.5	35
-50.5	62
-49.5	47
-48.5	69
-47.5	104
-46.5	103
-45.5	142
-44.5	166
-43.5	187
-42.5	241
-41.5	229
-40.5	309
-39.5	341
-38.5	415
-37.5	433
-36.5	559
-35.5	636
-34.5	724
-33.5	821
-32.5	869
-31.5	1045
-30.5	1165
-29.5	1229
-28.5	1504
-27.5	1638
-26.5	1813
-25.5	1961
-24.5	2204
-23.5	2430
-22.5	2673
-21.5	2864
-20.5	3139
-19.5	3319
-18.5	3602
-17.5	3908
-16.5	4249
-15.5	4504
-14.5	4817
-13.5	5085
-12.5	5393
-11.5	5731
-10.5	5977
-9.5	6310
-8.5	6608
-7.5	6690
-6.5	7085
-5.5	7269
-4.5	7392
-3.5	7633
-2.5	7536
-1.5	7807
-0.5	7797
0.5	7877
1.5	7654
2.5	7647
3.5	7452
4.5	7264
5.5	6989
6.5	6757
7.5	6385
8.5	6018
9.5	5863
10.5	5529
11.5	5064
12.5	4760
13.5	4355
14.5	4069
15.5	3855
16.5	3436
17.5	3200
18.5	2779
19.5	2548
20.5	2245
21.5	2060
22.5	1781
23.5	1560
24.5	1337
25.5	1272
26.5	1122
27.5	944
28.5	779
29.5	694
30.5	619
31.5	534
32.5	448
33.5	392
34.5	327
35.5	291
36.5	245
37.5	182
38.5	162
39.5	137
40.5	149
41.5	103
42.5	105
43.5	96
44.5	91
45.5	75
46.5	73
47.5	66
48.5	63
49.5	62
50.5	64
51.5	40
52.5	45
53.5	42
54.5	36
55.5	38
56.5	50
57.5	43
58.5	44
59.5	35
60.5	47
61.5	43
62.5	42
63.5	39
64.5	42
65.5	36
66.5	36
67.5	41
68.5	38
69.5	49
70.5	30
71.5	40
72.5	31
73.5	33
74.5	37
75.5	39
76.5	36
77.5	30
78.5	38
79.5	35
80.5	38
81.5	26
82.5	47
83.5	34
84.5	35
85.5	39
86.5	38
87.5	35
88.5	30
89.5	42
90.5	25
91.5	41
92.5	37
93.5	34
94.5	30
95.5	36
96.5	38
97.5	34
98.5	35
99.5	39
100.5	25
101.5	38
102.5	37
103.5	41
104.5	36
105.5	34
106.5	42
107.5	49
108.5	34
109.5	38
110.5	35
111.5	46
112.5	31
113.5	42
114.5	43
115.5	41
116.5	41
117.5	39
118.5	46
119.5	54
120.5	48
121.5	45
122.5	50
123.5	52
124.5	63
125.5	56
126.5	87
127.5	82
128.5	64
129.5	81
130.5	98
131.5	124
132.5	130
133.5	136
134.5	174
135.5	155
136.5	188
137.5	244
138.5	262
139.5	271
140.5	277
141.5	357
142.5	433
143.5	477
144.5	515
145.5	646
146.5	680
147.5	771
148.5	887
149.5	1015
150.5	1107
151.5	1206
152.5	1412
153.5	1550
154.5	1715
155.5	1861
156.5	2040
157.5	2300
158.5	2471
159.5	2646
160.5	2909
161.5	3125
162.5	3554
163.5	3787
164.5	4030
165.5	4430
166.5	4549
167.5	4917
168.5	5109
169.5	5529
170.5	5733
171.5	6072
172.5	6222
173.5	6352
174.5	6848
175.5	6811
176.5	7190
177.5	7428
178.5	7625
179.5	7574
180.5	7815
181.5	7901
182.5	7771
183.5	7725
184.5	7687
185.5	7518
186.5	7479
187.5	7363
188.5	7121
189.5	6950
190.5	6816
191.5	6484
192.5	6286
193.5	5967
194.5	5702
195.5	5329
196.5	5085
197.5	4807
198.5	4482
199.5	4215
200.5	3866
201.5	3576
202.5	3349
203.5	3118
204.5	2854
205.5	2643
206.5	2387
207.5	2155
208.5	1957
209.5	1862
210.5	1629
211.5	1492
212.5	1338
213.5	1180
214.5	1152
215.5	1014
216.5	929
217.5	871
218.5	791
219.5	718
220.5	738
221.5	657
222.5	601
223.5	589
224.5	572
225.5	501
226.5	493
227.5	453
228.5	470
229.5	398
230.5	424
231.5	426
232.5	413
233.5	375
234.5	407
235.5	395
236.5	386
237.5	387
238.5	394
239.5	360
240.5	324
241.5	338
242.5	373
243.5	364
244.5	374
245.5	357
246.5	402
247.5	324
248.5	341
249.5	312
250.5	333
251.5	357
252.5	322
253.5	303
254.5	340
255.5	327
256.5	358
257.5	282
258.5	339
259.5	308
260.5	333
261.5	336
262.5	311
263.5	313
264.5	282
265.5	293
266.5	311
267.5	278
268.5	289
269.5	303
270.5	264
271.5	286
272.5	300
273.5	268
274.5	246
275.5	280
276.5	258
277.5	270
278.5	255
279.5	294
280.5	269
281.5	228
282.5	254
283.5	280
284.5	244
285.5	252
286.5	225
287.5	229
288.5	234
289.5	251
290.5	228
291.5	202
292.5	222
293.5	219
294.5	220
295.5	226
296.5	236
297.5	199
298.5	220
299.5	220
300.5	176
301.5	191
302.5	218
303.5	172
304.5	193
305.5	164
306.5	199
307.5	188
308.5	163
309.5	192
310.5	187
311.5	204
312.5	194
313.5	207
314.5	210
315.5	194
316.5	222
317.5	235
318.5	243
319.5	266
320.5	248
321.5	248
322.5	341
323.5	327
324.5	335
325.5	393
326.5	395
327.5	441
328.5	473
329.5	496
330.5	558
331.5	646
332.5	702
333.5	710
334.5	808
335.5	959
336.5	1040
337.5	1097
338.5	1159
339.5	1286
340.5	1355
341.5	1441
342.5	1585
343.5	1743
344.5	1929
345.5	2035
346.5	2035
347.5	2310
348.5	2442
349.5	2678
350.5	2777
351.5	2819
352.5	2942
353.5	3234
354.5	3207
355.5	3389
356.5	3653
357.5	3603
358.5	3812
359.5	3911
360.5	3997
361.5	4182
362.5	4195
363.5	4249
364.5	4218
365.5	4281
366.5	4197
367.5	4266
368.5	4222
369.5	4244
370.5	4044
371.5	4096
372.5	3987
373.5	3976
374.5	3850
375.5	3752
376.5	3596
377.5	3575
378.5	3194
379.5	3287
380.5	3040
381.5	2994
382.5	2886
383.5	2659
384.5	2503
385.5	2318
386.5	2264
387.5	2083
388.5	1966
389.5	1857
390.5	1765
391.5	1612
392.5	1499
393.5	1377
394.5	1294
395.5	1236
396.5	1093
397.5	1088
398.5	1047
399.5	872
400.5	844
401.5	820
402.5	783
403.5	787
404.5	667
405.5	711
406.5	613
407.5	540
408.5	596
409.5	497
410.5	514
411.5	533
412.5	530
413.5	470
414.5	493
415.5	486
416.5	460
417.5	453
418.5	445
419.5	469
420.5	461
421.5	430
422.5	442
423.5	440
424.5	435
425.5	424
426.5	413
427.5	452
428.5	423
429.5	433
430.5	407
431.5	410
432.5	346
433.5	380
434.5	404
435.5	399
436.5	367
437.5	414
438.5	390
439.5	358
440.5	374
441.5	359
442.5	362
443.5	373
444.5	338
445.5	382
446.5	333
447.5	344
448.5	340
449.5	335
450.5	352
451.5	361
452.5	299
453.5	334
454.5	312
455.5	318
456.5	317
457.5	346
458.5	304
459.5	304
460.5	296
461.5	300
462.5	320
463.5	327
464.5	316
465.5	295
466.5	292
467.5	330
468.5	298
469.5	289
470.5	297
471.5	272
472.5	270
473.5	270
474.5	258
475.5	245
476.5	249
477.5	274
478.5	258
479.5	256
480.5	240
481.5	238
482.5	212
483.5	238
484.5	244
485.5	206
486.5	216
487.5	216
488.5	230
489.5	222
490.5	202
491.5	174
492.5	204
493.5	188
494.5	207
495.5	217
496.5	221
497.5	190
498.5	202
499.5	219
500.5	234
501.5	225
502.5	235
503.5	259
504.5	257
505.5	263
506.5	239
507.5	287
508.5	267
509.5	302
510.5	290
511.5	356
512.5	331
513.5	367
514.5	394
515.5	411
516.5	432
517.5	467
518.5	483
519.5	532
520.5	552
521.5	606
522.5	603
523.5	674
524.5	751
525.5	730
526.5	783
527.5	870
528.5	898
529.5	1019
530.5	1018
531.5	1065
532.5	1126
533.5	1218
534.5	1204
535.5	1217
536.5	1318
537.5	1291
538.5	1438
539.5	1437
540.5	1451
541.5	1523
542.5	1559
543.5	1557
544.5	1646
545.5	1554
546.5	1624
547.5	1667
548.5	1617
549.5	1647
550.5	1645
551.5	1642
552.5	1630
553.5	1746
554.5	1616
555.5	1612
556.5	1581
557.5	1591
558.5	1548
559.5	1541
560.5	1421
561.5	1426
562.5	1393
563.5	1397
564.5	1297
565.5	1268
566.5	1185
567.5	1189
568.5	1196
569.5	1040
570.5	1045
571.5	946
572.5	935
573.5	912
574.5	823
575.5	807
576.5	693
577.5	714
578.5	698
579.5	659
580.5	613
581.5	592
582.5	525
583.5	532
584.5	477
585.5	480
586.5	470
587.5	434
588.5	438
589.5	382
590.5	402
591.5	372
592.5	389
593.5	344
594.5	329
595.5	341
596.5	312
597.5	319
598.5	304
599.5	321
600.5	324
601.5	332
602.5	295
603.5	278
604.5	315
605.5	282
606.5	252
607.5	260
608.5	273
609.5	291
610.5	259
611.5	269
612.5	291
613.5	274
614.5	271
615.5	243
616.5	227
617.5	265
618.5	270
619.5	247
620.5	241
621.5	293
622.5	248
623.5	262
624.5	246
625.5	241
626.5	251
627.5	226
628.5	254
629.5	227
630.5	232
631.5	245
632.5	232
633.5	245
634.5	235
635.5	189
636.5	220
637.5	211
638.5	214
639.5	225
640.5	217
641.5	210
642.5	203
643.5	210
644.5	207
645.5	238
646.5	188
647.5	210
648.5	188
649.5	193
650.5	204
651.5	191
652.5	189
653.5	203
654.5	192
655.5	178
656.5	184
657.5	160
658.5	158
659.5	173
660.5	159
661.5	154
662.5	156
663.5	143
664.5	155
665.5	153
666.5	142
667.5	160
668.5	151
669.5	158
670.5	150
671.5	145
672.5	177
673.5	137
674.5	159
675.5	116
676.5	138
677.5	142
678.5	141
679.5	140
680.5	128
681.5	143
682.5	156
683.5	119
684.5	142
685.5	166
686.5	148
687.5	138
688.5	153
689.5	136
690.5	147
691.5	159
692.5	176
693.5	170
694.5	172
695.5	173
696.5	198
697.5	205
698.5	191
699.5	215
700.5	207
701.5	226
702.5	249
703.5	262
704.5	266
705.5	247
706.5	271
707.5	283
708.5	282
709.5	307
710.5	351
711.5	339
712.5	368
713.5	371
714.5	397
715.5	410
716.5	399
717.5	425
718.5	460
719.5	454
720.5	450
721.5	460
722.5	487
723.5	493
724.5	495
725.5	509
726.5	522
727.5	555
728.5	533
729.5	524
730.5	559
731.5	497
732.5	518
733.5	554
734.5	516
735.5	570
736.5	551
737.5	502
738.5	534
739.5	544
740.5	557
741.5	509
742.5	512
743.5	515
744.5	467
745.5	483
746.5	497
747.5	481
748.5	473
749.5	435
750.5	409
751.5	414
752.5	396
753.5	341
754.5	398
755.5	367
756.5	315
757.5	331
758.5	318
759.5	332
760.5	309
761.5	277
762.5	268
763.5	269
764.5	259
765.5	242
766.5	213
767.5	197
768.5	228
769.5	222
770.5	229
771.5	180
772.5	190
773.5	191
774.5	155
775.5	186
776.5	201
777.5	168
778.5	153
779.5	172
780.5	134
781.5	151
782.5	131
783.5	119
784.5	141
785.5	136
786.5	120
787.5	132
788.5	137
789.5	124
790.5	129
791.5	110
792.5	147
793.5	133
794.5	124
795.5	136
796.5	119
797.5	113
798.5	127
799.5	121
800.5	129
801.5	108
802.5	149
803.5	105
804.5	128
805.5	118
806.5	114
807.5	116
808.5	110
809.5	124
810.5	110
811.5	107
812.5	129
813.5	112
814.5	100
815.5	102
816.5	121
817.5	112
818.5	114
819.5	106
820.5	96
821.5	107
822.5	102
823.5	110
824.5	80
825.5	117
826.5	101
827.5	115
828.5	93
829.5	75
830.5	104
831.5	103
832.5	87
833.5	92
834.5	108
835.5	106
836.5	80
837.5	80
838.5	90
839.5	85
840.5	85
841.5	70
842.5	92
843.5	85
844.5	78
845.5	90
846.5	101
847.5	74
848.5	62
849.5	75
850.5	74
851.5	76
852.5	71
853.5	68
854.5	61
855.5	81
856.5	65
857.5	82
858.5	72
859.5	80
860.5	59
861.5	75
862.5	57
863.5	74
864.5	78
865.5	64
866.5	62
867.5	64
868.5	65
869.5	62
870.5	71
871.5	53
872.5	70
873.5	73
874.5	64
875.5	66
876.5	76
877.5	76
878.5	84
879.5	71
880.5	74
881.5	79
882.5	88
883.5	105
884.5	83
885.5	92
886.5	106
887.5	79
888.5	90
889.5	90
890.5	85
891.5	114
892.5	121
893.5	116
894.5	144
895.5	125
896.5	107
897.5	118
898.5	129
899.5	129
900.5	125
901.5	152
902.5	146
903.5	127
904.5	117
905.5	150
906.5	131
907.5	158
908.5	150
909.5	151
910.5	182
911.5	155
912.5	134
913.5	175
914.5	152
915.5	140
916.5	179
917.5	132
918.5	166
919.5	180
920.5	161
921.5	147
922.5	167
923.5	131
924.5	173
925.5	147
926.5	161
927.5	153
928.5	147
929.5	138
930.5	149
931.5	150
932.5	141
933.5	125
934.5	125
935.5	138
936.5	119
937.5	125
938.5	101
939.5	128
940.5	119
941.5	109
942.5	97
943.5	96
944.5	96
945.5	108
946.5	90
947.5	95
948.5	76
949.5	75
950.5	85
951.5	84
952.5	76
953.5	85
954.5	68
955.5	93
956.5	74
957.5	82
958.5	61
959.5	61
960.5	73
961.5	49
962.5	64
963.5	63
964.5	56
965.5	62
966.5	61
967.5	53
968.5	67
969.5	52
970.5	64
971.5	65
972.5	54
973.5	49
974.5	55
975.5	49
976.5	39
977.5	47
978.5	56
979.5	38
980.5	35
981.5	53
982.5	46
983.5	48
984.5	36
985.5	43
986.5	48
987.5	55
988.5	51
989.5	44
990.5	41
991.5	38
992.5	37
993.5	38
994.5	55
995.5	42
996.5	36
997.5	27
998.5	39
999.5	47
1000.5	47
1001.5	45
1002.5	35
1003.5	61
1004.5	35
1005.5	40
1006.5	29
1007.5	34
1008.5	50
1009.5	48
1010.5	38
1011.5	53
1012.5	33
1013.5	49
1014.5	31
1015.5	40
1016.5	41
1017.5	36
1018.5	38
1019.5	36
1020.5	41
1021.5	27
1022.5	34
1023.5	37
1024.5	37
1025.5	30
1026.5	42
1027.5	34
1028.5	31
1029.5	42
1030.5	32
1031.5	28
1032.5	32
1033.5	23
1034.5	32
1035.5	28
1036.5	34
1037.5	24
1038.5	29
1039.5	30
1040.5	33
1041.5	28
1042.5	40
1043.5	27
1044.5	26
1045.5	26
1046.5	30
1047.5	21
1048.5	29
1049.5	24
1050.5	24
1051.5	23
1052.5	36
1053.5	32
1054.5	29
1055.5	36
1056.5	21
1057.5	39
1058.5	36
1059.5	30
1060.5	32
1061.5	27
1062.5	26
1063.5	36
1064.5	23
1065.5	33
1066.5	30
1067.5	32
1068.5	44
1069.5	35
1070.5	28
1071.5	31
1072.5	28
1073.5	38
1074.5	29
1075.5	33
1076.5	39
1077.5	39
1078.5	39
1079.5	37
1080.5	27
1081.5	50
1082.5	45
1083.5	44
1084.5	34
1085.5	42
1086.5	41
1087.5	41
1088.5	38
1089.5	46
1090.5	42
1091.5	34
1092.5	45
1093.5	40
1094.5	52
1095.5	48
1096.5	48
1097.5	46
1098.5	50
1099.5	39
1100.5	47
1101.5	42
1102.5	30
1103.5	43
1104.5	45
1105.5	38
1106.5	42
1107.5	42
1108.5	40
1109.5	33
1110.5	44
1111.5	33
1112.5	29
1113.5	45
1114.5	35
1115.5	34
1116.5	43
1117.5	38
1118.5	33
1119.5	39
1120.5	41
1121.5	39
1122.5	36
1123.5	21
1124.5	42
1125.5	34
1126.5	30
1127.5	33
1128.5	35
1129.5	22
1130.5	35
1131.5	25
1132.5	25
1133.5	17
1134.5	21
1135.5	30
1136.5	25
1137.5	28
1138.5	26
1139.5	23
1140.5	25
1141.5	22
1142.5	17
1143.5	25
1144.5	22
1145.5	16
1146.5	26
1147.5	20
1148.5	20
1149.5	25
1150.5	20
1151.5	25
1152.5	28
1153.5	13
1154.5	21
1155.5	21
1156.5	13
1157.5	11
1158.5	21
1159.5	18
1160.5	17
1161.5	14
1162.5	26
1163.5	11
1164.5	15
1165.5	20
1166.5	18
1167.5	19
1168.5	20
1169.5	19
1170.5	20
1171.5	11
1172.5	18
1173.5	15
1174.5	11
1175.5	13
1176.5	13
1177.5	17
1178.5	13
1179.5	14
1180.5	16
1181.5	13
1182.5	14
1183.5	16
1184.5	10
1185.5	12
1186.5	13
1187.5	12
1188.5	9
1189.5	10
1190.5	14
1191.5	18
1192.5	17
1193.5	10
1194.5	13
1195.5	12
1196.5	12
1197.5	11
1198.5	14
1199.5	11
1200.5	8
1201.5	11
1202.5	17
1203.5	11
1204.5	13
1205.5	15
1206.5	8
1207.5	9
1208.5	14
1209.5	9
1210.5	9
1211.5	11
1212.5	11
1213.5	13
1214.5	9
1215.5	15
1216.5	10
1217.5	14
1218.5	14
1219.5	11
1220.5	8
1221.5	6
1222.5	16
1223.5	11
1224.5	9
1225.5	4
1226.5	8
1227.5	19
1228.5	6
1229.5	6
1230.5	6
1231.5	6
1232.5	15
1233.5	10
1234.5	8
1235.5	9
1236.5	10
1237.5	8
1238.5	8
1239.5	14
1240.5	6
1241.5	3
1242.5	11
1243.5	6
1244.5	14
1245.5	10
1246.5	19
1247.5	10
1248.5	8
1249.5	12
1250.5	10
1251.5	10
1252.5	13
1253.5	12
1254.5	14
1255.5	11
1256.5	6
1257.5	12
1258.5	6
1259.5	10
1260.5	14
1261.5	10
1262.5	8
1263.5	5
1264.5	12
1265.5	11
1266.5	13
1267.5	10
1268.5	7
1269.5	14
1270.5	9
1271.5	13
1272.5	18
1273.5	9
1274.5	13
1275.5	13
1276.5	10
1277.5	9
1278.5	16
1279.5	12
1280.5	11
1281.5	8
1282.5	6
1283.5	10
1284.5	9
1285.5	10
1286.5	6
1287.5	9
1288.5	17
1289.5	9
1290.5	8
1291.5	13
1292.5	6
1293.5	12
1294.5	13
1295.5	6
1296.5	9
1297.5	7
1298.5	11
1299.5	5
1300.5	8
1301.5	12
1302.5	10
1303.5	8
1304.5	11
1305.5	12
1306.5	8
1307.5	10
1308.5	5
1309.5	3
1310.5	17
1311.5	9
1312.5	7
1313.5	8
1314.5	6
1315.5	11
1316.5	8
1317.5	5
1318.5	10
1319.5	6
1320.5	6
1321.5	7
1322.5	7
1323.5	5
1324.5	5
1325.5	5
1326.5	13
1327.5	10
1328.5	5
1329.5	6
1330.5	4
1331.5	2
1332.5	6
1333.5	3
1334.5	7
1335.5	2
1336.5	3
1337.5	9
1338.5	6
1339.5	4
1340.5	3
1341.5	10
1342.5	3
1343.5	3
1344.5	6
1345.5	5
1346.5	2
1347.5	2
1348.5	7
1349.5	5
1350.5	7
1351.5	2
1352.5	2
1353.5	4
1354.5	6
1355.5	4
1356.5	5
1357.5	1
1358.5	5
1359.5	2
1360.5	6
1361.5	9
1362.5	6
1363.5	3
1364.5	5
1365.5	2
1366.5	6
1367.5	5
1368.5	3
1369.5	2
1370.5	2
1371.5	5
1372.5	5
1373.5	5
1374.5	4
1375.5	5
1376.5	5
1377.5	1
1378.5	2
1379.5	1
1380.5	2
1381.5	9
1382.5	9
1383.5	4
1384.5	3
1385.5	3
1386.5	8
1387.5	1
1388.5	2
1389.5	1
1390.5	4
1391.5	2
1392.5	3
1393.5	3
1394.5	4
1395.5	5
1396.5	3
1397.5	4
1398.5	0
1399.5	3
1400.5	7
1401.5	2
1402.5	2
1403.5	2
1404.5	4
1405.5	3
1406.5	2
1407.5	3
1408.5	2
1409.5	3
1410.5	1
1411.5	5
1412.5	5
1413.5	4
1414.5	1
1415.5	2
1416.5	2
1417.5	2
1418.5	6
1419.5	2
1420.5	3
1421.5	2
1422.5	2
1423.5	2
1424.5	2
1425.5	2
1426.5	3
1427.5	1
1428.5	0
1429.5	1
1430.5	4
1431.5	3
1432.5	7
1433.5	4
1434.5	1
1435.5	2
1436.5	1
1437.5	7
1438.5	3
1439.5	6
1440.5	4
1441.5	3
1442.5	3
1443.5	5
1444.5	5
1445.5	6
1446.5	3
1447.5	2
1448.5	6
1449.5	1
1450.5	1
1451.5	3
1452.5	4
1453.5	2
1454.5	1
1455.5	2
1456.5	1
1457.5	1
1458.5	4
1459.5	1
1460.5	2
1461.5	1
1462.5	2
1463.5	5
1464.5	4
1465.5	2
1466.5	1
1467.5	4
1468.5	5
1469.5	1
1470.5	2
1471.5	3
1472.5	1
1473.5	4
1474.5	1
1475.5	2
1476.5	2
1477.5	3
1478.5	3
1479.5	1
1480.5	2
1481.5	1
1482.5	3
1483.5	0
1484.5	1
1485.5	0
1486.5	0
1487.5	2
1488.5	2
1489.5	1
1490.5	4
1491.5	1
1492.5	2
1493.5	2
1494.5	2
1495.5	5
1496.5	4
1497.5	1
1498.5	2
1499.5	2
1500.5	2
1501.5	1
1502.5	1
1503.5	1
1504.5	2
1505.5	3
1506.5	3
1507.5	3
1508.5	4
1509.5	3
1510.5	1
1511.5	0
1512.5	0
1513.5	1
1514.5	3
1515.5	2
1516.5	1
1517.5	1
1518.5	3
1519.5	2
1520.5	2
1521.5	1
1522.5	2
1523.5	1
1524.5	1
1525.5	0
1526.5	1
1527.5	0
1528.5	0
1529.5	2
1530.5	2
1531.5	1
1532.5	1
1533.5	3
1534.5	2
1535.5	1
1536.5	1
1537.5	4
1538.5	0
1539.5	1
1540.5	0
1541.5	1
1542.5	1
1543.5	0
1544.5	0
1545.5	2
1546.5	1
1547.5	0
1548.5	0
1549.5	0
1550.5	0
1551.5	0
1552.5	1
1553.5	2
1554.5	2
1555.5	0
1556.5	2
1557.5	0
1558.5	0
1559.5	2
1560.5	1
1561.5	1
1562.5	1
1563.5	1
1564.5	0
1565.5	2
1566.5	0
1567.5	2
1568.5	1
1569.5	0
1570.5	1
1571.5	1
1572.5	0
1573.5	1
1574.5	1
1575.5	0
1576.5	3
1577.5	0
1578.5	1
1579.5	1
1580.5	0
1581.5	0
1582.5	2
1583.5	0
1584.5	1
1585.5	1
1586.5	1
1587.5	2
1588.5	1
1589.5	1
1590.5	1
1591.5	0
1592.5	0
1593.5	0
1594.5	3
1595.5	2
1596.5	0
1597.5	0
1598.5	0
1599.5	0
1600.5	3
1601.5	2
1602.5	0
1603.5	2
1604.5	0
1605.5	1
1606.5	0
1607.5	0
1608.5	1
1609.5	0
1610.5	0
1611.5	1
1612.5	0
1613.5	0
1614.5	0
1615.5	0
1616.5	0
1617.5	1
1618.5	0
1619.5	0
1620.5	0
1621.5	1
1622.5	0
1623.5	0
1624.5	0
1625.5	0
1626.5	0
1627.5	2
1628.5	0
1629.5	0
1630.5	2
1631.5	0
1632.5	2
1633.5	0
1634.5	3
1635.5	2
1636.5	0
1637.5	0
1638.5	0
1639.5	1
1640.5	1
1641.5	1
1642.5	1
1643.5	1
1644.5	1
1645.5	0
1646.5	0
1647.5	1
1648.5	3
1649.5	1
1650.5	1
1651.5	1
1652.5	1
1653.5	2
1654.5	2
1655.5	0
1656.5	1
1657.5	0
1658.5	0
1659.5	0
1660.5	2
1661.5	0
1662.5	0
1663.5	1
1664.5	0
1665.5	0
1666.5	3
1667.5	1
1668.5	0
1669.5	0
1670.5	0
1671.5	1
1672.5	0
1673.5	1
1674.5	0
1675.5	0
1676.5	0
1677.5	0
1678.5	0
1679.5	1
1680.5	1
1681.5	1
1682.5	0
1683.5	0
1684.5	2
1685.5	1
1686.5	0
1687.5	1
1688.5	0
1689.5	0
1690.5	2
1691.5	0
1692.5	0
1693.5	3
1694.5	0
1695.5	1
1696.5	0
1697.5	0
1698.5	0
1699.5	0
1700.5	1
1701.5	0
1702.5	1
1703.5	0
1704.5	0
1705.5	0
1706.5	1
1707.5	0
1708.5	0
1709.5	0
1710.5	0
1711.5	0
1712.5	0
1713.5	0
1714.5	0
1715.5	2
1716.5	0
1717.5	0
1718.5	0
1719.5	0
1720.5	0
1721.5	0
1722.5	0
1723.5	0
1724.5	0
1725.5	1
1726.5	0
1727.5	1
1728.5	0
1729.5	1
1730.5	1
1731.5	0
1732.5	0
1733.5	0
1734.5	0
1735.5	2
1736.5	0
1737.5	0
1738.5	0
1739.5	0
1740.5	1
1741.5	0
1742.5	0
1743.5	0
1744.5	0
1745.5	1
1746.5	2
1747.5	0
1748.5	0
1749.5	0
1750.5	1
1751.5	0
1752.5	0
1753.5	0
1754.5	0
1755.5	0
1756.5	0
1757.5	0
1758.5	0
1759.5	2
1760.5	0
1761.5	0
1762.5	2
1763.5	0
1764.5	0
1765.5	0
1766.5	0
1767.5	0
1768.5	0
1769.5	0
1770.5	0
1771.5	0
1772.5	0
1773.5	0
1774.5	0
1775.5	1
1776.5	1
1777.5	0
1778.5	0
1779.5	0
1780.5	0
1781.5	0
1782.5	0
1783.5	0
1784.5	0
1785.5	0
1786.5	0
1787.5	0
1788.5	0
1789.5	0
1790.5	1
1791.5	1
1792.5	0
1793.5	1
1794.5	0
1795.5	0
1796.5	0
1797.5	0
1798.5	0
1799.5	0
1800.5	0
1801.5	0
1802.5	0
1803.5	1
1804.5	1
1805.5	1
1806.5	0
1807.5	0
1808.5	0
1809.5	0
1810.5	1
1811.5	0
1812.5	0
1813.5	0
1814.5	0
1815.5	0
1816.5	1
1817.5	1
1818.5	0
1819.5	0
1820.5	0
1821.5	0
1822.5	0
1823.5	0
1824.5	0
1825.5	0
1826.5	1
1827.5	0
1828.5	0
1829.5	0
1830.5	1
1831.5	1
1832.5	0
1833.5	0
1834.5	0
1835.5	0
1836.5	0
1837.5	0
1838.5	0
1839.5	0
1840.5	0
1841.5	0
1842.5	0
1843.5	0
1844.5	0
1845.5	0
1846.5	0
1847.5	0
1848.5	0
1849.5	0
1850.5	0
1851.5	1
1852.5	0
1853.5	0
1854.5	1
1855.5	0
1856.5	0
1857.5	0
1858.5	0
1859.5	1
1860.5	0
1861.5	0
1862.5	0
1863.5	0
1864.5	1
1865.5	0
1866.5	1
1867.5	0
1868.5	0
1869.5	0
1870.5	1
1871.5	0
1872.5	0
1873.5	0
1874.5	0
1875.5	0
1876.5	0
1877.5	0
1878.5	0
1879.5	0
1880.5	0
1881.5	0
1882.5	0
1883.5	0
1884.5	0
1885.5	0
1886.5	0
1887.5	0
1888.5	0
1889.5	0
1890.5	1
1891.5	0
1892.5	0
1893.5	0
1894.5	0
1895.5	0
1896.5	0
1897.5	1
1898.5	0
1899.5	0
1900.5	1
1901.5	0
1902.5	0
1903.5	1
1904.5	0
1905.5	0
1906.5	0
1907.5	0
1908.5	0
1909.5	1
1910.5	0
1911.5	0
1912.5	1
1913.5	0
1914.5	0
1915.5	0
1916.5	0
1917.5	0
1918.5	0
1919.5	0
1920.5	1
1921.5	0
1922.5	0
1923.5	0
1924.5	0
1925.5	0
1926.5	0
1927.5	0
1928.5	0
1929.5	0
1930.5	1
1931.5	0
1932.5	0
1933.5	0
1934.5	0
1935.5	0
1936.5	0
1937.5	0
1938.5	0
1939.5	0
1940.5	0
1941.5	0
1942.5	0
1943.5	0
1944.5	0
1945.5	0
1946.5	0
1947.5	1
1948.5	0
1949.5	0
1950.5	0
1951.5	0
1952.5	0
1953.5	0
1954.5	0
1955.5	0
1956.5	1
1957.5	0
1958.5	0
1959.5	0
1960.5	0
1961.5	0
1962.5	0
1963.5	0
1964.5	0
1965.5	0
1966.5	0
1967.5	0
1968.5	0
1969.5	0
1970.5	0
1971.5	0
1972.5	0
1973.5	0
1974.5	0
1975.5	0
1976.5	0
1977.5	2
1978.5	1
1979.5	0
1980.5	0
1981.5	0
1982.5	1
1983.5	0
1984.5	0
1985.5	0
1986.5	0
1987.5	0
1988.5	0
1989.5	0
1990.5	0
1991.5	0
1992.5	0
1993.5	0
1994.5	0
1995.5	0
1996.5	0
1997.5	0
1998.5	0
1999.5	0
2000.5	0
2001.5	0
2002.5	0
2003.5	0
2004.5	0
2005.5	0
2006.5	0
2007.5	0
2008.5	0
2009.5	1
2010.5	0
2011.5	0
2012.5	0
2013.5	0
2014.5	0
2015.5	0
2016.5	1
2017.5	0
2018.5	0
2019.5	0
2020.5	0
2021.5	0
2022.5	0
2023.5	0
2024.5	0
2025.5	0
2026.5	0
2027.5	0
2028.5	0
2029.5	0
2030.5	0
2031.5	0
2032.5	0
2033.5	0
2034.5	0
2035.5	0
2036.5	0
2037.5	0
2038.5	0
2039.5	0
2040.5	0
2041.5	0
2042.5	0
2043.5	0
2044.5	0
2045.5	0
2046.5	0
2047.5	0
2048.5	0
2049.5	0
2050.5	0
2051.5	0
2052.5	0
2053.5	0
2054.5	0
2055.5	0
2056.5	0
2057.5	0
2058.5	0
2059.5	0
2060.5	0
2061.5	0
2062.5	0
2063.5	0
2064.5	0
2065.5	0
2066.5	0
2067.5	0
2068.5	0
2069.5	0
2070.5	0
2071.5	0
2072.5	0
2073.5	0
2074.5	0
2075.5	0
2076.5	0
2077.5	0
2078.5	0
2079.5	0
2080.5	0
2081.5	0
2082.5	0
2083.5	0
2084.5	0
2085.5	0
2086.5	0
2087.5	0
2088.5	0
2089.5	0
2090.5	0
2091.5	0
2092.5	0
2093.5	0
2094.5	0
2095.5	0
2096.5	0
2097.5	0
2098.5	0
2099.5	0
2100.5	0
2101.5	0
2102.5	0
2103.5	0
2104.5	0
2105.5	0
2106.5	0
2107.5	0
2108.5	0
2109.5	0
2110.5	0
2111.5	0
2112.5	0
2113.5	0
2114.5	0
2115.5	0
2116.5	0
2117.5	0
2118.5	0
2119.5	0
2120.5	0
2121.5	0
2122.5	0
2123.5	0
2124.5	0
2125.5	0
2126.5	0
2127.5	0
2128.5	0
2129.5	0
2130.5	0
2131.5	0
2132.5	0
2133.5	0
2134.5	0
2135.5	0
2136.5	0
2137.5	0
2138.5	0
2139.5	0
2140.5	0
2141.5	0
2142.5	0
2143.5	0
2144.5	0
2145.5	0
2146.5	0
2147.5	0
2148.5	0
2149.5	0
2150.5	0
2151.5	0
2152.5	0
2153.5	0
2154.5	0
2155.5	0
2156.5	0
2157.5	0
2158.5	0
2159.5	0
2160.5	0
2161.5	0
2162.5	0
2163.5	0
2164.5	0
2165.5	0
2166.5	0
2167.5	0
2168.5	0
2169.5	0
2170.5	0
2171.5	0
2172.5	0
2173.5	0
2174.5	0
2175.5	0
2176.5	0
2177.5	0
2178.5	0
2179.5	0
2180.5	0
2181.5	0
2182.5	0
2183.5	0
2184.5	0
2185.5	0
2186.5	0
2187.5	0
2188.5	0
2189.5	0
2190.5	0
2191.5	0
2192.5	0
2193.5	0
2194.5	0
2195.5	0
2196.5	0
2197.5	0
2198.5	0
2199.5	0
2200.5	0
2201.5	0
2202.5	0
2203.5	0
2204.5	0
2205.5	0
2206.5	0
2207.5	0
2208.5	0
2209.5	0
2210.5	0
2211.5	0
2212.5	0
2213.5	0
2214.5	0
2215.5	0
2216.5	0
2217.5	0
2218.5	0
2219.5	0
2220.5	0
2221.5	0
2222.5	0
2223.5	0
2224.5	0
2225.5	0
2226.5	0
2227.5	0
2228.5	0
2229.5	0
2230.5	0
2231.5	0
2232.5	0
2233.5	0
2234.5	0
2235.5	0
2236.5	0
2237.5	0
2238.5	0
2239.5	0
2240.5	0
2241.5	0
2242.5	0
2243.5	0
2244.5	0
2245.5	0
2246.5	0
2247.5	0
2248.5	0
2249.5	0
2250.5	0
2251.5	0
2252.5	0
2253.5	0
2254.5	0
2255.5	0
2256.5	0
2257.5	0
2258.5	0
2259.5	0
2260.5	0
2261.5	0
2262.5	0
2263.5	0
2264.5	0
2265.5	0
2266.5	0
2267.5	0
2268.5	0
2269.5	0
2270.5	0
2271.5	0
2272.5	0
2273.5	0
2274.5	0
2275.5	0
2276.5	0
2277.5	0
2278.5	0
2279.5	0
2280.5	0
2281.5	0
2282.5	0
2283.5	0
2284.5	0
2285.5	0
2286.5	0
2287.5	0
2288.5	0
2289.5	0
2290.5	0
2291.5	0
2292.5	0
2293.5	0
2294.5	0
2295.5	0
2296.5	0
2297.5	0
2298.5	0
2299.5	0
2300.5	0
2301.5	0
2302.5	0
2303.5	0
2304.5	0
2305.5	0
2306.5	0
2307.5	0
2308.5	0
2309.5	0
2310.5	0
2311.5	0
2312.5	0
2313.5	0
2314.5	0
2315.5	0
2316.5	0
2317.5	0
2318.5	0
2319.5	0
2320.5	0
2321.5	0
2322.5	0
2323.5	0
2324.5	0
2325.5	0
2326.5	0
2327.5	0
2328.5	0
2329.5	0
2330.5	0
2331.5	0
2332.5	0
2333.5	0
2334.5	0
2335.5	0
2336.5	0
2337.5	0
2338.5	0
2339.5	0
2340.5	0
2341.5	0
2342.5	0
2343.5	0
2344.5	0
2345.5	0
2346.5	0
2347.5	0
2348.5	0
2349.5	0
2350.5	0
2351.5	0
2352.5	0
2353.5	0
2354.5	0
2355.5	0
2356.5	0
2357.5	0
2358.5	0
2359.5	0
2360.5	0
2361.5	0
2362.5	0
2363.5	0
2364.5	0
2365.5	0
2366.5	0
2367.5	0
2368.5	0
2369.5	0
2370.5	0
2371.5	0
2372.5	0
2373.5	0
2374.5	0
2375.5	0
2376.5	0
2377.5	0
2378.5	0
2379.5	0
2380.5	0
2381.5	0
2382.5	0
2383.5	0
2384.5	0
2385.5	0
2386.5	0
2387.5	0
2388.5	0
2389.5	0
2390.5	0
2391.5	0
2392.5	0
2393.5	0
2394.5	0
2395.5	0
2396.5	0
2397.5	0
2398.5	0
2399.5	0
2400.5	0
2401.5	0
2402.5	0
2403.5	0
2404.5	0
2405.5	0
2406.5	0
2407.5	0
2408.5	0
2409.5	0
2410.5	0
2411.5	0
2412.5	0
2413.5	0
2414.5	0
2415.5	0
2416.5	0
2417.5	0
2418.5	0
2419.5	0
2420.5	0
2421.5	0
2422.5	0
2423.5	0
2424.5	0
2425.5	0
2426.5	0
2427.5	0
2428.5	0
2429.5	0
2430.5	0
2431.5	0
2432.5	0
2433.5	0
2434.5	0
2435.5	0
2436.5	0
2437.5	0
2438.5	0
2439.5	0
2440.5	0
2441.5	0
2442.5	0
2443.5	0
2444.5	0
2445.5	0
2446.5	0
2447.5	0
2448.5	0
2449.5	0
2450.5	0
2451.5	0
2452.5	0
2453.5	0
2454.5	0
2455.5	0
2456.5	0
2457.5	0
2458.5	0
2459.5	0
2460.5	0
2461.5	0
2462.5	0
2463.5	0
2464.5	0
2465.5	0
2466.5	0
2467.5	0
2468.5	0
2469.5	0
2470.5	0
2471.5	0
2472.5	0
2473.5	0
2474.5	0
2475.5	0
2476.5	0
2477.5	0
2478.5	0
2479.5	0
2480.5	0
2481.5	0
2482.5	0
2483.5	0
2484.5	0
2485.5	0
2486.5	0
2487.5	0
2488.5	0
2489.5	0
2490.5	0
2491.5	0
2492.5	0
2493.5	0
2494.5	0
2495.5	0
2496.5	0
2497.5	0
2498.5	0
2499.5	0
2500.5	0
2501.5	0
2502.5	0
2503.5	0
2504.5	0
2505.5	0
2506.5	0
2507.5	0
2508.5	0
2509.5	0
2510.5	0
2511.5	0
2512.5	0
2513.5	0
2514.5	0
2515.5	0
2516.5	0
2517.5	0
2518.5	0
2519.5	0
2520.5	0
2521.5	0
2522.5	0
2523.5	0
2524.5	0
2525.5	0
2526.5	0
2527.5	0
2528.5	0
2529.5	0
2530.5	0
2531.5	0
2532.5	0
2533.5	0
2534.5	0
2535.5	0
2536.5	0
2537.5	0
2538.5	0
2539.5	0
2540.5	0
2541.5	0
2542.5	0
2543.5	0
2544.5	0
2545.5	0
2546.5	0
2547.5	0
2548.5	0
2549.5	0
2550.5	0
2551.5	0
2552.5	0
2553.5	0
2554.5	0
2555.5	0
2556.5	0
2557.5	0
2558.5	0
2559.5	0
2560.5	0
2561.5	0
2562.5	0
2563.5	0
2564.5	0
2565.5	0
2566.5	0
2567.5	0
2568.5	0
2569.5	0
2570.5	0
2571.5	0
2572.5	0
2573.5	0
2574.5	0
2575.5	0
2576.5	0
2577.5	0
2578.5	0
2579.5	0
2580.5	0
2581.5	0
2582.5	0
2583.5	0
2584.5	0
2585.5	0
2586.5	0
2587.5	0
2588.5	0
2589.5	0
2590.5	0
2591.5	0
2592.5	0
2593.5	0
2594.5	0
2595.5	0
2596.5	0
2597.5	0
2598.5	0
2599.5	0
2600.5	0
2601.5	0
2602.5	0
2603.5	0
2604.5	0
2605.5	0
2606.5	0
2607.5	0
2608.5	0
2609.5	0
2610.5	0
2611.5	0
2612.5	0
2613.5	0
2614.5	0
2615.5	0
2616.5	0
2617.5	0
2618.5	0
2619.5	0
2620.5	0
2621.5	0
2622.5	0
2623.5	0
2624.5	0
2625.5	0
2626.5	0
2627.5	0
2628.5	0
2629.5	0
2630.5	0
2631.5	0
2632.5	0
2633.5	0
2634.5	0
2635.5	0
2636.5	0
2637.5	0
2638.5	0
2639.5	0
2640.5	0
2641.5	0
2642.5	0
2643.5	0
2644.5	0
2645.5	0
2646.5	0
2647.5	0
2648.5	0
2649.5	0
2650.5	0
2651.5	0
2652.5	0
2653.5	0
2654.5	0
2655.5	0
2656.5	0
2657.5	0
2658.5	0
2659.5	0
2660.5	0
2661.5	0
2662.5	0
2663.5	0
2664.5	0
2665.5	0
2666.5	0
2667.5	0
2668.5	0
2669.5	0
2670.5	0
2671.5	0
2672.5	0
2673.5	0
2674.5	0
2675.5	0
2676.5	0
2677.5	0
2678.5	0
2679.5	0
2680.5	0
2681.5	0
2682.5	0
2683.5	0
2684.5	0
2685.5	0
2686.5	0
2687.5	0
2688.5	0
2689.5	0
2690.5	0
2691.5	0
2692.5	0
2693.5	0
2694.5	0
2695.5	0
2696.5	0
2697.5	0
2698.5	0
2699.5	0
2700.5	0
2701.5	0
2702.5	0
2703.5	0
2704.5	0
2705.5	0
2706.5	0
2707.5	0
2708.5	0
2709.5	0
2710.5	0
2711.5	0
2712.5	0
2713.5	0
2714.5	0
2715.5	0
2716.5	0
2717.5	0
2718.5	0
2719.5	0
2720.5	0
2721.5	0
2722.5	0
2723.5	0
2724.5	0
2725.5	0
2726.5	0
2727.5	0
2728.5	0
2729.5	0
2730.5	0
2731.5	0
2732.5	0
2733.5	0
2734.5	0
2735.5	0
2736.5	0
2737.5	0
2738.5	0
2739.5	0
2740.5	0
2741.5	0
2742.5	0
2743.5	0
2744.5	0
2745.5	0
2746.5	0
2747.5	0
2748.5	0
2749.5	0
2750.5	0
2751.5	0
2752.5	0
2753.5	0
2754.5	0
2755.5	0
2756.5	0
2757.5	0
2758.5	0
2759.5	0
2760.5	0
2761.5	0
2762.5	0
2763.5	0
2764.5	0
2765.5	0
2766.5	0
2767.5	0
2768.5	0
2769.5	0
2770.5	0
2771.5	0
2772.5	0
2773.5	0
2774.5	0
2775.5	0
2776.5	0
2777.5	0
2778.5	0
2779.5	0
2780.5	0
2781.5	0
2782.5	0
2783.5	0
2784.5	0
2785.5	0
2786.5	0
2787.5	0
2788.5	0
2789.5	0
2790.5	0
2791.5	0
2792.5	0
2793.5	0
2794.5	0
2795.5	0
2796.5	0
2797.5	0
2798.5	0
2799.5	0
2800.5	0
2801.5	0
2802.5	0
2803.5	0
2804.5	0
2805.5	0
2806.5	0
2807.5	0
2808.5	0
2809.5	0
2810.5	0
2811.5	0
2812.5	0
2813.5	0
2814.5	0
2815.5	0
2816.5	0
2817.5	0
2818.5	0
2819.5	0
2820.5	0
2821.5	0
2822.5	0
2823.5	0
2824.5	0
2825.5	0
2826.5	0
2827.5	0
2828.5	0
2829.5	0
2830.5	0
2831.5	0
2832.5	0
2833.5	0
2834.5	0
2835.5	0
2836.5	0
2837.5	0
2838.5	0
2839.5	0
2840.5	0
2841.5	0
2842.5	0
2843.5	0
2844.5	0
2845.5	0
2846.5	0
2847.5	0
2848.5	0
2849.5	0
2850.5	0
2851.5	0
2852.5	0
2853.5	0
2854.5	0
2855.5	0
2856.5	0
2857.5	0
2858.5	0
2859.5	0
2860.5	0
2861.5	0
2862.5	0
2863.5	0
2864.5	0
2865.5	0
2866.5	0
2867.5	0
2868.5	0
2869.5	0
2870.5	0
2871.5	0
2872.5	0
2873.5	0
2874.5	0
2875.5	0
2876.5	0
2877.5	0
2878.5	0
2879.5	0
2880.5	0
2881.5	0
2882.5	0
2883.5	0
2884.5	0
2885.5	0
2886.5	0
2887.5	0
2888.5	0
2889.5	0
2890.5	0
2891.5	0
2892.5	0
2893.5	0
2894.5	0
2895.5	0
2896.5	0
2897.5	0
2898.5	0
2899.5	0
2900.5	0
2901.5	0
2902.5	0
2903.5	0
2904.5	0
2905.5	0
2906.5	0
2907.5	0
2908.5	0
2909.5	0
2910.5	0
2911.5	0
2912.5	0
2913.5	0
2914.5	0
2915.5	0
2916.5	0
2917.5	0
2918.5	0
2919.5	0
2920.5	0
2921.5	0
2922.5	0
2923.5	0
2924.5	0
2925.5	0
2926.5	0
2927.5	0
2928.5	0
2929.5	0
2930.5	0
2931.5	0
2932.5	0
2933.5	0
2934.5	0
2935.5	0
2936.5	0
2937.5	0
2938.5	0
2939.5	0
2940.5	0
2941.5	0
2942.5	0
2943.5	0
2944.5	0
2945.5	0
2946.5	0
2947.5	0
2948.5	0
2949.5	0
2950.5	0
2951.5	0
2952.5	0
2953.5	0
2954.5	0
2955.5	0
2956.5	0
2957.5	0
2958.5	0
2959.5	0
2960.5	0
2961.5	0
2962.5	0
2963.5	0
2964.5	0
2965.5	0
2966.5	0
2967.5	0
2968.5	0
2969.5	0
2970.5	0
2971.5	0
2972.5	0
2973.5	0
2974.5	0
2975.5	0
2976.5	0
2977.5	0
2978.5	0
2979.5	0
2980.5	0
2981.5	0
2982.5	0
2983.5	0
2984.5	0
2985.5	0
2986.5	0
2987.5	0
2988.5	0
2989.5	0
2990.5	0
2991.5	0
2992.5	0
2993.5	0
2994.5	0
2995.5	0
2996.5	0
2997.5	0
2998.5	0
2999.5	0
3000.5	0
3001.5	0
3002.5	0
3003.5	0
3004.5	0
3005.5	0
3006.5	0
3007.5	0
3008.5	0
3009.5	0
3010.5	0
3011.5	0
3012.5	0
3013.5	0
3014.5	0
3015.5	0
3016.5	0
3017.5	0
3018.5	0
3019.5	0
3020.5	0
3021.5	0
3022.5	0
3023.5	0
3024.5	0
3025.5	0
3026.5	0
3027.5	0
3028.5	0
3029.5	0
3030.5	0
3031.5	0
3032.5	0
3033.5	0
3034.5	0
3035.5	0
3036.5	0
3037.5	0
3038.5	0
3039.5	0
3040.5	0
3041.5	0
3042.5	0
3043.5	0
3044.5	0
3045.5	0
3046.5	0
3047.5	0
3048.5	0
3049.5	0
3050.5	0
3051.5	0
3052.5	0
3053.5	0
3054.5	0
3055.5	0
3056.5	0
3057.5	0
3058.5	0
3059.5	0
3060.5	0
3061.5	0
3062.5	0
3063.5	0
3064.5	0
3065.5	0
3066.5	0
3067.5	0
3068.5	0
3069.5	0
3070.5	0
3071.5	0
3072.5	0
3073.5	0
3074.5	0
3075.5	0
3076.5	0
3077.5	0
3078.5	0
3079.5	0
3080.5	0
3081.5	0
3082.5	0
3083.5	0
3084.5	0
3085.5	0
3086.5	0
3087.5	0
3088.5	0
3089.5	0
3090.5	0
3091.5	0
3092.5	0
3093.5	0
3094.5	0
3095.5	0
3096.5	0
3097.5	0
3098.5	0
3099.5	0
3100.5	0
3101.5	0
3102.5	0
3103.5	0
3104.5	0
3105.5	0
3106.5	0
3107.5	0
3108.5	0
3109.5	0
3110.5	0
3111.5	0
3112.5	0
3113.5	0
3114.5	0
3115.5	0
3116.5	0
3117.5	0
3118.5	0
3119.5	0
3120.5	0
3121.5	0
3122.5	0
3123.5	0
3124.5	0
3125.5	0
3126.5	0
3127.5	0
3128.5	0
3129.5	0
3130.5	0
3131.5	0
3132.5	0
3133.5	0
3134.5	0
3135.5	0
3136.5	0
3137.5	0
3138.5	0
3139.5	0
3140.5	0
3141.5	0
3142.5	0
3143.5	0
3144.5	0
3145.5	0
3146.5	0
3147.5	0
3148.5	0
3149.5	0
3150.5	0
3151.5	0
3152.5	0
3153.5	0
3154.5	0
3155.5	0
3156.5	0
3157.5	0
3158.5	0
3159.5	0
3160.5	0
3161.5	0
3162.5	0
3163.5	0
3164.5	0
3165.5	0
3166.5	0
3167.5	0
3168.5	0
3169.5	0
3170.5	0
3171.5	0
3172.5	0
3173.5	0
3174.5	0
3175.5	0
3176.5	0
3177.5	0
3178.5	0
3179.5	0
3180.5	0
3181.5	0
3182.5	0
3183.5	0
3184.5	0
3185.5	0
3186.5	0
3187.5	0
3188.5	0
3189.5	0
3190.5	0
3191.5	0
3192.5	0
3193.5	0
3194.5	0
3195.5	0
3196.5	0
3197.5	0
3198.5	0
3199.5	0
3200.5	0
3201.5	0
3202.5	0
3203.5	0
3204.5	0
3205.5	0
3206.5	0
3207.5	0
3208.5	0
3209.5	0
3210.5	0
3211.5	0
3212.5	0
3213.5	0
3214.5	0
3215.5	0
3216.5	0
3217.5	0
3218.5	0
3219.5	0
3220.5	0
3221.5	0
3222.5	0
3223.5	0
3224.5	0
3225.5	0
3226.5	0
3227.5	0
3228.5	0
3229.5	0
3230.5	0
3231.5	0
3232.5	0
3233.5	0
3234.5	0
3235.5	0
3236.5	0
3237.5	0
3238.5	0
3239.5	0
3240.5	0
3241.5	0
3242.5	0
3243.5	0
3244.5	0
3245.5	0
3246.5	0
3247.5	0
3248.5	0
3249.5	0
3250.5	0
3251.5	0
3252.5	0
3253.5	0
3254.5	0
3255.5	0
3256.5	0
3257.5	0
3258.5	0
3259.5	0
3260.5	0
3261.5	0
3262.5	0
3263.5	0
3264.5	0
3265.5	0
3266.5	0
3267.5	0
3268.5	0
3269.5	0
3270.5	0
3271.5	0
3272.5	0
3273.5	0
3274.5	0
3275.5	0
3276.5	0
3277.5	0
3278.5	0
3279.5	0
3280.5	0
3281.5	0
3282.5	0
3283.5	0
3284.5	0
3285.5	0
3286.5	0
3287.5	0
3288.5	0
3289.5	0
3290.5	0
3291.5	0
3292.5	0
3293.5	0
3294.5	0
3295.5	0
3296.5	0
3297.5	0
3298.5	0
3299.5	0
3300.5	0
3301.5	0
3302.5	0
3303.5	0
3304.5	0
3305.5	0
3306.5	0
3307.5	0
3308.5	0
3309.5	0
3310.5	0
3311.5	0
3312.5	0
3313.5	0
3314.5	0
3315.5	0
3316.5	0
3317.5	0
3318.5	0
3319.5	0
3320.5	0
3321.5	0
3322.5	0
3323.5	0
3324.5	0
3325.5	0
3326.5	0
3327.5	0
3328.5	0
3329.5	0
3330.5	0
3331.5	0
3332.5	0
3333.5	0
3334.5	0
3335.5	0
3336.5	0
3337.5	0
3338.5	0
3339.5	0
3340.5	0
3341.5	0
3342.5	0
3343.5	0
3344.5	0
3345.5	0
3346.5	0
3347.5	0
3348.5	0
3349.5	0
3350.5	0
3351.5	0
3352.5	0
3353.5	0
3354.5	0
3355.5	0
3356.5	0
3357.5	0
3358.5	0
3359.5	0
3360.5	0
3361.5	0
3362.5	0
3363.5	0
3364.5	0
3365.5	0
3366.5	0
3367.5	0
3368.5	0
3369.5	0
3370.5	0
3371.5	0
3372.5	0
3373.5	0
3374.5	0
3375.5	0
3376.5	0
3377.5	0
3378.5	0
3379.5	0
3380.5	0
3381.5	0
3382.5	0
3383.5	0
3384.5	0
3385.5	0
3386.5	0
3387.5	0
3388.5	0
3389.5	0
3390.5	0
3391.5	0
3392.5	0
3393.5	0
3394.5	0
3395.5	0
3396.5	0
3397.5	0
3398.5	0
3399.5	0
3400.5	0
3401.5	0
3402.5	0
3403.5	0
3404.5	0
3405.5	0
3406.5	0
3407.5	0
3408.5	0
3409.5	0
3410.5	0
3411.5	0
3412.5	0
3413.5	0
3414.5	0
3415.5	0
3416.5	0
3417.5	0
3418.5	0
3419.5	0
3420.5	0
3421.5	0
3422.5	0
3423.5	0
3424.5	0
3425.5	0
3426.5	0
3427.5	0
3428.5	0
3429.5	0
3430.5	0
3431.5	0
3432.5	0
3433.5	0
3434.5	0
3435.5	0
3436.5	0
3437.5	0
3438.5	0
3439.5	0
3440.5	0
3441.5	0
3442.5	0
3443.5	0
3444.5	0
3445.5	0
3446.5	0
3447.5	0
3448.5	0
3449.5	0
3450.5	0
3451.5	0
3452.5	0
3453.5	0
3454.5	0
3455.5	0
3456.5	0
3457.5	0
3458.5	0
3459.5	0
3460.5	0
3461.5	0
3462.5	0
3463.5	0
3464.5	0
3465.5	0
3466.5	0
3467.5	0
3468.5	0
3469.5	0
3470.5	0
3471.5	0
3472.5	0
3473.5	0
3474.5	0
3475.5	0
3476.5	0
3477.5	0
3478.5	0
3479.5	0
3480.5	0
3481.5	0
3482.5	0
3483.5	0
3484.5	0
3485.5	0
3486.5	0
3487.5	0
3488.5	0
3489.5	0
3490.5	0
3491.5	0
3492.5	0
3493.5	0
3494.5	0
3495.5	0
3496.5	0
3497.5	0
3498.5	0
3499.5	0
3500.5	0
3501.5	0
3502.5	0
3503.5	0
3504.5	0
3505.5	0
3506.5	0
3507.5	0
3508.5	0
3509.5	0
3510.5	0
3511.5	0
3512.5	0
3513.5	0
3514.5	0
3515.5	0
3516.5	0
3517.5	0
3518.5	0
3519.5	0
3520.5	0
3521.5	0
3522.5	0
3523.5	0
3524.5	0
3525.5	0
3526.5	0
3527.5	0
3528.5	0
3529.5	0
3530.5	0
3531.5	0
3532.5	0
3533.5	0
3534.5	0
3535.5	0
3536.5	0
3537.5	0
3538.5	0
3539.5	0
3540.5	0
3541.5	0
3542.5	0
3543.5	0
3544.5	0
3545.5	0
3546.5	0
3547.5	0
3548.5	0
3549.5	0
3550.5	0
3551.5	0
3552.5	0
3553.5	0
3554.5	0
3555.5	0
3556.5	0
3557.5	0
3558.5	0
3559.5	0
3560.5	0
3561.5	0
3562.5	0
3563.5	0
3564.5	0
3565.5	0
3566.5	0
3567.5	0
3568.5	0
3569.5	0
3570.5	0
3571.5	0
3572.5	0
3573.5	0
3574.5	0
3575.5	0
3576.5	0
3577.5	0
3578.5	0
3579.5	0
3580.5	0
3581.5	0
3582.5	0
3583.5	0
3584.5	0
3585.5	0
3586.5	0
3587.5	0
3588.5	0
3589.5	0
3590.5	0
3591.5	0
3592.5	0
3593.5	0
3594.5	0
3595.5	0
3596.5	0
3597.5	0
3598.5	0
3599.5	0
3600.5	0
3601.5	0
3602.5	0
3603.5	0
3604.5	0
3605.5	0
3606.5	0
3607.5	0
3608.5	0
3609.5	0
3610.5	0
3611.5	0
3612.5	0
3613.5	0
3614.5	0
3615.5	0
3616.5	0
3617.5	0
3618.5	0
3619.5	0
3620.5	0
3621.5	0
3622.5	0
3623.5	0
3624.5	0
3625.5	0
3626.5	0
3627.5	0
3628.5	0
3629.5	0
3630.5	0
3631.5	0
3632.5	0
3633.5	0
3634.5	0
3635.5	0
3636.5	0
3637.5	0
3638.5	0
3639.5	0
3640.5	0
3641.5	0
3642.5	0
3643.5	0
3644.5	0
3645.5	0
3646.5	0
3647.5	0
3648.5	0
3649.5	0
3650.5	0
3651.5	0
3652.5	0
3653.5	0
3654.5	0
3655.5	0
3656.5	0
3657.5	0
3658.5	0
3659.5	0
3660.5	0
3661.5	0
3662.5	0
3663.5	0
3664.5	0
3665.5	0
3666.5	0
3667.5	0
3668.5	0
3669.5	0
3670.5	0
3671.5	0
3672.5	0
3673.5	0
3674.5	0
3675.5	0
3676.5	0
3677.5	0
3678.5	0
3679.5	0
3680.5	0
3681.5	0
3682.5	0
3683.5	0
3684.5	0
3685.5	0
3686.5	0
3687.5	0
3688.5	0
3689.5	0
3690.5	0
3691.5	0
3692.5	0
3693.5	0
3694.5	0
3695.5	0
3696.5	0
3697.5	0
3698.5	0
3699.5	0
3700.5	0
3701.5	0
3702.5	0
3703.5	0
3704.5	0
3705.5	0
3706.5	0
3707.5	0
3708.5	0
3709.5	0
3710.5	0
3711.5	0
3712.5	0
3713.5	0
3714.5	0
3715.5	0
3716.5	0
3717.5	0
3718.5	0
3719.5	0
3720.5	0
3721.5	0
3722.5	0
3723.5	0
3724.5	0
3725.5	0
3726.5	0
3727.5	0
3728.5	0
3729.5	0
3730.5	0
3731.5	0
3732.5	0
3733.5	0
3734.5	0
3735.5	0
3736.5	0
3737.5	0
3738.5	0
3739.5	0
3740.5	0
3741.5	0
3742.5	0
3743.5	0
3744.5	0
3745.5	0
3746.5	0
3747.5	0
3748.5	0
3749.5	0
3750.5	0
3751.5	0
3752.5	0
3753.5	0
3754.5	0
3755.5	0
3756.5	0
3757.5	0
3758.5	0
3759.5	0
3760.5	0
3761.5	0
3762.5	0
3763.5	0
3764.5	0
3765.5	0
3766.5	0
3767.5	0
3768.5	0
3769.5	0
3770.5	0
3771.5	0
3772.5	0
3773.5	0
3774.5	0
3775.5	0
3776.5	0
3777.5	0
3778.5	0
3779.5	0
3780.5	0
3781.5	0
3782.5	0
3783.5	0
3784.5	0
3785.5	0
3786.5	0
3787.5	0
3788.5	0
3789.5	0
3790.5	0
3791.5	0
3792.5	0
3793.5	0
3794.5	0
3795.5	0
3796.5	0
3797.5	0
3798.5	0
3799.5	0
3800.5	0
3801.5	0
3802.5	0
3803.5	0
3804.5	0
3805.5	0
3806.5	0
3807.5	0
3808.5	0
3809.5	0
3810.5	0
3811.5	0
3812.5	0
3813.5	0
3814.5	0
3815.5	0
3816.5	0
3817.5	0
3818.5	0
3819.5	0
3820.5	0
3821.5	0
3822.5	0
3823.5	0
3824.5	0
3825.5	0
3826.5	0
3827.5	0
3828.5	0
3829.5	0
3830.5	0
3831.5	0
3832.5	0
3833.5	0
3834.5	0
3835.5	0
3836.5	0
3837.5	0
3838.5	0
3839.5	0
3840.5	0
3841.5	0
3842.5	0
3843.5	0
3844.5	0
3845.5	0
3846.5	0
3847.5	0
3848.5	0
3849.5	0
3850.5	0
3851.5	0
3852.5	0
3853.5	0
3854.5	0
3855.5	0
3856.5	0
3857.5	0
3858.5	0
3859.5	0
3860.5	0
3861.5	0
3862.5	0
3863.5	0
3864.5	0
3865.5	0
3866.5	0
3867.5	0
3868.5	0
3869.5	0
3870.5	0
3871.5	0
3872.5	0
3873.5	0
3874.5	0
3875.5	0
3876.5	0
3877.5	0
3878.5	0
3879.5	0
3880.5	0
3881.5	0
3882.5	0
3883.5	0
3884.5	0
3885.5	0
3886.5	0
3887.5	0
3888.5	0
3889.5	0
3890.5	0
3891.5	0
3892.5	0
3893.5	0
3894.5	0
3895.5	0
3896.5	0
3897.5	0
3898.5	0
3899.5	0
3900.5	0
3901.5	0
3902.5	0
3903.5	0
3904.5	0
3905.5	0
3906.5	0
3907.5	0
3908.5	0
3909.5	0
3910.5	0
3911.5	0
3912.5	0
3913.5	0
3914.5	0
3915.5	0
3916.5	0
3917.5	0
3918.5	0
3919.5	0
3920.5	0
3921.5	0
3922.5	0
3923.5	0
3924.5	0
3925.5	0
3926.5	0
3927.5	0
3928.5	0
3929.5	0
3930.5	0
3931.5	0
3932.5	0
3933.5	0
3934.5	0
3935.5	0
3936.5	0
3937.5	0
3938.5	0
3939.5	0
3940.5	0
3941.5	0
3942.5	0
3943.5	0
3944.5	0
3945.5	0
3946.5	0
3947.5	0
3948.5	0
3949.5	0
3950.5	0
3951.5	0
3952.5	0
3953.5	0
3954.5	0
3955.5	0
3956.5	0
3957.5	0
3958.5	0
3959.5	0
3960.5	0
3961.5	0
3962.5	0
3963.5	0
3964.5	0
3965.5	0
3966.5	0
3967.5	0
3968.5	0
3969.5	0
3970.5	0
3971.5	0
3972.5	0
3973.5	0
3974.5	0
3975.5	0
3976.5	0
3977.5	0
3978.5	0
3979.5	0
3980.5	0
3981.5	0
3982.5	0
3983.5	0
3984.5	0
3985.5	0
3986.5	0
3987.5	0
3988.5	0
3989.5	0
3990.5	0
3991.5	0
3992.5	0
3993.5	0
3994.5	0
3995.5	0
