# x-label = Wavelength [nm]
# y-label = Intensity
776.7465157357716  -34
776.7540175695949  -20
776.7615194034182  -1
776.7690212372414  20
776.7765230710647  -4
776.784024904888  -5
776.7915267387112  4
776.7990285725346  11
776.8065304063579  -32
776.8140322401811  37
776.8215340740044  12
776.8290359078277  3
776.836537741651  -1
776.8440395754742  -2
776.8515414092975  -17
776.8590432431208  8
776.866545076944  43
776.8740469107673  32
776.8815487445906  -30
776.8890505784138  11
776.8965524122372  7
776.9040542460605  2
776.9115560798838  34
776.919057913707  7
776.9265597475303  7
776.9340615813536  7
776.9415634151768  13
776.9490652490001  -3
776.9565670828234  14
776.9640689166466  26
776.9715707504699  -2
776.9790725842932  45
776.9865744181166  18
776.9940762519398  8
777.0015780857631  14
777.0090799195864  4
777.0165817534096  6
777.0240835872329  -3
777.0315854210562  -1
777.0390872548794  9
777.0465890887027  -13
777.054090922526  7
777.0615927563493  43
777.0690945901725  3
777.0765964239959  -7
777.0840982578192  -2
777.0916000916424  -3
777.0991019254657  75
777.106603759289  7
777.1141055931122  6
777.1216074269355  -10
777.1291092607588  -26
777.1366110945821  -13
777.1441129284053  -18
777.1516147622286  -45
777.159116596052  22
777.1666184298751  7
777.1741202636985  3
777.1816220975218  22
777.189123931345  28
777.1966257651683  3
777.2041275989916  2
777.2116294328149  -4
777.2191312666381  12
777.2266331004614  -13
777.2341349342847  0
777.2416367681079  -2
777.2491386019312  -7
777.2566404357545  11
777.2641422695777  -2
777.2716441034011  -5
777.2791459372244  -11
777.2866477710477  -9
777.2941496048709  20
777.3016514386942  2
777.3091532725175  -17
777.3166551063407  -12
777.324156940164  0
777.3316587739873  -4
777.3391606078105  13
777.3466624416338  -3
777.3541642754572  -22
777.3616661092805  -1
777.3691679431037  11
777.376669776927  14
777.3841716107503  38
777.3916734445735  -34
777.3991752783968  -12
777.4066771122201  -9
777.4141789460433  -29
777.4216807798666  26
777.4291826136899  -24
777.4366844475132  7
777.4441862813364  -44
777.4516881151598  27
777.4591899489831  2
777.4666917828063  -7
777.4741936166296  -3
777.4816954504529  -4
777.4891972842761  -23
777.4966991180994  18
777.5042009519227  31
777.511702785746  -4
777.5192046195692  -8
777.5267064533925  -12
777.5342082872158  -19
777.541710121039  23
777.5492119548624  20
777.5567137886857  40
777.5642156225089  -8
777.5717174563322  14
777.5792192901555  4
777.5867211239788  21
777.594222957802  -2
777.6017247916253  -37
777.6092266254486  0
777.6167284592718  -12
777.6242302930951  -6
777.6317321269185  27
777.6392339607416  5
777.646735794565  15
777.6542376283883  -17
777.6617394622116  7
777.6692412960348  11
777.6767431298581  0
777.6842449636814  30
777.6917467975046  13
777.6992486313279  5
777.7067504651512  5
777.7142522989745  4
777.7217541327977  5
777.729255966621  18
777.7367578004444  -32
777.7442596342676  -10
777.7517614680909  -9
777.7592633019142  -33
777.7667651357374  -13
777.7742669695607  -1
777.781768803384  -1
777.7892706372072  64
777.7967724710305  -4
777.8042743048538  11
777.8117761386771  -19
777.8192779725003  0
777.8267798063237  -9
777.834281640147  3
777.8417834739702  12
777.8492853077935  -14
777.8567871416168  15
777.8642889754401  -11
777.8717908092633  -7
777.8792926430866  -56
777.8867944769099  -12
777.8942963107331  3
777.9017981445564  8
777.9092999783797  12
777.916801812203  16
777.9243036460263  -39
777.9318054798496  21
777.9393073136729  -1
777.9468091474961  -5
777.9543109813194  23
777.9618128151427  -2
777.9693146489659  28
777.9768164827892  13
777.9843183166125  -1
777.9918201504357  -3
777.999321984259  5
778.0068238180824  -34
778.0143256519057  34
778.0218274857289  2
778.0293293195522  -30
778.0368311533755  -51
778.0443329871987  3
778.051834821022  9
778.0593366548453  -7
778.0668384886685  -4
778.0743403224918  20
778.0818421563151  21
778.0893439901384  2
778.0968458239616  -6
778.104347657785  23
778.1118494916083  -30
778.1193513254315  5
778.1268531592548  -3
778.1343549930781  26
778.1418568269013  4
778.1493586607246  2
778.1568604945479  -12
778.1643623283712  35
778.1718641621944  -14
778.1793659960177  13
778.186867829841  -9
778.1943696636642  15
778.2018714974876  22
778.2093733313109  13
778.2168751651341  -2
778.2243769989574  14
778.2318788327807  -11
778.239380666604  25
778.2468825004272  5
778.2543843342505  31
778.2618861680738  -17
778.269388001897  23
778.2768898357203  -8
778.2843916695437  43
778.2918935033669  -9
778.2993953371902  6
778.3068971710135  -8
778.3143990048368  39
778.32190083866  0
778.3294026724833  -8
778.3369045063066  11
778.3444063401298  10
778.3519081739531  -1
778.3594100077764  11
778.3669118415996  -32
778.3744136754229  18
778.3819155092463  25
778.3894173430696  44
778.3969191768928  -5
778.4044210107161  24
778.4119228445394  11
778.4194246783626  18
778.4269265121859  7
778.4344283460092  5
778.4419301798324  -28
778.4494320136557  -6
778.456933847479  9
778.4644356813023  15
778.4719375151255  -10
778.4794393489489  38
778.4869411827722  20
778.4944430165954  -14
778.5019448504187  14
778.509446684242  -11
778.5169485180652  -2
778.5244503518885  -2
778.5319521857118  10
778.5394540195351  20
778.5469558533583  -2
778.5544576871816  -1
778.561959521005  35
778.5694613548281  43
778.5769631886515  -9
778.5844650224748  -22
778.591966856298  -11
778.5994686901213  10
778.6069705239446  -19
778.6144723577679  25
778.6219741915911  9
778.6294760254144  30
778.6369778592377  -6
778.6444796930609  28
778.6519815268842  3
778.6594833607076  -17
778.6669851945308  -30
778.6744870283541  24
778.6819888621774  24
778.6894906960007  -6
778.6969925298239  -37
778.7044943636472  -28
778.7119961974705  24
778.7194980312937  15
778.726999865117  32
778.7345016989403  -1
778.7420035327635  6
778.7495053665868  -19
778.7570072004102  -9
778.7645090342335  16
778.7720108680567  -26
778.77951270188  3
778.7870145357033  -12
778.7945163695265  -29
778.8020182033498  -21
778.8095200371731  5
778.8170218709963  16
778.8245237048196  -37
778.8320255386429  23
778.8395273724663  13
778.8470292062894  -22
778.8545310401128  -6
778.8620328739361  0
778.8695347077593  -3
778.8770365415826  -17
778.8845383754059  6
778.8920402092291  6
778.8995420430524  -19
778.9070438768757  11
778.914545710699  8
778.9220475445222  -20
778.9295493783455  -7
778.9370512121689  -13
778.944553045992  -38
778.9520548798154  -7
778.9595567136387  25
778.9670585474619  9
778.9745603812852  5
778.9820622151085  -20
778.9895640489318  -4
778.997065882755  -16
779.0045677165783  -32
779.0120695504016  12
779.0195713842248  -7
779.0270732180481  -17
779.0345750518715  19
779.0420768856947  -14
779.049578719518  13
779.0570805533413  -6
779.0645823871646  21
779.0720842209878  -6
779.0795860548111  3
779.0870878886344  -8
779.0945897224576  4
779.1020915562809  -32
779.1095933901042  -16
779.1170952239274  -11
779.1245970577507  26
779.1320988915741  -2
779.1396007253974  -8
779.1471025592206  6
779.1546043930439  3
779.1621062268672  11
779.1696080606904  -16
779.1771098945137  -8
779.184611728337  13
779.1921135621602  0
779.1996153959835  -2
779.2071172298068  -8
779.2146190636302  34
779.2221208974534  16
779.2296227312767  27
779.2371245651  14
779.2446263989232  42
779.2521282327465  19
779.2596300665698  -9
779.267131900393  15
779.2746337342163  50
779.2821355680396  -2
779.2896374018629  7
779.2971392356861  8
779.3046410695094  -5
779.3121429033328  -30
779.319644737156  12
779.3271465709793  -12
779.3346484048026  -41
779.3421502386259  -25
779.3496520724491  -4
779.3571539062724  8
779.3646557400957  2
779.3721575739189  -11
779.3796594077422  -11
779.3871612415655  4
779.3946630753887  9
779.402164909212  10
779.4096667430354  -1
779.4171685768586  -13
779.4246704106819  16
779.4321722445052  23
779.4396740783285  -17
779.4471759121517  -2
779.454677745975  13
779.4621795797983  -11
779.4696814136215  7
779.4771832474448  -7
779.4846850812681  -14
779.4921869150915  19
779.4996887489147  9
779.507190582738  0
779.5146924165613  57
779.5221942503845  -9
779.5296960842078  32
779.5371979180311  -4
779.5446997518543  3
779.5522015856776  -13
779.5597034195009  15
779.5672052533242  -1
779.5747070871474  9
779.5822089209707  29
779.589710754794  24
779.5972125886173  7
779.6047144224406  18
779.6122162562639  -4
779.6197180900871  22
779.6272199239104  7
779.6347217577337  -26
779.642223591557  10
779.6497254253802  6
779.6572272592035  -8
779.6647290930268  25
779.67223092685  22
779.6797327606733  -8
779.6872345944967  5
779.6947364283199  19
779.7022382621432  -11
779.7097400959665  5
779.7172419297898  10
779.724743763613  10
779.7322455974363  24
779.7397474312596  6
779.7472492650828  -30
779.7547510989061  -8
779.7622529327294  -12
779.7697547665526  15
779.777256600376  14
779.7847584341993  -10
779.7922602680226  -19
779.7997621018458  -5
779.8072639356691  -36
779.8147657694924  -3
779.8222676033156  -6
779.8297694371389  -4
779.8372712709622  -30
779.8447731047854  25
779.8522749386087  -24
779.859776772432  -10
779.8672786062554  -4
779.8747804400786  54
779.8822822739019  -12
779.8897841077252  30
779.8972859415484  -6
779.9047877753717  15
779.912289609195  -18
779.9197914430182  -17
779.9272932768415  14
779.9347951106648  -16
779.9422969444881  5
779.9497987783113  -13
779.9573006121346  0
779.964802445958  8
779.9723042797812  -7
779.9798061136045  -28
779.9873079474278  -21
779.994809781251  -12
780.0023116150743  -1
780.0098134488976  -3
780.0173152827209  -21
780.0248171165441  -29
780.0323189503674  25
780.0398207841907  -25
780.0473226180139  4
780.0548244518372  16
780.0623262856606  -8
780.0698281194838  8
780.0773299533071  -25
780.0848317871304  31
780.0923336209537  -1
780.0998354547769  43
780.1073372886002  -1
780.1148391224235  -20
780.1223409562467  0
780.12984279007  6
780.1373446238933  -1
780.1448464577165  -12
780.1523482915399  -16
780.1598501253632  44
780.1673519591865  -11
780.1748537930097  9
780.182355626833  7
780.1898574606563  -17
780.1973592944795  -8
780.2048611283028  28
780.2123629621261  24
780.2198647959493  4
780.2273666297726  11
780.234868463596  30
780.2423702974193  6
780.2498721312425  -11
780.2573739650658  23
780.2648757988891  22
780.2723776327123  6
780.2798794665356  20
780.2873813003589  -5
780.2948831341821  29
780.3023849680054  4
780.3098868018287  9
780.317388635652  -10
780.3248904694752  3
780.3323923032985  -22
780.3398941371219  27
780.3473959709451  -2
780.3548978047684  -20
780.3623996385917  10
780.3699014724149  20
780.3774033062382  12
780.3849051400615  14
780.3924069738848  6
780.399908807708  2
780.4074106415313  -40
780.4149124753546  0
780.4224143091778  -29
780.4299161430012  -5
780.4374179768245  12
780.4449198106477  16
780.452421644471  16
780.4599234782943  32
780.4674253121176  0
780.4749271459408  -1
780.4824289797641  -12
780.4899308135874  42
780.4974326474106  -26
780.5049344812339  6
780.5124363150572  -11
780.5199381488804  21
780.5274399827038  -17
780.5349418165271  -26
780.5424436503504  27
780.5499454841736  15
780.5574473179969  -6
780.5649491518202  -7
780.5724509856434  -33
780.5799528194667  25
780.58745465329  -2
780.5949564871132  32
780.6024583209365  34
780.6099601547598  16
780.6174619885832  21
780.6249638224064  37
780.6324656562297  -2
780.639967490053  15
780.6474693238762  -17
780.6549711576995  21
780.6624729915228  28
780.669974825346  32
780.6774766591693  -5
780.6849784929926  8
780.6924803268159  8
780.6999821606391  14
780.7074839944625  24
780.7149858282858  7
780.722487662109  16
780.7299894959323  24
780.7374913297556  -4
780.7449931635788  15
780.7524949974021  -9
780.7599968312254  24
780.7674986650487  -26
780.7750004988719  -3
780.7825023326952  -8
780.7900041665185  10
780.7975060003417  2
780.805007834165  12
780.8125096679884  -13
780.8200115018116  -36
780.8275133356349  4
780.8350151694582  14
780.8425170032815  -19
780.8500188371047  15
780.857520670928  28
780.8650225047513  -16
780.8725243385745  -2
780.8800261723978  -6
780.8875280062211  9
780.8950298400443  13
780.9025316738677  31
780.910033507691  8
780.9175353415143  27
780.9250371753375  -14
780.9325390091608  -1
780.9400408429841  3
780.9475426768073  29
780.9550445106306  53
780.9625463444539  35
780.9700481782772  -61
780.9775500121004  10
780.9850518459237  12
780.9925536797471  -9
781.0000555135703  -2
781.0075573473936  5
781.0150591812169  22
781.0225610150401  39
781.0300628488634  0
781.0375646826867  -22
781.0450665165099  16
781.0525683503332  18
781.0600701841565  29
781.0675720179798  -4
781.075073851803  -8
781.0825756856264  28
781.0900775194497  31
781.0975793532729  11
781.1050811870962  -1
781.1125830209195  55
781.1200848547428  -11
781.127586688566  20
781.1350885223893  13
781.1425903562126  -12
781.1500921900358  0
781.1575940238591  -5
781.1650958576824  -8
781.1725976915056  16
781.180099525329  20
781.1876013591523  -9
781.1951031929756  -10
781.2026050267988  0
781.2101068606221  -14
781.2176086944454  18
781.2251105282686  23
781.2326123620919  12
781.2401141959152  40
781.2476160297384  7
781.2551178635617  -7
781.262619697385  -23
781.2701215312084  23
781.2776233650316  10
781.2851251988549  -8
781.2926270326782  -14
781.3001288665014  -27
781.3076307003247  -1
781.315132534148  -16
781.3226343679712  -2
781.3301362017945  -1
781.3376380356178  -2
781.3451398694411  16
781.3526417032643  8
781.3601435370877  23
781.367645370911  18
781.3751472047342  35
781.3826490385575  12
781.3901508723808  -18
781.397652706204  8
781.4051545400273  15
781.4126563738506  13
781.4201582076739  4
781.4276600414971  -13
781.4351618753204  14
781.4426637091437  -3
781.4501655429669  -22
781.4576673767903  -18
781.4651692106136  8
781.4726710444368  -10
781.4801728782601  22
781.4876747120834  -6
781.4951765459067  -19
781.5026783797299  -13
781.5101802135532  -6
781.5176820473765  32
781.5251838811997  -29
781.532685715023  -2
781.5401875488463  14
781.5476893826695  0
781.5551912164929  9
781.5626930503162  12
781.5701948841395  25
781.5776967179627  6
781.585198551786  23
781.5927003856093  31
781.6002022194325  23
781.6077040532558  -2
781.6152058870791  16
781.6227077209023  10
781.6302095547256  26
781.637711388549  -4
781.6452132223723  21
781.6527150561955  0
781.6602168900188  26
781.6677187238421  4
781.6752205576653  -14
781.6827223914886  29
781.6902242253119  18
781.6977260591351  -40
781.7052278929584  2
781.7127297267817  14
781.720231560605  5
781.7277333944282  -1
781.7352352282516  -17
781.7427370620749  14
781.7502388958981  -1
781.7577407297214  0
781.7652425635447  13
781.7727443973679  -7
781.7802462311912  27
781.7877480650145  5
781.7952498988378  -4
781.802751732661  -2
781.8102535664843  20
781.8177554003076  34
781.8252572341308  15
781.8327590679542  9
781.8402609017775  20
781.8477627356007  -26
781.855264569424  -22
781.8627664032473  -14
781.8702682370706  2
781.8777700708938  27
781.8852719047171  3
781.8927737385404  6
781.9002755723636  -9
781.9077774061869  5
781.9152792400102  -21
781.9227810738334  11
781.9302829076568  19
781.9377847414801  -5
781.9452865753034  -17
781.9527884091266  5
781.9602902429499  20
781.9677920767732  8
781.9752939105964  -17
781.9827957444197  19
781.990297578243  7
781.9977994120662  -18
782.0053012458895  10
782.0128030797129  -5
782.0203049135362  -5
782.0278067473594  -35
782.0353085811827  7
782.042810415006  -18
782.0503122488292  4
782.0578140826525  39
782.0653159164758  29
782.072817750299  -30
782.0803195841223  26
782.0878214179456  8
782.095323251769  15
782.1028250855921  4
782.1103269194155  21
782.1178287532388  18
782.125330587062  3
782.1328324208853  15
782.1403342547086  -24
782.1478360885318  -2
782.1553379223551  14
782.1628397561784  24
782.1703415900017  -7
782.1778434238249  16
782.1853452576482  15
782.1928470914715  14
782.2003489252947  -5
782.2078507591181  -11
782.2153525929414  11
782.2228544267646  -4
782.2303562605879  -6
782.2378580944112  -21
782.2453599282345  -2
782.2528617620577  -23
782.260363595881  -2
782.2678654297043  -16
782.2753672635275  28
782.2828690973508  13
782.2903709311742  0
782.2978727649974  22
782.3053745988207  6
782.312876432644  2
782.3203782664673  5
782.3278801002905  -37
782.3353819341138  -6
782.3428837679371  -27
782.3503856017603  -2
782.3578874355836  -8
782.3653892694069  12
782.3728911032301  16
782.3803929370534  -20
782.3878947708768  3
782.3953966047001  -11
782.4028984385233  -26
782.4104002723466  26
782.4179021061699  9
782.4254039399931  26
782.4329057738164  -8
782.4404076076397  23
782.4479094414629  25
782.4554112752862  24
782.4629131091095  0
782.4704149429328  -12
782.477916776756  2
782.4854186105794  4
782.4929204444027  22
782.5004222782259  14
782.5079241120492  -10
782.5154259458725  0
782.5229277796957  40
782.530429613519  16
782.5379314473423  -3
782.5454332811656  5
782.5529351149888  45
782.5604369488121  5
782.5679387826355  -2
782.5754406164586  26
782.582942450282  40
782.5904442841053  16
782.5979461179286  7
782.6054479517518  10
782.6129497855751  26
782.6204516193984  -11
782.6279534532216  -8
782.6354552870449  -16
782.6429571208682  28
782.6504589546914  -13
782.6579607885147  -11
782.665462622338  8
782.6729644561613  -1
782.6804662899846  19
782.6879681238079  36
782.6954699576312  15
782.7029717914544  -9
782.7104736252777  -26
782.717975459101  36
782.7254772929242  7
782.7329791267475  -14
782.7404809605708  -5
782.7479827943941  -22
782.7554846282173  -3
782.7629864620407  0
782.770488295864  20
782.7779901296872  -10
782.7854919635105  35
782.7929937973338  -26
782.800495631157  9
782.8079974649803  4
782.8154992988036  -11
782.8230011326268  -5
782.8305029664501  38
782.8380048002734  -22
782.8455066340968  -25
782.85300846792  27
782.8605103017433  12
782.8680121355666  -14
782.8755139693898  -9
782.8830158032131  -13
782.8905176370364  10
782.8980194708597  18
782.9055213046829  28
782.9130231385062  -3
782.9205249723295  -2
782.9280268061527  9
782.935528639976  36
782.9430304737994  13
782.9505323076226  11
782.9580341414459  -14
782.9655359752692  31
782.9730378090925  11
782.9805396429157  16
782.988041476739  0
782.9955433105623  12
783.0030451443855  47
783.0105469782088  -27
783.0180488120321  -2
783.0255506458553  5
783.0330524796786  -26
783.040554313502  26
783.0480561473253  20
783.0555579811485  39
783.0630598149718  -12
783.0705616487951  -6
783.0780634826183  -11
783.0855653164416  19
783.0930671502649  21
783.1005689840881  -25
783.1080708179114  -18
783.1155726517347  -19
783.123074485558  -17
783.1305763193812  24
783.1380781532046  -10
783.1455799870279  38
783.1530818208511  -16
783.1605836546744  18
783.1680854884977  12
783.1755873223209  35
783.1830891561442  38
783.1905909899675  12
783.1980928237908  -7
783.205594657614  13
783.2130964914373  -1
783.2205983252607  7
783.2281001590839  3
783.2356019929072  -5
783.2431038267305  -4
783.2506056605537  7
783.258107494377  19
783.2656093282003  12
783.2731111620236  0
783.2806129958468  6
783.2881148296701  3
783.2956166634934  -5
783.3031184973166  24
783.31062033114  14
783.3181221649633  -1
783.3256239987865  27
783.3331258326098  6
783.3406276664331  32
783.3481295002564  -6
783.3556313340796  21
783.3631331679029  -1
783.3706350017262  24
783.3781368355494  31
783.3856386693727  -9
783.393140503196  22
783.4006423370192  51
783.4081441708425  13
783.4156460046659  8
783.4231478384892  18
783.4306496723124  15
783.4381515061357  16
783.445653339959  30
783.4531551737822  -5
783.4606570076055  9
783.4681588414288  6
783.475660675252  -8
783.4831625090753  -5
783.4906643428986  12
783.498166176722  23
783.5056680105452  -7
783.5131698443685  11
783.5206716781918  10
783.528173512015  22
783.5356753458383  11
783.5431771796616  22
783.5506790134848  28
783.5581808473081  -21
783.5656826811314  22
783.5731845149547  11
783.5806863487779  22
783.5881881826012  -4
783.5956900164246  11
783.6031918502478  -14
783.6106936840711  -12
783.6181955178944  -6
783.6256973517176  24
783.6331991855409  -35
783.6407010193642  46
783.6482028531875  21
783.6557046870107  23
783.663206520834  24
783.6707083546573  -5
783.6782101884805  47
783.6857120223038  -34
783.6932138561272  34
783.7007156899504  20
783.7082175237737  4
783.715719357597  46
783.7232211914203  14
783.7307230252435  2
783.7382248590668  28
783.7457266928901  -23
783.7532285267133  36
783.7607303605366  13
783.7682321943599  -11
783.7757340281831  36
783.7832358620064  -17
783.7907376958298  0
783.7982395296531  -26
783.8057413634763  44
783.8132431972996  5
783.8207450311229  5
783.8282468649461  30
783.8357486987694  13
783.8432505325927  6
783.8507523664159  6
783.8582542002392  19
783.8657560340625  40
783.8732578678859  -30
783.880759701709  41
783.8882615355324  -4
783.8957633693557  -29
783.9032652031789  -4
783.9107670370022  16
783.9182688708255  16
783.9257707046487  22
783.933272538472  5
783.9407743722953  -4
783.9482762061186  23
783.9557780399418  -20
783.9632798737651  -12
783.9707817075885  14
783.9782835414117  18
783.985785375235  6
783.9932872090583  16
784.0007890428815  38
784.0082908767048  23
784.0157927105281  15
784.0232945443514  12
784.0307963781746  0
784.0382982119979  -18
784.0458000458212  20
784.0533018796444  -22
784.0608037134677  40
784.0683055472911  35
784.0758073811143  -18
784.0833092149376  32
784.0908110487609  38
784.0983128825842  31
784.1058147164074  26
784.1133165502307  27
784.120818384054  47
784.1283202178772  -5
784.1358220517005  31
784.1433238855238  4
784.150825719347  0
784.1583275531704  11
784.1658293869937  30
784.173331220817  21
784.1808330546402  7
784.1883348884635  -22
784.1958367222868  14
784.20333855611  18
784.2108403899333  18
784.2183422237566  -58
784.2258440575798  35
784.2333458914031  34
784.2408477252264  31
784.2483495590498  24
784.255851392873  -23
784.2633532266963  39
784.2708550605196  -4
784.2783568943428  6
784.2858587281661  0
784.2933605619894  14
784.3008623958126  23
784.3083642296359  59
784.3158660634592  3
784.3233678972825  64
784.3308697311057  6
784.338371564929  -7
784.3458733987524  29
784.3533752325756  35
784.3608770663989  26
784.3683789002222  6
784.3758807340455  20
784.3833825678687  -10
784.390884401692  15
784.3983862355153  10
784.4058880693385  45
784.4133899031618  28
784.4208917369851  -3
784.4283935708083  -11
784.4358954046317  20
784.443397238455  -24
784.4508990722783  -10
784.4584009061015  23
784.4659027399248  -30
784.4734045737481  -10
784.4809064075713  -19
784.4884082413946  25
784.4959100752179  29
784.5034119090411  19
784.5109137428644  19
784.5184155766877  -12
784.525917410511  5
784.5334192443343  20
784.5409210781576  48
784.5484229119809  -2
784.5559247458041  23
784.5634265796274  11
784.5709284134507  -6
784.5784302472739  -5
784.5859320810972  14
784.5934339149205  -16
784.6009357487438  35
784.608437582567  -28
784.6159394163903  10
784.6234412502137  2
784.6309430840369  30
784.6384449178602  -10
784.6459467516835  16
784.6534485855067  29
784.66095041933  32
784.6684522531533  5
784.6759540869766  5
784.6834559207998  4
784.6909577546231  24
784.6984595884464  -2
784.7059614222696  8
784.713463256093  28
784.7209650899163  26
784.7284669237395  24
784.7359687575628  16
784.7434705913861  -12
784.7509724252094  -3
784.7584742590326  -11
784.7659760928559  43
784.7734779266792  -20
784.7809797605024  19
784.7884815943257  -35
784.795983428149  -17
784.8034852619722  15
784.8109870957956  21
784.8184889296189  7
784.8259907634422  -12
784.8334925972654  28
784.8409944310887  -5
784.848496264912  9
784.8559980987352  32
784.8634999325585  -24
784.8710017663818  28
784.878503600205  -18
784.8860054340283  18
784.8935072678516  18
784.901009101675  51
784.9085109354982  -6
784.9160127693215  36
784.9235146031448  -6
784.931016436968  48
784.9385182707913  22
784.9460201046146  42
784.9535219384378  -16
784.9610237722611  15
784.9685256060844  -1
784.9760274399077  -23
784.9835292737309  19
784.9910311075542  21
784.9985329413776  13
785.0060347752008  -8
785.0135366090241  25
785.0210384428474  10
785.0285402766706  28
785.0360421104939  22
785.0435439443172  28
785.0510457781405  10
785.0585476119637  -16
785.066049445787  10
785.0735512796103  16
785.0810531134335  22
785.0885549472569  -5
785.0960567810802  16
785.1035586149034  23
785.1110604487267  24
785.11856228255  2
785.1260641163733  -16
785.1335659501965  -3
785.1410677840198  35
785.1485696178431  24
785.1560714516663  9
785.1635732854896  4
785.171075119313  10
785.1785769531361  32
785.1860787869595  54
785.1935806207828  26
785.2010824546061  5
785.2085842884293  20
785.2160861222526  5
785.2235879560759  26
785.2310897898991  13
785.2385916237224  42
785.2460934575457  74
785.2535952913689  15
785.2610971251922  22
785.2685989590155  21
785.2761007928389  -16
785.2836026266621  -1
785.2911044604854  57
785.2986062943087  28
785.3061081281319  26
785.3136099619552  13
785.3211117957785  28
785.3286136296017  24
785.336115463425  32
785.3436172972483  18
785.3511191310716  73
785.3586209648948  9
785.3661227987182  11
785.3736246325415  -23
785.3811264663647  40
785.388628300188  39
785.3961301340113  12
785.4036319678345  10
785.4111338016578  19
785.4186356354811  26
785.4261374693044  -16
785.4336393031276  -4
785.4411411369509  23
785.4486429707742  16
785.4561448045974  21
785.4636466384208  -5
785.4711484722441  55
785.4786503060673  -19
785.4861521398906  31
785.4936539737139  22
785.5011558075372  20
785.5086576413604  12
785.5161594751837  -11
785.523661309007  13
785.5311631428302  25
785.5386649766535  -41
785.5461668104768  37
785.5536686443  42
785.5611704781234  34
785.5686723119467  -1
785.57617414577  13
785.5836759795932  6
785.5911778134165  32
785.5986796472398  12
785.606181481063  12
785.6136833148863  -3
785.6211851487096  18
785.6286869825328  38
785.6361888163561  28
785.6436906501795  10
785.6511924840028  10
785.658694317826  42
785.6661961516493  31
785.6736979854726  16
785.6811998192958  23
785.6887016531191  40
785.6962034869424  -6
785.7037053207656  -1
785.7112071545889  48
785.7187089884122  -5
785.7262108222355  29
785.7337126560587  -26
785.741214489882  57
785.7487163237054  40
785.7562181575286  20
785.7637199913519  20
785.7712218251752  4
785.7787236589984  -7
785.7862254928217  27
785.793727326645  32
785.8012291604683  37
785.8087309942915  13
785.8162328281148  7
785.8237346619381  31
785.8312364957613  35
785.8387383295847  25
785.846240163408  -12
785.8537419972312  -3
785.8612438310545  18
785.8687456648778  53
785.8762474987011  32
785.8837493325243  22
785.8912511663476  27
785.8987530001709  10
785.9062548339941  35
785.9137566678174  21
785.9212585016408  84
785.928760335464  2
785.9362621692873  20
785.9437640031106  -5
785.9512658369339  13
785.9587676707571  28
785.9662695045804  43
785.9737713384037  43
785.9812731722269  12
785.9887750060502  14
785.9962768398735  -19
786.0037786736968  25
786.01128050752  -7
786.0187823413434  15
786.0262841751667  46
786.0337860089899  31
786.0412878428132  7
786.0487896766365  47
786.0562915104597  19
786.063793344283  12
786.0712951781063  26
786.0787970119295  -12
786.0862988457528  -5
786.0938006795761  -21
786.1013025133994  9
786.1088043472226  11
786.116306181046  38
786.1238080148693  15
786.1313098486925  6
786.1388116825158  6
786.1463135163391  34
786.1538153501624  18
786.1613171839856  57
786.1688190178089  14
786.1763208516322  34
786.1838226854554  23
786.1913245192787  66
786.198826353102  23
786.2063281869252  20
786.2138300207486  23
786.2213318545719  -13
786.2288336883952  7
786.2363355222184  20
786.2438373560417  29
786.251339189865  8
786.2588410236882  46
786.2663428575115  19
786.2738446913348  55
786.281346525158  51
786.2888483589813  -3
786.2963501928047  3
786.303852026628  24
786.3113538604512  58
786.3188556942745  50
786.3263575280978  21
786.333859361921  32
786.3413611957443  28
786.3488630295676  -23
786.3563648633908  42
786.3638666972141  15
786.3713685310374  12
786.3788703648607  21
786.386372198684  28
786.3938740325073  -24
786.4013758663306  35
786.4088777001538  44
786.4163795339771  -10
786.4238813678004  14
786.4313832016236  28
786.4388850354469  14
786.4463868692702  26
786.4538887030935  32
786.4613905369167  35
786.46889237074  0
786.4763942045633  55
786.4838960383865  36
786.4913978722099  48
786.4988997060332  19
786.5064015398564  44
786.5139033736797  14
786.521405207503  32
786.5289070413263  60
786.5364088751495  3
786.5439107089728  7
786.5514125427961  76
786.5589143766193  7
786.5664162104426  8
786.573918044266  35
786.5814198780892  46
786.5889217119125  40
786.5964235457358  31
786.6039253795591  -9
786.6114272133823  70
786.6189290472056  11
786.6264308810289  43
786.6339327148521  14
786.6414345486754  44
786.6489363824987  -3
786.6564382163219  32
786.6639400501452  22
786.6714418839686  11
786.6789437177919  26
786.6864455516151  39
786.6939473854384  37
786.7014492192617  41
786.7089510530849  27
786.7164528869082  27
786.7239547207315  35
786.7314565545547  24
786.738958388378  -9
786.7464602222013  31
786.7539620560246  16
786.7614638898478  44
786.7689657236712  31
786.7764675574945  46
786.7839693913177  40
786.791471225141  39
786.7989730589643  56
786.8064748927875  42
786.8139767266108  19
786.8214785604341  67
786.8289803942574  29
786.8364822280806  22
786.8439840619039  11
786.8514858957273  22
786.8589877295504  2
786.8664895633738  71
786.8739913971971  48
786.8814932310203  42
786.8889950648436  41
786.8964968986669  30
786.9039987324902  31
786.9115005663134  11
786.9190024001367  -1
786.92650423396  14
786.9340060677832  7
786.9415079016065  30
786.9490097354299  53
786.956511569253  -4
786.9640134030764  31
786.9715152368997  75
786.979017070723  32
786.9865189045462  11
786.9940207383695  29
787.0015225721928  19
787.009024406016  14
787.0165262398393  9
787.0240280736626  43
787.0315299074858  23
787.0390317413091  60
787.0465335751325  51
787.0540354089558  34
787.061537242779  36
787.0690390766023  -2
787.0765409104256  -3
787.0840427442488  26
787.0915445780721  29
787.0990464118954  -4
787.1065482457186  19
787.1140500795419  18
787.1215519133652  6
787.1290537471886  66
787.1365555810117  10
787.1440574148351  -20
787.1515592486584  23
787.1590610824816  -6
787.1665629163049  37
787.1740647501282  11
787.1815665839514  30
787.1890684177747  21
787.196570251598  9
787.2040720854213  23
787.2115739192445  34
787.2190757530678  -2
787.2265775868912  43
787.2340794207144  6
787.2415812545377  29
787.249083088361  39
787.2565849221842  5
787.2640867560075  11
787.2715885898308  22
787.2790904236541  38
787.2865922574773  26
787.2940940913006  25
787.3015959251239  -7
787.3090977589471  20
787.3165995927704  28
787.3241014265938  -3
787.331603260417  31
787.3391050942403  14
787.3466069280636  38
787.3541087618869  18
787.3616105957101  23
787.3691124295334  28
787.3766142633567  28
787.3841160971799  20
787.3916179310032  52
787.3991197648265  43
787.4066215986497  34
787.414123432473  19
787.4216252662964  47
787.4291271001197  32
787.4366289339429  -6
787.4441307677662  30
787.4516326015895  48
787.4591344354127  24
787.466636269236  21
787.4741381030593  5
787.4816399368825  22
787.4891417707058  34
787.4966436045291  42
787.5041454383525  34
787.5116472721757  44
787.519149105999  38
787.5266509398223  23
787.5341527736455  92
787.5416546074688  2
787.5491564412921  38
787.5566582751153  24
787.5641601089386  7
787.5716619427619  69
787.5791637765852  51
787.5866656104084  29
787.5941674442317  36
787.601669278055  41
787.6091711118783  26
787.6166729457016  42
787.6241747795249  19
787.6316766133481  40
787.6391784471714  35
787.6466802809947  14
787.654182114818  7
787.6616839486412  -12
787.6691857824645  6
787.6766876162878  50
787.684189450111  9
787.6916912839343  45
787.6991931177577  2
787.7066949515809  28
787.7141967854042  -2
787.7216986192275  6
787.7292004530508  14
787.736702286874  4
787.7442041206973  15
787.7517059545206  43
787.7592077883438  14
787.7667096221671  35
787.7742114559904  42
787.7817132898138  18
787.789215123637  42
787.7967169574603  58
787.8042187912836  6
787.8117206251068  50
787.8192224589301  24
787.8267242927534  20
787.8342261265766  22
787.8417279603999  9
787.8492297942232  27
787.8567316280465  9
787.8642334618697  35
787.871735295693  46
787.8792371295164  -21
787.8867389633396  36
787.8942407971629  37
787.9017426309862  35
787.9092444648094  25
787.9167462986327  27
787.924248132456  40
787.9317499662793  -7
787.9392518001025  8
787.9467536339258  10
787.9542554677491  26
787.9617573015723  -9
787.9692591353956  50
787.976760969219  53
787.9842628030422  46
787.9917646368655  57
787.9992664706888  37
788.0067683045121  13
788.0142701383353  11
788.0217719721586  30
788.0292738059819  24
788.0367756398051  26
788.0442774736284  20
788.0517793074517  28
788.0592811412749  15
788.0667829750982  35
788.0742848089216  18
788.0817866427449  43
788.0892884765681  39
788.0967903103914  11
788.1042921442147  24
788.1117939780379  53
788.1192958118612  55
788.1267976456845  22
788.1342994795077  35
788.141801313331  63
788.1493031471543  37
788.1568049809777  44
788.1643068148009  50
788.1718086486242  18
788.1793104824475  23
788.1868123162707  7
788.194314150094  -7
788.2018159839173  8
788.2093178177405  -3
788.2168196515638  12
788.2243214853871  24
788.2318233192104  31
788.2393251530336  21
788.246826986857  -1
788.2543288206803  14
788.2618306545035  41
788.2693324883268  -12
788.2768343221501  72
788.2843361559733  36
788.2918379897966  24
788.2993398236199  44
788.3068416574432  23
788.3143434912664  0
788.3218453250897  48
788.329347158913  44
788.3368489927362  9
788.3443508265595  20
788.3518526603829  34
788.3593544942061  23
788.3668563280294  10
788.3743581618527  14
788.381859995676  58
788.3893618294992  45
788.3968636633225  34
788.4043654971458  27
788.411867330969  43
788.4193691647923  35
788.4268709986156  9
788.4343728324388  96
788.4418746662622  62
788.4493765000855  42
788.4568783339088  10
788.464380167732  29
788.4718820015553  8
788.4793838353786  -5
788.4868856692018  35
788.4943875030251  41
788.5018893368484  58
788.5093911706716  24
788.5168930044949  -38
788.5243948383182  48
788.5318966721416  53
788.5393985059648  29
788.5469003397881  42
788.5544021736114  30
788.5619040074346  75
788.5694058412579  34
788.5769076750812  7
788.5844095089044  52
788.5919113427277  37
788.599413176551  38
788.6069150103743  -6
788.6144168441975  4
788.6219186780208  35
788.6294205118442  -27
788.6369223456674  23
788.6444241794907  14
788.651926013314  29
788.6594278471372  71
788.6669296809605  59
788.6744315147838  40
788.6819333486071  34
788.6894351824303  -2
788.6969370162536  37
788.7044388500769  39
788.7119406839001  13
788.7194425177235  87
788.7269443515468  32
788.73444618537  5
788.7419480191933  20
788.7494498530166  35
788.7569516868399  58
788.7644535206631  15
788.7719553544864  2
788.7794571883097  32
788.7869590221329  44
788.7944608559562  22
788.8019626897795  25
788.8094645236027  37
788.816966357426  51
788.8244681912494  18
788.8319700250727  19
788.8394718588959  -20
788.8469736927192  22
788.8544755265425  19
788.8619773603657  -7
788.869479194189  15
788.8769810280123  25
788.8844828618355  12
788.8919846956588  11
788.8994865294821  46
788.9069883633055  37
788.9144901971287  36
788.921992030952  26
788.9294938647753  30
788.9369956985985  24
788.9444975324218  -8
788.9519993662451  32
788.9595012000683  24
788.9670030338916  12
788.9745048677149  43
788.9820067015382  59
788.9895085353614  3
788.9970103691847  48
789.0045122030081  6
789.0120140368313  52
789.0195158706546  10
789.0270177044779  15
789.0345195383011  28
789.0420213721244  35
789.0495232059477  45
789.057025039771  56
789.0645268735942  3
789.0720287074175  41
789.0795305412408  22
789.087032375064  51
789.0945342088874  29
789.1020360427107  52
789.1095378765339  41
789.1170397103572  -7
789.1245415441805  63
789.1320433780038  39
789.139545211827  31
789.1470470456503  20
789.1545488794736  39
789.1620507132968  22
789.1695525471201  19
789.1770543809434  34
789.1845562147666  28
789.19205804859  8
789.1995598824133  28
789.2070617162366  39
789.2145635500598  14
789.2220653838831  14
789.2295672177064  43
789.2370690515296  12
789.2445708853529  24
789.2520727191762  64
789.2595745529994  34
789.2670763868227  44
789.274578220646  30
789.2820800544694  77
789.2895818882926  11
789.2970837221159  62
789.3045855559392  24
789.3120873897624  -7
789.3195892235857  19
789.327091057409  41
789.3345928912322  24
789.3420947250555  -10
789.3495965588788  48
789.3570983927021  2
789.3646002265253  59
789.3721020603487  91
789.379603894172  19
789.3871057279952  43
789.3946075618185  -4
789.4021093956418  -6
789.4096112294651  39
789.4171130632883  22
789.4246148971116  26
789.4321167309349  18
789.4396185647581  44
789.4471203985814  31
789.4546222324047  31
789.462124066228  55
789.4696259000513  15
789.4771277338746  39
789.4846295676979  46
789.4921314015211  7
789.4996332353444  -6
789.5071350691677  22
789.5146369029909  37
789.5221387368142  16
789.5296405706375  67
789.5371424044607  55
789.544644238284  13
789.5521460721073  62
789.5596479059307  5
789.5671497397539  5
789.5746515735772  40
789.5821534074005  13
789.5896552412237  15
789.597157075047  68
789.6046589088703  18
789.6121607426935  68
789.6196625765168  -1
789.6271644103401  29
789.6346662441634  32
789.6421680779866  44
789.64966991181  25
789.6571717456333  48
789.6646735794565  2
789.6721754132798  42
789.6796772471031  18
789.6871790809263  11
789.6946809147496  4
789.7021827485729  63
789.7096845823962  24
789.7171864162194  22
789.7246882500427  85
789.732190083866  56
789.7396919176892  -9
789.7471937515126  57
789.7546955853359  34
789.7621974191591  43
789.7696992529824  24
789.7772010868057  43
789.784702920629  61
789.7922047544522  15
789.7997065882755  44
789.8072084220988  0
789.814710255922  15
789.8222120897453  73
789.8297139235686  24
789.8372157573918  50
789.8447175912152  14
789.8522194250385  57
789.8597212588618  52
789.867223092685  46
789.8747249265083  36
789.8822267603316  18
789.8897285941548  22
789.8972304279781  35
789.9047322618014  50
789.9122340956246  54
789.9197359294479  31
789.9272377632713  34
789.9347395970946  30
789.9422414309178  30
789.9497432647411  21
789.9572450985644  15
789.9647469323876  74
789.9722487662109  57
789.9797506000342  24
789.9872524338574  29
789.9947542676807  14
790.002256101504  -12
790.0097579353273  13
790.0172597691505  -4
790.0247616029739  35
790.0322634367972  38
790.0397652706204  56
790.0472671044437  50
790.054768938267  32
790.0622707720902  51
790.0697726059135  31
790.0772744397368  44
790.0847762735601  16
790.0922781073833  20
790.0997799412066  50
790.10728177503  47
790.1147836088531  19
790.1222854426765  47
790.1297872764998  29
790.137289110323  41
790.1447909441463  61
790.1522927779696  50
790.1597946117929  -21
790.1672964456161  60
790.1747982794394  -7
790.1823001132627  58
790.1898019470859  44
790.1973037809092  25
790.2048056147325  -8
790.2123074485557  34
790.2198092823791  51
790.2273111162024  38
790.2348129500257  36
790.2423147838489  48
790.2498166176722  79
790.2573184514955  25
790.2648202853187  -6
790.272322119142  34
790.2798239529653  -10
790.2873257867885  29
790.2948276206118  55
790.3023294544352  83
790.3098312882585  53
790.3173331220817  37
790.324834955905  71
790.3323367897283  59
790.3398386235515  25
790.3473404573748  23
790.3548422911981  -12
790.3623441250213  56
790.3698459588446  12
790.3773477926679  12
790.3848496264912  20
790.3923514603144  0
790.3998532941378  30
790.4073551279611  5
790.4148569617843  63
790.4223587956076  51
790.4298606294309  16
790.4373624632541  57
790.4448642970774  94
790.4523661309007  32
790.459867964724  10
790.4673697985472  11
790.4748716323705  34
790.4823734661938  27
790.489875300017  55
790.4973771338404  16
790.5048789676637  39
790.5123808014869  21
790.5198826353102  12
790.5273844691335  48
790.5348863029568  26
790.54238813678  62
790.5498899706033  -1
790.5573918044266  23
790.5648936382498  70
790.5723954720731  52
790.5798973058965  36
790.5873991397197  40
790.594900973543  30
790.6024028073663  36
790.6099046411896  7
790.6174064750128  59
790.6249083088361  16
790.6324101426594  54
790.6399119764826  11
790.6474138103059  36
790.6549156441292  69
790.6624174779524  31
790.6699193117757  51
790.677421145599  44
790.6849229794224  47
790.6924248132456  72
790.6999266470689  31
790.7074284808922  58
790.7149303147154  56
790.7224321485387  62
790.729933982362  62
790.7374358161852  29
790.7449376500085  53
790.7524394838318  62
790.7599413176551  40
790.7674431514783  29
790.7749449853017  28
790.782446819125  48
790.7899486529482  -2
790.7974504867715  20
790.8049523205948  53
790.812454154418  71
790.8199559882413  22
790.8274578220646  26
790.8349596558879  31
790.8424614897111  -13
790.8499633235344  34
790.8574651573578  25
790.864966991181  46
790.8724688250043  6
790.8799706588276  74
790.8874724926508  36
790.8949743264741  16
790.9024761602974  53
790.9099779941207  58
790.9174798279439  79
790.9249816617672  31
790.9324834955905  36
790.9399853294137  61
790.947487163237  93
790.9549889970604  21
790.9624908308836  29
790.9699926647069  27
790.9774944985302  35
790.9849963323535  56
790.9924981661767  26
791.0  29
791.0075018338233  22
791.0150036676465  91
791.0225055014698  58
791.0300073352931  5
791.0375091691164  23
791.0450110029396  40
791.052512836763  78
791.0600146705863  30
791.0675165044095  41
791.0750183382328  44
791.0825201720561  75
791.0900220058793  31
791.0975238397026  43
791.1050256735259  51
791.1125275073492  46
791.1200293411724  50
791.1275311749957  63
791.135033008819  13
791.1425348426422  32
791.1500366764656  34
791.1575385102889  66
791.1650403441121  45
791.1725421779354  64
791.1800440117587  24
791.187545845582  30
791.1950476794052  68
791.2025495132285  78
791.2100513470518  38
791.217553180875  57
791.2250550146983  38
791.2325568485217  63
791.2400586823449  3
791.2475605161682  72
791.2550623499915  57
791.2625641838148  26
791.270066017638  69
791.2775678514613  43
791.2850696852846  28
791.2925715191078  19
791.3000733529311  48
791.3075751867544  89
791.3150770205776  48
791.322578854401  12
791.3300806882243  37
791.3375825220476  4
791.3450843558708  28
791.3525861896941  15
791.3600880235174  51
791.3675898573406  78
791.3750916911639  24
791.3825935249872  57
791.3900953588104  84
791.3975971926337  35
791.405099026457  34
791.4126008602803  52
791.4201026941035  14
791.4276045279269  14
791.4351063617502  48
791.4426081955734  36
791.4501100293967  44
791.45761186322  46
791.4651136970432  74
791.4726155308665  63
791.4801173646898  13
791.4876191985131  42
791.4951210323363  71
791.5026228661596  40
791.510124699983  12
791.5176265338062  36
791.5251283676295  56
791.5326302014528  -7
791.540132035276  28
791.5476338690993  53
791.5551357029226  34
791.5626375367459  30
791.5701393705691  29
791.5776412043924  31
791.5851430382157  22
791.5926448720389  47
791.6001467058622  47
791.6076485396856  53
791.6151503735088  40
791.6226522073321  57
791.6301540411554  60
791.6376558749787  62
791.6451577088019  53
791.6526595426252  52
791.6601613764485  34
791.6676632102717  64
791.675165044095  43
791.6826668779183  29
791.6901687117415  52
791.6976705455648  89
791.7051723793882  23
791.7126742132115  35
791.7201760470347  56
791.727677880858  69
791.7351797146813  31
791.7426815485045  89
791.7501833823278  48
791.7576852161511  67
791.7651870499743  27
791.7726888837976  10
791.7801907176209  41
791.7876925514443  70
791.7951943852675  20
791.8026962190908  62
791.8101980529141  19
791.8176998867373  61
791.8252017205606  45
791.8327035543839  39
791.8402053882071  34
791.8477072220304  91
791.8552090558537  56
791.862710889677  63
791.8702127235002  35
791.8777145573235  83
791.8852163911469  2
791.89271822497  76
791.9002200587934  57
791.9077218926167  50
791.9152237264399  63
791.9227255602632  48
791.9302273940865  -1
791.9377292279098  57
791.945231061733  23
791.9527328955563  82
791.9602347293796  52
791.9677365632028  34
791.9752383970261  39
791.9827402308495  51
791.9902420646727  71
791.997743898496  42
792.0052457323193  109
792.0127475661426  59
792.0202493999658  48
792.0277512337891  79
792.0352530676124  58
792.0427549014356  70
792.0502567352589  24
792.0577585690822  64
792.0652604029054  47
792.0727622367287  51
792.0802640705521  67
792.0877659043754  62
792.0952677381986  48
792.1027695720219  20
792.1102714058452  42
792.1177732396684  39
792.1252750734917  58
792.132776907315  74
792.1402787411382  44
792.1477805749615  59
792.1552824087848  53
792.1627842426082  51
792.1702860764314  10
792.1777879102547  67
792.185289744078  88
792.1927915779012  55
792.2002934117245  119
792.2077952455478  66
792.215297079371  69
792.2227989131943  67
792.2303007470176  74
792.2378025808409  27
792.2453044146641  54
792.2528062484874  82
792.2603080823108  68
792.267809916134  59
792.2753117499573  38
792.2828135837806  78
792.2903154176038  23
792.2978172514271  80
792.3053190852504  38
792.3128209190737  76
792.3203227528969  31
792.3278245867202  29
792.3353264205435  56
792.3428282543667  83
792.35033008819  60
792.3578319220134  47
792.3653337558366  7
792.3728355896599  73
792.3803374234832  40
792.3878392573065  100
792.3953410911297  55
792.402842924953  74
792.4103447587763  66
792.4178465925995  68
792.4253484264228  23
792.4328502602461  54
792.4403520940693  41
792.4478539278927  69
792.455355761716  58
792.4628575955393  54
792.4703594293625  79
792.4778612631858  112
792.4853630970091  30
792.4928649308323  42
792.5003667646556  44
792.5078685984789  41
792.5153704323021  165
792.5228722661254  70
792.5303740999487  40
792.537875933772  53
792.5453777675953  15
792.5528796014186  48
792.5603814352419  80
792.5678832690651  40
792.5753851028884  29
792.5828869367117  48
792.5903887705349  57
792.5978906043582  64
792.6053924381815  72
792.6128942720048  30
792.620396105828  39
792.6278979396513  67
792.6353997734747  45
792.6429016072979  48
792.6504034411212  55
792.6579052749445  66
792.6654071087678  77
792.672908942591  68
792.6804107764143  35
792.6879126102376  68
792.6954144440608  56
792.7029162778841  77
792.7104181117074  69
792.7179199455306  96
792.725421779354  102
792.7329236131773  50
792.7404254470006  46
792.7479272808238  71
792.7554291146471  35
792.7629309484704  43
792.7704327822936  47
792.7779346161169  71
792.7854364499402  77
792.7929382837634  91
792.8004401175867  85
792.80794195141  38
792.8154437852334  46
792.8229456190566  42
792.8304474528799  62
792.8379492867032  87
792.8454511205264  51
792.8529529543497  80
792.860454788173  71
792.8679566219962  84
792.8754584558195  104
792.8829602896428  107
792.8904621234661  77
792.8979639572893  91
792.9054657911126  67
792.912967624936  74
792.9204694587592  48
792.9279712925825  36
792.9354731264058  43
792.942974960229  99
792.9504767940523  48
792.9579786278756  28
792.9654804616989  84
792.9729822955221  61
792.9804841293454  68
792.9879859631687  90
792.9954877969919  62
793.0029896308153  99
793.0104914646386  100
793.0179932984618  61
793.0254951322851  69
793.0329969661084  68
793.0404987999317  61
793.0480006337549  73
793.0555024675782  87
793.0630043014015  90
793.0705061352247  133
793.078007969048  115
793.0855098028713  70
793.0930116366945  118
793.1005134705179  41
793.1080153043412  88
793.1155171381645  75
793.1230189719877  55
793.130520805811  39
793.1380226396343  91
793.1455244734575  71
793.1530263072808  111
793.1605281411041  50
793.1680299749273  91
793.1755318087506  93
793.183033642574  119
793.1905354763973  87
793.1980373102205  91
793.2055391440438  84
793.2130409778671  74
793.2205428116903  76
793.2280446455136  150
793.2355464793369  79
793.2430483131601  28
793.2505501469834  72
793.2580519808067  60
793.26555381463  75
793.2730556484532  116
793.2805574822765  75
793.2880593160999  80
793.2955611499231  86
793.3030629837464  83
793.3105648175697  61
793.3180666513929  70
793.3255684852162  60
793.3330703190395  67
793.3405721528628  74
793.348073986686  92
793.3555758205093  41
793.3630776543326  92
793.3705794881558  67
793.3780813219792  102
793.3855831558025  62
793.3930849896257  69
793.400586823449  73
793.4080886572723  61
793.4155904910956  55
793.4230923249188  105
793.4305941587421  61
793.4380959925654  52
793.4455978263886  78
793.4530996602119  83
793.4606014940352  56
793.4681033278584  64
793.4756051616818  56
793.4831069955051  62
793.4906088293284  84
793.4981106631516  88
793.5056124969749  40
793.5131143307982  98
793.5206161646214  82
793.5281179984447  87
793.535619832268  71
793.5431216660912  86
793.5506234999145  68
793.5581253337378  87
793.5656271675612  72
793.5731290013844  86
793.5806308352077  114
793.588132669031  83
793.5956345028542  89
793.6031363366775  116
793.6106381705008  48
793.618140004324  111
793.6256418381473  116
793.6331436719706  111
793.6406455057939  118
793.6481473396171  96
793.6556491734405  122
793.6631510072638  121
793.670652841087  75
793.6781546749103  82
793.6856565087336  87
793.6931583425568  62
793.7006601763801  66
793.7081620102034  107
793.7156638440267  80
793.7231656778499  89
793.7306675116732  132
793.7381693454965  90
793.7456711793197  71
793.753173013143  138
793.7606748469664  107
793.7681766807896  136
793.7756785146129  96
793.7831803484362  137
793.7906821822595  139
793.7981840160827  132
793.805685849906  126
793.8131876837293  93
793.8206895175525  159
793.8281913513758  143
793.8356931851991  127
793.8431950190223  103
793.8506968528457  79
793.858198686669  99
793.8657005204923  62
793.8732023543155  96
793.8807041881388  84
793.8882060219621  105
793.8957078557853  102
793.9032096896086  98
793.9107115234319  102
793.9182133572551  99
793.9257151910784  101
793.9332170249018  77
793.9407188587251  103
793.9482206925483  152
793.9557225263716  147
793.9632243601949  126
793.9707261940181  156
793.9782280278414  174
793.9857298616647  126
793.9932316954879  124
794.0007335293112  105
794.0082353631345  168
794.0157371969578  202
794.023239030781  134
794.0307408646044  117
794.0382426984277  120
794.0457445322509  174
794.0532463660742  133
794.0607481998975  142
794.0682500337207  132
794.075751867544  150
794.0832537013673  166
794.0907555351906  114
794.0982573690138  171
794.1057592028371  190
794.1132610366604  154
794.1207628704836  162
794.128264704307  148
794.1357665381303  164
794.1432683719535  134
794.1507702057768  152
794.1582720396001  158
794.1657738734234  125
794.1732757072466  115
794.1807775410699  188
794.1882793748932  201
794.1957812087164  179
794.2032830425397  212
794.210784876363  176
794.2182867101862  192
794.2257885440096  172
794.2332903778329  184
794.2407922116562  181
794.2482940454794  164
794.2557958793027  196
794.263297713126  234
794.2707995469492  176
794.2783013807725  166
794.2858032145958  149
794.2933050484191  162
794.3008068822423  170
794.3083087160657  147
794.315810549889  168
794.3233123837122  140
794.3308142175355  179
794.3383160513588  291
794.345817885182  176
794.3533197190053  227
794.3608215528286  200
794.3683233866519  251
794.3758252204751  206
794.3833270542984  233
794.3908288881217  187
794.398330721945  201
794.4058325557683  179
794.4133343895916  265
794.4208362234148  217
794.4283380572381  167
794.4358398910614  229
794.4433417248847  153
794.4508435587079  183
794.4583453925312  154
794.4658472263545  169
794.4733490601777  237
794.480850894001  210
794.4883527278243  195
794.4958545616475  171
794.5033563954709  258
794.5108582292942  244
794.5183600631175  221
794.5258618969407  214
794.533363730764  267
794.5408655645873  244
794.5483673984105  172
794.5558692322338  154
794.5633710660571  248
794.5708728998803  204
794.5783747337036  222
794.585876567527  173
794.5933784013503  200
794.6008802351735  248
794.6083820689968  266
794.6158839028201  230
794.6233857366433  230
794.6308875704666  190
794.6383894042899  266
794.6458912381131  233
794.6533930719364  221
794.6608949057597  242
794.668396739583  197
794.6758985734062  286
794.6834004072296  265
794.6909022410529  243
794.6984040748761  217
794.7059059086994  251
794.7134077425227  277
794.7209095763459  319
794.7284114101692  236
794.7359132439925  301
794.7434150778158  302
794.750916911639  267
794.7584187454623  333
794.7659205792856  213
794.7734224131088  226
794.7809242469322  304
794.7884260807555  214
794.7959279145787  216
794.803429748402  252
794.8109315822253  250
794.8184334160486  297
794.8259352498718  259
794.8334370836951  217
794.8409389175184  296
794.8484407513416  255
794.8559425851649  336
794.8634444189883  278
794.8709462528114  355
794.8784480866348  340
794.8859499204581  294
794.8934517542814  307
794.9009535881046  296
794.9084554219279  300
794.9159572557512  284
794.9234590895744  324
794.9309609233977  200
794.938462757221  253
794.9459645910442  282
794.9534664248675  309
794.9609682586909  298
794.9684700925142  248
794.9759719263374  272
794.9834737601607  275
794.990975593984  260
794.9984774278072  325
795.0059792616305  276
795.0134810954538  236
795.020982929277  246
795.0284847631003  269
795.0359865969236  237
795.043488430747  324
795.0509902645701  330
795.0584920983935  259
795.0659939322168  306
795.07349576604  264
795.0809975998633  270
795.0884994336866  242
795.0960012675098  275
795.1035031013331  367
795.1110049351564  270
795.1185067689797  341
795.1260086028029  239
795.1335104366262  296
795.1410122704496  242
795.1485141042727  325
795.1560159380961  376
795.1635177719194  330
795.1710196057426  315
795.1785214395659  340
795.1860232733892  341
795.1935251072125  298
795.2010269410357  330
795.208528774859  361
795.2160306086823  330
795.2235324425055  362
795.2310342763288  316
795.2385361101522  406
795.2460379439754  338
795.2535397777987  339
795.261041611622  323
795.2685434454453  341
795.2760452792685  387
795.2835471130918  303
795.2910489469151  280
795.2985507807383  452
795.3060526145616  381
795.3135544483849  331
795.3210562822081  360
795.3285581160314  448
795.3360599498548  388
795.3435617836781  432
795.3510636175013  474
795.3585654513246  410
795.3660672851479  395
795.3735691189711  326
795.3810709527944  327
795.3885727866177  364
795.3960746204409  334
795.4035764542642  395
795.4110782880875  415
795.4185801219108  281
795.426081955734  333
795.4335837895574  351
795.4410856233807  378
795.4485874572039  487
795.4560892910272  445
795.4635911248505  318
795.4710929586737  382
795.478594792497  361
795.4860966263203  392
795.4935984601436  442
795.5011002939668  380
795.5086021277901  356
795.5161039616135  400
795.5236057954367  390
795.53110762926  453
795.5386094630833  345
795.5461112969065  406
795.5536131307298  384
795.5611149645531  400
795.5686167983764  441
795.5761186321996  446
795.5836204660229  415
795.5911222998462  359
795.5986241336694  428
795.6061259674927  422
795.613627801316  408
795.6211296351393  419
795.6286314689626  431
795.6361333027859  411
795.6436351366092  423
795.6511369704324  406
795.6586388042557  414
795.666140638079  446
795.6736424719022  418
795.6811443057255  388
795.6886461395488  374
795.696147973372  427
795.7036498071953  405
795.7111516410187  479
795.718653474842  374
795.7261553086652  445
795.7336571424885  428
795.7411589763118  354
795.748660810135  438
795.7561626439583  472
795.7636644777816  450
795.7711663116048  441
795.7786681454281  435
795.7861699792514  407
795.7936718130748  444
795.801173646898  368
795.8086754807213  380
795.8161773145446  381
795.8236791483678  368
795.8311809821911  488
795.8386828160144  483
795.8461846498376  404
795.8536864836609  423
795.8611883174842  454
795.8686901513075  383
795.8761919851307  420
795.883693818954  447
795.8911956527774  435
795.8986974866006  429
795.9061993204239  368
795.9137011542472  443
795.9212029880705  419
795.9287048218937  406
795.936206655717  428
795.9437084895403  467
795.9512103233635  457
795.9587121571868  428
795.9662139910101  362
795.9737158248333  455
795.9812176586566  419
795.98871949248  374
795.9962213263032  429
796.0037231601265  475
796.0112249939498  459
796.0187268277731  416
796.0262286615963  383
796.0337304954196  352
796.0412323292429  372
796.0487341630661  416
796.0562359968894  423
796.0637378307127  404
796.071239664536  424
796.0787414983592  418
796.0862433321826  428
796.0937451660059  475
796.1012469998291  474
796.1087488336524  459
796.1162506674757  446
796.1237525012989  432
796.1312543351222  382
796.1387561689455  350
796.1462580027688  404
796.153759836592  477
796.1612616704153  429
796.1687635042387  375
796.1762653380619  364
796.1837671718852  422
796.1912690057085  339
796.1987708395317  446
796.206272673355  504
796.2137745071783  482
796.2212763410016  437
796.2287781748248  464
796.2362800086481  408
796.2437818424714  387
796.2512836762946  436
796.258785510118  471
796.2662873439413  493
796.2737891777645  448
796.2812910115878  480
796.2887928454111  352
796.2962946792344  533
796.3037965130576  444
796.3112983468809  461
796.3188001807042  515
796.3263020145274  456
796.3338038483507  488
796.341305682174  436
796.3488075159972  523
796.3563093498205  522
796.3638111836439  486
796.3713130174672  435
796.3788148512904  488
796.3863166851137  491
796.393818518937  470
796.4013203527602  477
796.4088221865835  478
796.4163240204068  451
796.42382585423  479
796.4313276880533  511
796.4388295218766  486
796.4463313557  473
796.4538331895232  554
796.4613350233465  445
796.4688368571698  538
796.476338690993  583
796.4838405248163  480
796.4913423586396  536
796.4988441924628  471
796.5063460262861  511
796.5138478601094  564
796.5213496939327  598
796.5288515277559  599
796.5363533615792  558
796.5438551954026  488
796.5513570292258  556
796.5588588630491  540
796.5663606968724  592
796.5738625306956  606
796.5813643645189  507
796.5888661983422  502
796.5963680321655  531
796.6038698659887  511
796.611371699812  476
796.6188735336353  558
796.6263753674585  501
796.6338772012818  588
796.6413790351052  578
796.6488808689284  556
796.6563827027517  559
796.663884536575  527
796.6713863703983  507
796.6788882042215  562
796.6863900380448  606
796.6938918718681  533
796.7013937056913  541
796.7088955395146  566
796.7163973733379  571
796.7238992071611  522
796.7314010409845  533
796.7389028748078  519
796.7464047086311  604
796.7539065424543  571
796.7614083762776  530
796.7689102101009  576
796.7764120439241  592
796.7839138777474  612
796.7914157115707  516
796.7989175453939  544
796.8064193792172  576
796.8139212130405  538
796.8214230468639  585
796.828924880687  520
796.8364267145104  581
796.8439285483337  562
796.8514303821569  602
796.8589322159802  512
796.8664340498035  587
796.8739358836267  546
796.88143771745  474
796.8889395512733  643
796.8964413850966  538
796.9039432189198  527
796.9114450527431  504
796.9189468865665  588
796.9264487203897  552
796.933950554213  559
796.9414523880363  556
796.9489542218595  558
796.9564560556828  518
796.9639578895061  536
796.9714597233294  531
796.9789615571526  538
796.9864633909759  552
796.9939652247992  554
797.0014670586224  594
797.0089688924458  582
797.0164707262691  514
797.0239725600923  518
797.0314743939156  511
797.0389762277389  559
797.0464780615622  506
797.0539798953854  528
797.0614817292087  611
797.068983563032  503
797.0764853968552  490
797.0839872306785  579
797.0914890645018  504
797.098990898325  507
797.1064927321484  544
797.1139945659717  543
797.121496399795  472
797.1289982336182  515
797.1365000674415  476
797.1440019012648  531
797.151503735088  484
797.1590055689113  467
797.1665074027346  415
797.1740092365578  550
797.1815110703811  525
797.1890129042044  559
797.1965147380278  471
797.204016571851  443
797.2115184056743  503
797.2190202394976  485
797.2265220733208  527
797.2340239071441  524
797.2415257409674  425
797.2490275747906  492
797.2565294086139  474
797.2640312424372  565
797.2715330762605  511
797.2790349100837  517
797.286536743907  512
797.2940385777304  550
797.3015404115536  517
797.3090422453769  514
797.3165440792002  441
797.3240459130234  508
797.3315477468467  551
797.33904958067  489
797.3465514144933  479
797.3540532483165  452
797.3615550821398  455
797.3690569159631  508
797.3765587497863  478
797.3840605836097  488
797.391562417433  462
797.3990642512562  440
797.4065660850795  438
797.4140679189028  573
797.4215697527261  507
797.4290715865493  451
797.4365734203726  443
797.4440752541959  524
797.4515770880191  501
797.4590789218424  486
797.4665807556657  515
797.474082589489  492
797.4815844233123  475
797.4890862571356  483
797.4965880909589  516
797.5040899247821  536
797.5115917586054  488
797.5190935924287  466
797.5265954262519  516
797.5340972600752  572
797.5415990938985  490
797.5491009277217  534
797.556602761545  470
797.5641045953683  505
797.5716064291917  453
797.5791082630149  476
797.5866100968382  444
797.5941119306615  571
797.6016137644847  430
797.609115598308  504
797.6166174321313  476
797.6241192659545  498
797.6316210997778  446
797.6391229336011  570
797.6466247674244  420
797.6541266012476  519
797.661628435071  471
797.6691302688943  467
797.6766321027175  506
797.6841339365408  461
797.6916357703641  412
797.6991376041874  540
797.7066394380106  552
797.7141412718339  487
797.7216431056572  527
797.7291449394804  500
797.7366467733037  533
797.744148607127  584
797.7516504409502  362
797.7591522747736  491
797.7666541085969  346
797.7741559424202  471
797.7816577762434  605
797.7891596100667  532
797.79666144389  397
797.8041632777132  550
797.8116651115365  405
797.8191669453598  581
797.826668779183  516
797.8341706130063  525
797.8416724468296  480
797.849174280653  520
797.8566761144762  528
797.8641779482995  567
797.8716797821228  501
797.879181615946  539
797.8866834497693  539
797.8941852835926  517
797.9016871174158  482
797.9091889512391  574
797.9166907850624  522
797.9241926188857  590
797.9316944527089  498
797.9391962865323  467
797.9466981203556  540
797.9541999541788  495
797.9617017880021  448
797.9692036218254  475
797.9767054556486  516
797.9842072894719  528
797.9917091232952  483
797.9992109571185  539
798.0067127909417  544
798.014214624765  526
798.0217164585883  508
798.0292182924115  570
798.0367201262349  543
798.0442219600582  498
798.0517237938814  575
798.0592256277047  484
798.066727461528  564
798.0742292953513  571
798.0817311291745  635
798.0892329629978  492
798.0967347968211  487
798.1042366306443  551
798.1117384644676  538
798.119240298291  538
798.1267421321141  501
798.1342439659375  596
798.1417457997608  471
798.1492476335841  538
798.1567494674073  526
798.1642513012306  541
798.1717531350539  564
798.1792549688771  550
798.1867568027004  473
798.1942586365237  543
798.2017604703469  510
798.2092623041702  511
798.2167641379936  517
798.2242659718169  518
798.2317678056401  553
798.2392696394634  567
798.2467714732867  519
798.2542733071099  514
798.2617751409332  581
798.2692769747565  534
798.2767788085797  477
798.284280642403  538
798.2917824762263  471
798.2992843100496  541
798.3067861438728  522
798.3142879776962  514
798.3217898115195  483
798.3292916453427  661
798.336793479166  548
798.3442953129893  502
798.3517971468125  483
798.3592989806358  446
798.3668008144591  530
798.3743026482824  459
798.3818044821056  536
798.3893063159289  476
798.3968081497522  502
798.4043099835754  495
798.4118118173988  485
798.4193136512221  486
798.4268154850453  480
798.4343173188686  506
798.4418191526919  530
798.4493209865152  547
798.4568228203384  462
798.4643246541617  549
798.471826487985  592
798.4793283218082  467
798.4868301556315  494
798.4943319894548  485
798.501833823278  517
798.5093356571014  511
798.5168374909247  563
798.524339324748  408
798.5318411585712  486
798.5393429923945  485
798.5468448262178  459
798.554346660041  488
798.5618484938643  427
798.5693503276876  461
798.5768521615108  456
798.5843539953341  523
798.5918558291575  512
798.5993576629808  487
798.606859496804  413
798.6143613306273  487
798.6218631644506  511
798.6293649982738  477
798.6368668320971  525
798.6443686659204  464
798.6518704997436  550
798.6593723335669  483
798.6668741673902  476
798.6743760012135  461
798.6818778350367  501
798.68937966886  505
798.6968815026834  484
798.7043833365066  509
798.7118851703299  534
798.7193870041532  521
798.7268888379764  506
798.7343906717997  444
798.741892505623  546
798.7493943394463  477
798.7568961732695  437
798.7643980070928  493
798.7718998409161  467
798.7794016747393  505
798.7869035085627  430
798.794405342386  440
798.8019071762092  447
798.8094090100325  521
798.8169108438558  536
798.8244126776791  526
798.8319145115023  552
798.8394163453256  512
798.8469181791489  468
798.8544200129721  528
798.8619218467954  452
798.8694236806188  514
798.876925514442  546
798.8844273482653  461
798.8919291820886  556
798.8994310159119  495
798.9069328497351  474
798.9144346835584  487
798.9219365173817  447
798.9294383512049  538
798.9369401850282  478
798.9444420188515  499
798.9519438526747  517
798.959445686498  469
798.9669475203214  446
798.9744493541447  491
798.9819511879679  482
798.9894530217912  436
798.9969548556145  470
799.0044566894377  489
799.011958523261  542
799.0194603570843  470
799.0269621909075  361
799.0344640247308  483
799.0419658585541  454
799.0494676923774  450
799.0569695262006  458
799.064471360024  560
799.0719731938473  394
799.0794750276705  488
799.0869768614938  413
799.0944786953171  488
799.1019805291403  474
799.1094823629636  518
799.1169841967869  454
799.1244860306102  496
799.1319878644334  452
799.1394896982567  534
799.14699153208  499
799.1544933659032  538
799.1619951997266  450
799.1694970335499  473
799.1769988673732  479
799.1845007011964  477
799.1920025350197  485
799.199504368843  508
799.2070062026662  443
799.2145080364895  495
799.2220098703128  384
799.229511704136  473
799.2370135379593  493
799.2445153717827  483
799.2520172056059  442
799.2595190394292  445
799.2670208732525  428
799.2745227070758  411
799.282024540899  406
799.2895263747223  421
799.2970282085456  358
799.3045300423688  490
799.3120318761921  517
799.3195337100154  471
799.3270355438387  470
799.334537377662  493
799.3420392114853  416
799.3495410453086  527
799.3570428791318  440
799.3645447129551  396
799.3720465467784  472
799.3795483806016  432
799.3870502144249  430
799.3945520482482  447
799.4020538820714  374
799.4095557158947  437
799.417057549718  380
799.4245593835414  421
799.4320612173645  432
799.4395630511879  469
799.4470648850112  372
799.4545667188344  428
799.4620685526577  382
799.469570386481  424
799.4770722203043  359
799.4845740541275  482
799.4920758879508  439
799.4995777217741  444
799.5070795555973  475
799.5145813894206  494
799.522083223244  431
799.5295850570672  436
799.5370868908905  431
799.5445887247138  429
799.5520905585371  437
799.5595923923603  444
799.5670942261836  393
799.5745960600069  483
799.5820978938301  403
799.5895997276534  338
799.5971015614767  405
799.6046033952999  430
799.6121052291232  350
799.6196070629466  390
799.6271088967699  370
799.6346107305931  403
799.6421125644164  397
799.6496143982397  377
799.6571162320629  336
799.6646180658862  334
799.6721198997095  351
799.6796217335327  380
799.687123567356  380
799.6946254011793  391
799.7021272350026  342
799.7096290688258  402
799.7171309026492  364
799.7246327364725  363
799.7321345702957  379
799.739636404119  389
799.7471382379423  387
799.7546400717655  453
799.7621419055888  335
799.7696437394121  312
799.7771455732354  265
799.7846474070586  425
799.7921492408819  374
799.7996510747053  397
799.8071529085285  372
799.8146547423518  335
799.8221565761751  316
799.8296584099983  307
799.8371602438216  335
799.8446620776449  389
799.8521639114682  375
799.8596657452914  358
799.8671675791147  366
799.874669412938  347
799.8821712467612  358
799.8896730805845  282
799.8971749144079  307
799.904676748231  331
799.9121785820544  297
799.9196804158777  304
799.927182249701  332
799.9346840835242  278
799.9421859173475  318
799.9496877511708  270
799.957189584994  323
799.9646914188173  290
799.9721932526406  224
799.9796950864638  334
799.9871969202871  320
799.9946987541105  326
800.0022005879338  301
800.009702421757  276
800.0172042555803  219
800.0247060894036  349
800.0322079232268  330
800.0397097570501  303
800.0472115908734  330
800.0547134246966  329
800.0622152585199  267
800.0697170923432  320
800.0772189261666  322
800.0847207599898  283
800.0922225938131  261
800.0997244276364  275
800.1072262614596  236
800.1147280952829  319
800.1222299291062  230
800.1297317629294  278
800.1372335967527  218
800.144735430576  338
800.1522372643993  279
800.1597390982225  272
800.1672409320458  306
800.1747427658692  250
800.1822445996924  254
800.1897464335157  235
800.197248267339  270
800.2047501011622  214
800.2122519349855  295
800.2197537688088  279
800.2272556026321  217
800.2347574364553  249
800.2422592702786  259
800.2497611041019  318
800.2572629379251  232
800.2647647717484  283
800.2722666055718  255
800.279768439395  231
800.2872702732183  199
800.2947721070416  227
800.3022739408649  254
800.3097757746881  287
800.3172776085114  250
800.3247794423347  218
800.3322812761579  236
800.3397831099812  215
800.3472849438045  181
800.3547867776277  247
800.362288611451  259
800.3697904452744  261
800.3772922790977  202
800.3847941129209  280
800.3922959467442  218
800.3997977805675  243
800.4072996143907  223
800.414801448214  190
800.4223032820373  235
800.4298051158605  239
800.4373069496838  199
800.4448087835071  251
800.4523106173305  237
800.4598124511537  171
800.467314284977  179
800.4748161188003  282
800.4823179526235  213
800.4898197864468  188
800.4973216202701  226
800.5048234540933  169
800.5123252879166  197
800.5198271217399  244
800.5273289555632  253
800.5348307893864  215
800.5423326232097  183
800.5498344570331  189
800.5573362908563  206
800.5648381246796  206
800.5723399585029  206
800.5798417923261  213
800.5873436261494  179
800.5948454599727  197
800.602347293796  184
800.6098491276192  207
800.6173509614425  147
800.6248527952658  164
800.632354629089  201
800.6398564629123  187
800.6473582967357  187
800.6548601305589  219
800.6623619643822  178
800.6698637982055  212
800.6773656320288  169
800.684867465852  207
800.6923692996753  197
800.6998711334986  197
800.7073729673218  140
800.7148748011451  174
800.7223766349684  188
800.7298784687916  179
800.737380302615  219
800.7448821364383  163
800.7523839702616  185
800.7598858040848  137
800.7673876379081  181
800.7748894717314  164
800.7823913055546  163
800.7898931393779  172
800.7973949732012  148
800.8048968070244  142
800.8123986408477  148
800.819900474671  155
800.8274023084944  176
800.8349041423176  152
800.8424059761409  174
800.8499078099642  79
800.8574096437874  179
800.8649114776107  148
800.872413311434  132
800.8799151452572  157
800.8874169790805  150
800.8949188129038  149
800.9024206467271  198
800.9099224805503  157
800.9174243143736  159
800.924926148197  135
800.9324279820202  141
800.9399298158435  109
800.9474316496668  178
800.9549334834901  139
800.9624353173133  172
800.9699371511366  166
800.9774389849599  127
800.9849408187831  148
800.9924426526064  127
800.9999444864297  107
801.0074463202529  153
801.0149481540763  126
801.0224499878996  138
801.0299518217228  114
801.0374536555461  170
801.0449554893694  142
801.0524573231927  130
801.0599591570159  143
801.0674609908392  108
801.0749628246625  135
801.0824646584857  162
801.089966492309  135
801.0974683261323  96
801.1049701599557  141
801.1124719937789  123
801.1199738276022  76
801.1274756614255  131
801.1349774952487  151
801.142479329072  89
801.1499811628953  123
801.1574829967185  119
801.1649848305418  139
801.1724866643651  77
801.1799884981884  118
801.1874903320116  95
801.194992165835  153
801.2024939996583  114
801.2099958334815  99
801.2174976673048  100
801.2249995011281  59
801.2325013349513  94
801.2400031687746  134
801.2475050025979  63
801.2550068364212  156
801.2625086702444  144
801.2700105040677  120
801.277512337891  70
801.2850141717142  76
801.2925160055375  100
801.3000178393609  112
801.3075196731841  100
801.3150215070074  114
801.3225233408307  109
801.330025174654  123
801.3375270084772  122
801.3450288423005  114
801.3525306761238  6
801.360032509947  20
801.3675343437703  61
801.3750361775936  92
801.3825380114168  106
801.3900398452402  89
801.3975416790635  125
801.4050435128868  143
801.41254534671  55
801.4200471805333  48
801.4275490143566  30
801.4350508481798  99
801.4425526820031  104
801.4500545158264  72
801.4575563496496  103
801.4650581834729  56
801.4725600172962  59
801.4800618511196  69
801.4875636849428  108
801.4950655187661  80
801.5025673525894  89
801.5100691864126  89
801.5175710202359  105
801.5250728540592  64
801.5325746878824  80
801.5400765217057  55
801.547578355529  116
801.5550801893523  123
801.5625820231755  63
801.5700838569988  89
801.5775856908222  71
801.5850875246454  116
801.5925893584687  77
801.600091192292  67
801.6075930261152  96
801.6150948599385  133
801.6225966937618  58
801.6300985275851  85
801.6376003614083  69
801.6451021952316  71
801.6526040290549  69
801.6601058628781  92
801.6676076967015  61
801.6751095305248  63
801.682611364348  51
801.6901131981713  69
801.6976150319946  34
801.7051168658179  77
801.7126186996411  44
801.7201205334644  39
801.7276223672877  69
801.7351242011109  122
801.7426260349342  12
801.7501278687575  102
801.7576297025807  46
801.765131536404  70
801.7726333702274  34
801.7801352040507  95
801.7876370378739  75
801.7951388716972  72
801.8026407055205  11
801.8101425393437  87
801.817644373167  67
801.8251462069903  68
801.8326480408135  45
801.8401498746368  48
801.8476517084601  61
801.8551535422835  18
801.8626553761067  54
801.87015720993  50
801.8776590437533  89
801.8851608775765  42
801.8926627113998  41
801.9001645452231  110
801.9076663790463  70
801.9151682128696  54
801.9226700466929  73
801.9301718805162  64
801.9376737143394  40
801.9451755481628  -5
801.9526773819861  54
801.9601792158093  35
801.9676810496326  13
801.9751828834559  66
801.9826847172791  71
801.9901865511024  46
801.9976883849257  92
802.005190218749  70
802.0126920525722  40
802.0201938863955  31
802.0276957202188  108
802.035197554042  105
802.0426993878654  58
802.0502012216887  31
802.0577030555119  83
802.0652048893352  64
802.0727067231585  74
802.0802085569818  32
802.087710390805  48
802.0952122246283  52
802.1027140584516  41
802.1102158922748  37
802.1177177260981  32
802.1252195599214  83
802.1327213937446  58
802.140223227568  31
802.1477250613913  99
802.1552268952146  44
802.1627287290378  41
802.1702305628611  55
802.1777323966844  66
802.1852342305076  83
802.1927360643309  50
802.2002378981542  46
802.2077397319774  55
802.2152415658007  8
802.222743399624  46
802.2302452334474  60
802.2377470672706  34
802.2452489010939  76
802.2527507349172  30
802.2602525687404  20
802.2677544025637  70
802.275256236387  36
802.2827580702102  5
802.2902599040335  80
802.2977617378568  47
802.3052635716801  75
802.3127654055033  40
802.3202672393267  28
802.32776907315  31
802.3352709069732  82
802.3427727407965  50
802.3502745746198  16
802.357776408443  47
802.3652782422663  37
802.3727800760896  58
802.3802819099129  38
802.3877837437361  -2
802.3952855775594  71
802.4027874113827  43
802.410289245206  8
802.4177910790293  37
802.4252929128526  31
802.4327947466758  48
802.4402965804991  18
802.4477984143224  21
802.4553002481457  38
802.4628020819689  46
802.4703039157922  38
802.4778057496155  53
802.4853075834387  44
802.492809417262  54
802.5003112510853  66
802.5078130849085  36
802.5153149187319  27
802.5228167525552  47
802.5303185863785  52
802.5378204202017  10
802.545322254025  52
802.5528240878483  43
802.5603259216715  5
802.5678277554948  51
802.5753295893181  70
802.5828314231414  79
802.5903332569646  59
802.597835090788  38
802.6053369246113  56
802.6128387584345  7
802.6203405922578  31
802.6278424260811  69
802.6353442599043  43
802.6428460937276  21
802.6503479275509  26
802.6578497613741  37
802.6653515951974  45
802.6728534290207  31
802.680355262844  48
802.6878570966672  21
802.6953589304906  26
802.7028607643139  32
802.7103625981371  32
802.7178644319604  16
802.7253662657837  25
802.732868099607  21
802.7403699334302  45
802.7478717672535  55
802.7553736010768  37
802.7628754349  22
802.7703772687233  34
802.7778791025466  42
802.7853809363698  30
802.7928827701932  22
802.8003846040165  59
802.8078864378398  18
802.815388271663  46
802.8228901054863  -6
802.8303919393096  37
802.8378937731328  14
802.8453956069561  13
802.8528974407794  23
802.8603992746026  34
802.8679011084259  48
802.8754029422493  34
802.8829047760726  15
802.8904066098958  30
802.8979084437191  24
802.9054102775424  -12
802.9129121113656  46
802.9204139451889  35
802.9279157790122  29
802.9354176128354  24
802.9429194466587  42
802.950421280482  56
802.9579231143053  64
802.9654249481285  -5
802.9729267819519  24
802.9804286157752  15
802.9879304495984  25
802.9954322834217  50
803.002934117245  16
803.0104359510682  34
803.0179377848915  -17
803.0254396187148  56
803.0329414525381  0
803.0404432863613  48
803.0479451201846  34
803.055446954008  39
803.0629487878311  8
803.0704506216545  15
803.0779524554778  2
803.085454289301  11
803.0929561231243  8
803.1004579569476  54
803.1079597907709  44
803.1154616245941  18
803.1229634584174  12
803.1304652922407  26
803.1379671260639  16
803.1454689598872  57
803.1529707937106  -14
803.1604726275337  44
803.1679744613571  73
803.1754762951804  75
803.1829781290037  23
803.1904799628269  41
803.1979817966502  13
803.2054836304735  41
803.2129854642967  56
803.22048729812  -8
803.2279891319433  0
803.2354909657665  22
803.2429927995898  4
803.2504946334132  24
803.2579964672365  -1
803.2654983010597  -3
803.273000134883  21
803.2805019687063  41
803.2880038025295  35
803.2955056363528  32
803.3030074701761  36
803.3105093039993  25
803.3180111378226  55
803.3255129716459  8
803.3330148054692  59
803.3405166392924  38
803.3480184731158  35
803.3555203069391  12
803.3630221407623  39
803.3705239745856  12
803.3780258084089  -12
803.3855276422321  24
803.3930294760554  -12
803.4005313098787  46
803.408033143702  20
803.4155349775252  15
803.4230368113485  21
803.4305386451719  15
803.438040478995  51
803.4455423128184  11
803.4530441466417  22
803.4605459804649  30
803.4680478142882  43
803.4755496481115  30
803.4830514819348  43
803.490553315758  64
803.4980551495813  35
803.5055569834046  10
803.5130588172278  21
803.5205606510511  58
803.5280624848745  26
803.5355643186977  22
803.543066152521  11
803.5505679863443  28
803.5580698201676  12
803.5655716539908  26
803.5730734878141  13
803.5805753216374  50
803.5880771554606  19
803.5955789892839  36
803.6030808231072  18
803.6105826569304  -10
803.6180844907537  26
803.6255863245771  32
803.6330881584004  16
803.6405899922236  31
803.6480918260469  35
803.6555936598702  5
803.6630954936934  -4
803.6705973275167  41
803.67809916134  25
803.6856009951632  36
803.6931028289865  40
803.7006046628098  16
803.7081064966331  15
803.7156083304563  57
803.7231101642797  40
803.730611998103  26
803.7381138319262  16
803.7456156657495  22
803.7531174995728  20
803.760619333396  26
803.7681211672193  35
803.7756230010426  -4
803.7831248348659  -11
803.7906266686891  25
803.7981285025124  52
803.8056303363358  46
803.813132170159  42
803.8206340039823  53
803.8281358378056  77
803.8356376716288  51
803.8431395054521  26
803.8506413392754  23
803.8581431730987  18
803.8656450069219  55
803.8731468407452  27
803.8806486745685  63
803.8881505083917  10
803.895652342215  -8
803.9031541760384  53
803.9106560098616  18
803.9181578436849  32
803.9256596775082  59
803.9331615113315  26
803.9406633451547  85
803.948165178978  5
803.9556670128013  23
803.9631688466245  -27
803.9706706804478  48
803.9781725142711  54
803.9856743480943  0
803.9931761819176  3
804.000678015741  30
804.0081798495643  16
804.0156816833875  26
804.0231835172108  18
804.0306853510341  15
804.0381871848573  3
804.0456890186806  18
804.0531908525039  -2
804.0606926863271  19
804.0681945201504  45
804.0756963539737  39
804.083198187797  28
804.0907000216203  -13
804.0982018554436  10
804.1057036892669  24
804.1132055230901  2
804.1207073569134  42
804.1282091907367  -45
804.1357110245599  -1
804.1432128583832  36
804.1507146922065  29
804.1582165260298  -8
804.165718359853  20
804.1732201936763  59
804.1807220274997  12
804.1882238613229  7
804.1957256951462  16
804.2032275289695  -9
804.2107293627928  2
804.218231196616  26
804.2257330304393  40
804.2332348642626  8
804.2407366980858  19
804.2482385319091  28
804.2557403657324  41
804.2632421995556  -11
804.270744033379  41
804.2782458672023  53
804.2857477010255  13
804.2932495348488  18
804.3007513686721  14
804.3082532024954  -4
804.3157550363186  -5
804.3232568701419  -6
804.3307587039652  58
804.3382605377884  16
804.3457623716117  31
804.353264205435  19
804.3607660392584  18
804.3682678730815  25
804.3757697069049  -11
804.3832715407282  -17
804.3907733745514  21
804.3982752083747  23
804.405777042198  38
804.4132788760212  -28
804.4207807098445  42
804.4282825436678  42
804.4357843774911  4
804.4432862113143  2
804.4507880451376  22
804.458289878961  44
804.4657917127842  21
804.4732935466075  3
804.4807953804308  -3
804.488297214254  50
804.4957990480773  39
804.5033008819006  37
804.5108027157239  5
804.5183045495471  7
804.5258063833704  18
804.5333082171937  20
804.5408100510169  -4
804.5483118848402  10
804.5558137186636  16
804.5633155524868  55
804.5708173863101  9
804.5783192201334  23
804.5858210539567  19
804.5933228877799  9
804.6008247216032  11
804.6083265554265  -2
804.6158283892497  11
804.623330223073  -12
804.6308320568963  6
804.6383338907195  13
804.6458357245428  26
804.6533375583662  39
804.6608393921895  46
804.6683412260127  12
804.675843059836  13
804.6833448936593  19
804.6908467274825  25
804.6983485613058  23
804.7058503951291  21
804.7133522289523  -12
804.7208540627756  34
804.7283558965989  28
804.7358577304223  35
804.7433595642455  -11
804.7508613980688  15
804.7583632318921  41
804.7658650657153  8
804.7733668995386  22
804.7808687333619  10
804.7883705671851  5
804.7958724010084  -21
804.8033742348317  29
804.810876068655  21
804.8183779024782  6
804.8258797363015  11
804.8333815701249  9
804.840883403948  22
804.8483852377714  3
804.8558870715947  14
804.8633889054179  3
804.8708907392412  20
804.8783925730645  29
804.8858944068878  9
804.893396240711  -11
804.9008980745343  28
804.9083999083576  11
804.9159017421808  -10
804.9234035760041  15
804.9309054098275  7
804.9384072436507  26
804.945909077474  19
804.9534109112973  -28
804.9609127451206  41
804.9684145789438  24
804.9759164127671  29
804.9834182465904  -9
804.9909200804136  -13
804.9984219142369  -3
805.0059237480602  22
805.0134255818834  -13
805.0209274157068  22
805.0284292495301  12
805.0359310833534  7
805.0434329171766  -8
805.0509347509999  -6
805.0584365848232  -1
805.0659384186464  -10
805.0734402524697  20
805.080942086293  9
805.0884439201162  12
805.0959457539395  13
805.1034475877628  -5
805.1109494215862  3
805.1184512554094  -20
805.1259530892327  29
805.133454923056  14
805.1409567568792  -2
805.1484585907025  14
805.1559604245258  11
805.163462258349  -6
805.1709640921723  16
805.1784659259956  35
805.1859677598189  22
805.1934695936421  23
805.2009714274654  -1
805.2084732612888  13
805.215975095112  32
805.2234769289353  14
805.2309787627586  20
