# x-label = Wavelength [nm]
# y-label = Intensity
776.7465157357716  -5
776.7540175695949  21
776.7615194034182  10
776.7690212372414  -20
776.7765230710647  62
776.784024904888  -11
776.7915267387112  -42
776.7990285725346  2
776.8065304063579  -20
776.8140322401811  10
776.8215340740044  13
776.8290359078277  -9
776.836537741651  22
776.8440395754742  -3
776.8515414092975  -6
776.8590432431208  15
776.866545076944  -17
776.8740469107673  -13
776.8815487445906  -12
776.8890505784138  1
776.8965524122372  6
776.9040542460605  -7
776.9115560798838  23
776.919057913707  -2
776.9265597475303  -17
776.9340615813536  -1
776.9415634151768  -24
776.9490652490001  -9
776.9565670828234  -22
776.9640689166466  -20
776.9715707504699  -1
776.9790725842932  9
776.9865744181166  -3
776.9940762519398  -13
777.0015780857631  -10
777.0090799195864  9
777.0165817534096  -9
777.0240835872329  9
777.0315854210562  -10
777.0390872548794  1
777.0465890887027  18
777.054090922526  31
777.0615927563493  -11
777.0690945901725  -23
777.0765964239959  12
777.0840982578192  11
777.0916000916424  12
777.0991019254657  -9
777.106603759289  -30
777.1141055931122  4
777.1216074269355  10
777.1291092607588  -7
777.1366110945821  25
777.1441129284053  -2
777.1516147622286  23
777.159116596052  -24
777.1666184298751  7
777.1741202636985  19
777.1816220975218  22
777.189123931345  -5
777.1966257651683  22
777.2041275989916  -9
777.2116294328149  63
777.2191312666381  -27
777.2266331004614  10
777.2341349342847  3
777.2416367681079  20
777.2491386019312  -12
777.2566404357545  17
777.2641422695777  10
777.2716441034011  8
777.2791459372244  6
777.2866477710477  -14
777.2941496048709  10
777.3016514386942  34
777.3091532725175  15
777.3166551063407  27
777.324156940164  41
777.3316587739873  18
777.3391606078105  -17
777.3466624416338  8
777.3541642754572  28
777.3616661092805  41
777.3691679431037  23
777.376669776927  -17
777.3841716107503  40
777.3916734445735  -2
777.3991752783968  -2
777.4066771122201  20
777.4141789460433  26
777.4216807798666  3
777.4291826136899  -21
777.4366844475132  10
777.4441862813364  2
777.4516881151598  30
777.4591899489831  -3
777.4666917828063  7
777.4741936166296  2
777.4816954504529  2
777.4891972842761  -3
777.4966991180994  -20
777.5042009519227  13
777.511702785746  13
777.5192046195692  19
777.5267064533925  -12
777.5342082872158  1
777.541710121039  -8
777.5492119548624  8
777.5567137886857  6
777.5642156225089  -20
777.5717174563322  -6
777.5792192901555  -8
777.5867211239788  -9
777.594222957802  24
777.6017247916253  -25
777.6092266254486  20
777.6167284592718  -8
777.6242302930951  7
777.6317321269185  4
777.6392339607416  -21
777.646735794565  5
777.6542376283883  35
777.6617394622116  -2
777.6692412960348  31
777.6767431298581  -9
777.6842449636814  -23
777.6917467975046  15
777.6992486313279  -15
777.7067504651512  -3
777.7142522989745  3
777.7217541327977  -7
777.729255966621  -11
777.7367578004444  -30
777.7442596342676  34
777.7517614680909  -7
777.7592633019142  -23
777.7667651357374  31
777.7742669695607  -10
777.781768803384  38
777.7892706372072  -15
777.7967724710305  -5
777.8042743048538  -1
777.8117761386771  41
777.8192779725003  38
777.8267798063237  -5
777.834281640147  -1
777.8417834739702  27
777.8492853077935  21
777.8567871416168  -36
777.8642889754401  19
777.8717908092633  -22
777.8792926430866  9
777.8867944769099  -12
777.8942963107331  -8
777.9017981445564  4
777.9092999783797  22
777.916801812203  40
777.9243036460263  -2
777.9318054798496  -5
777.9393073136729  3
777.9468091474961  21
777.9543109813194  8
777.9618128151427  -13
777.9693146489659  19
777.9768164827892  5
777.9843183166125  -14
777.9918201504357  3
777.999321984259  -30
778.0068238180824  -2
778.0143256519057  -25
778.0218274857289  35
778.0293293195522  -2
778.0368311533755  -18
778.0443329871987  -3
778.051834821022  29
778.0593366548453  8
778.0668384886685  7
778.0743403224918  -4
778.0818421563151  18
778.0893439901384  -14
778.0968458239616  -1
778.104347657785  -14
778.1118494916083  11
778.1193513254315  -4
778.1268531592548  8
778.1343549930781  6
778.1418568269013  -23
778.1493586607246  33
778.1568604945479  14
778.1643623283712  7
778.1718641621944  36
778.1793659960177  -12
778.186867829841  9
778.1943696636642  8
778.2018714974876  26
778.2093733313109  -13
778.2168751651341  4
778.2243769989574  42
778.2318788327807  24
778.239380666604  23
778.2468825004272  -8
778.2543843342505  -11
778.2618861680738  -2
778.269388001897  19
778.2768898357203  19
778.2843916695437  4
778.2918935033669  -17
778.2993953371902  -29
778.3068971710135  -10
778.3143990048368  11
778.32190083866  17
778.3294026724833  11
778.3369045063066  6
778.3444063401298  40
778.3519081739531  6
778.3594100077764  -5
778.3669118415996  2
778.3744136754229  21
778.3819155092463  -8
778.3894173430696  -22
778.3969191768928  -8
778.4044210107161  24
778.4119228445394  22
778.4194246783626  -1
778.4269265121859  -22
778.4344283460092  -21
778.4419301798324  9
778.4494320136557  -8
778.456933847479  -13
778.4644356813023  -15
778.4719375151255  18
778.4794393489489  30
778.4869411827722  -13
778.4944430165954  -9
778.5019448504187  15
778.509446684242  13
778.5169485180652  69
778.5244503518885  -6
778.5319521857118  -7
778.5394540195351  3
778.5469558533583  11
778.5544576871816  -24
778.561959521005  26
778.5694613548281  18
778.5769631886515  -17
778.5844650224748  3
778.591966856298  12
778.5994686901213  19
778.6069705239446  -9
778.6144723577679  -15
778.6219741915911  -3
778.6294760254144  -13
778.6369778592377  3
778.6444796930609  30
778.6519815268842  15
778.6594833607076  -17
778.6669851945308  11
778.6744870283541  4
778.6819888621774  15
778.6894906960007  3
778.6969925298239  21
778.7044943636472  3
778.7119961974705  43
778.7194980312937  -12
778.726999865117  -18
778.7345016989403  -10
778.7420035327635  24
778.7495053665868  8
778.7570072004102  -15
778.7645090342335  7
778.7720108680567  29
778.77951270188  14
778.7870145357033  14
778.7945163695265  2
778.8020182033498  -30
778.8095200371731  6
778.8170218709963  14
778.8245237048196  51
778.8320255386429  4
778.8395273724663  25
778.8470292062894  -20
778.8545310401128  -30
778.8620328739361  27
778.8695347077593  -11
778.8770365415826  14
778.8845383754059  -1
778.8920402092291  18
778.8995420430524  5
778.9070438768757  -18
778.914545710699  -18
778.9220475445222  34
778.9295493783455  -13
778.9370512121689  28
778.944553045992  13
778.9520548798154  4
778.9595567136387  -5
778.9670585474619  -15
778.9745603812852  -10
778.9820622151085  2
778.9895640489318  30
778.997065882755  36
779.0045677165783  -1
779.0120695504016  5
779.0195713842248  -3
779.0270732180481  19
779.0345750518715  -9
779.0420768856947  -5
779.049578719518  3
779.0570805533413  13
779.0645823871646  13
779.0720842209878  8
779.0795860548111  5
779.0870878886344  15
779.0945897224576  24
779.1020915562809  14
779.1095933901042  10
779.1170952239274  -22
779.1245970577507  -12
779.1320988915741  -8
779.1396007253974  -29
779.1471025592206  -22
779.1546043930439  10
779.1621062268672  15
779.1696080606904  -12
779.1771098945137  43
779.184611728337  12
779.1921135621602  10
779.1996153959835  18
779.2071172298068  26
779.2146190636302  -3
779.2221208974534  38
779.2296227312767  15
779.2371245651  28
779.2446263989232  -30
779.2521282327465  19
779.2596300665698  20
779.267131900393  23
779.2746337342163  -6
779.2821355680396  10
779.2896374018629  2
779.2971392356861  21
779.3046410695094  -9
779.3121429033328  29
779.319644737156  -20
779.3271465709793  10
779.3346484048026  5
779.3421502386259  1
779.3496520724491  -15
779.3571539062724  -27
779.3646557400957  34
779.3721575739189  -14
779.3796594077422  -2
779.3871612415655  18
779.3946630753887  -8
779.402164909212  24
779.4096667430354  -6
779.4171685768586  28
779.4246704106819  -22
779.4321722445052  37
779.4396740783285  -29
779.4471759121517  23
779.454677745975  3
779.4621795797983  8
779.4696814136215  -22
779.4771832474448  -10
779.4846850812681  -17
779.4921869150915  11
779.4996887489147  -27
779.507190582738  20
779.5146924165613  6
779.5221942503845  7
779.5296960842078  -9
779.5371979180311  -2
779.5446997518543  8
779.5522015856776  -2
779.5597034195009  -34
779.5672052533242  -19
779.5747070871474  36
779.5822089209707  3
779.589710754794  30
779.5972125886173  -10
779.6047144224406  -10
779.6122162562639  12
779.6197180900871  8
779.6272199239104  8
779.6347217577337  -28
779.642223591557  50
779.6497254253802  -14
779.6572272592035  19
779.6647290930268  -6
779.67223092685  7
779.6797327606733  -5
779.6872345944967  7
779.6947364283199  12
779.7022382621432  -17
779.7097400959665  17
779.7172419297898  -15
779.724743763613  4
779.7322455974363  17
779.7397474312596  1
779.7472492650828  -25
779.7547510989061  -24
779.7622529327294  -12
779.7697547665526  23
779.777256600376  31
779.7847584341993  5
779.7922602680226  -40
779.7997621018458  8
779.8072639356691  2
779.8147657694924  5
779.8222676033156  -11
779.8297694371389  -3
779.8372712709622  -22
779.8447731047854  25
779.8522749386087  -19
779.859776772432  58
779.8672786062554  -12
779.8747804400786  -6
779.8822822739019  15
779.8897841077252  14
779.8972859415484  19
779.9047877753717  -2
779.912289609195  -37
779.9197914430182  51
779.9272932768415  -14
779.9347951106648  -2
779.9422969444881  -2
779.9497987783113  -11
779.9573006121346  3
779.964802445958  -5
779.9723042797812  6
779.9798061136045  -39
779.9873079474278  13
779.994809781251  -12
780.0023116150743  8
780.0098134488976  23
780.0173152827209  10
780.0248171165441  6
780.0323189503674  4
780.0398207841907  -4
780.0473226180139  -1
780.0548244518372  -10
780.0623262856606  36
780.0698281194838  13
780.0773299533071  2
780.0848317871304  -19
780.0923336209537  -5
780.0998354547769  -12
780.1073372886002  -3
780.1148391224235  30
780.1223409562467  14
780.12984279007  8
780.1373446238933  -6
780.1448464577165  -13
780.1523482915399  -9
780.1598501253632  -22
780.1673519591865  15
780.1748537930097  17
780.182355626833  18
780.1898574606563  -15
780.1973592944795  -2
780.2048611283028  -15
780.2123629621261  33
780.2198647959493  1
780.2273666297726  9
780.234868463596  28
780.2423702974193  4
780.2498721312425  -12
780.2573739650658  7
780.2648757988891  -11
780.2723776327123  45
780.2798794665356  -20
780.2873813003589  6
780.2948831341821  19
780.3023849680054  -9
780.3098868018287  25
780.317388635652  11
780.3248904694752  -6
780.3323923032985  23
780.3398941371219  6
780.3473959709451  -2
780.3548978047684  -14
780.3623996385917  40
780.3699014724149  31
780.3774033062382  24
780.3849051400615  -12
780.3924069738848  1
780.399908807708  33
780.4074106415313  36
780.4149124753546  -7
780.4224143091778  -1
780.4299161430012  -9
780.4374179768245  24
780.4449198106477  33
780.452421644471  -41
780.4599234782943  7
780.4674253121176  23
780.4749271459408  27
780.4824289797641  -5
780.4899308135874  38
780.4974326474106  17
780.5049344812339  38
780.5124363150572  15
780.5199381488804  25
780.5274399827038  4
780.5349418165271  -3
780.5424436503504  3
780.5499454841736  1
780.5574473179969  31
780.5649491518202  -3
780.5724509856434  21
780.5799528194667  30
780.58745465329  31
780.5949564871132  -18
780.6024583209365  13
780.6099601547598  4
780.6174619885832  29
780.6249638224064  5
780.6324656562297  19
780.639967490053  6
780.6474693238762  15
780.6549711576995  12
780.6624729915228  1
780.669974825346  18
780.6774766591693  14
780.6849784929926  -11
780.6924803268159  14
780.6999821606391  21
780.7074839944625  11
780.7149858282858  5
780.722487662109  24
780.7299894959323  11
780.7374913297556  9
780.7449931635788  1
780.7524949974021  -15
780.7599968312254  -37
780.7674986650487  9
780.7750004988719  7
780.7825023326952  21
780.7900041665185  9
780.7975060003417  1
780.805007834165  -1
780.8125096679884  -56
780.8200115018116  -12
780.8275133356349  15
780.8350151694582  -7
780.8425170032815  -4
780.8500188371047  27
780.857520670928  42
780.8650225047513  20
780.8725243385745  23
780.8800261723978  9
780.8875280062211  11
780.8950298400443  -13
780.9025316738677  -3
780.910033507691  4
780.9175353415143  26
780.9250371753375  4
780.9325390091608  21
780.9400408429841  23
780.9475426768073  -52
780.9550445106306  27
780.9625463444539  5
780.9700481782772  -5
780.9775500121004  -24
780.9850518459237  29
780.9925536797471  3
781.0000555135703  -13
781.0075573473936  -4
781.0150591812169  23
781.0225610150401  4
781.0300628488634  -3
781.0375646826867  33
781.0450665165099  1
781.0525683503332  15
781.0600701841565  -10
781.0675720179798  -19
781.075073851803  30
781.0825756856264  3
781.0900775194497  21
781.0975793532729  2
781.1050811870962  17
781.1125830209195  -10
781.1200848547428  8
781.127586688566  -25
781.1350885223893  -1
781.1425903562126  22
781.1500921900358  -7
781.1575940238591  -1
781.1650958576824  -15
781.1725976915056  47
781.180099525329  85
781.1876013591523  -3
781.1951031929756  -28
781.2026050267988  18
781.2101068606221  -15
781.2176086944454  22
781.2251105282686  21
781.2326123620919  -14
781.2401141959152  22
781.2476160297384  4
781.2551178635617  7
781.262619697385  4
781.2701215312084  -2
781.2776233650316  10
781.2851251988549  3
781.2926270326782  -2
781.3001288665014  1
781.3076307003247  2
781.315132534148  4
781.3226343679712  6
781.3301362017945  3
781.3376380356178  2
781.3451398694411  40
781.3526417032643  -25
781.3601435370877  -21
781.367645370911  21
781.3751472047342  11
781.3826490385575  -2
781.3901508723808  -11
781.397652706204  -14
781.4051545400273  25
781.4126563738506  12
781.4201582076739  30
781.4276600414971  -21
781.4351618753204  5
781.4426637091437  9
781.4501655429669  31
781.4576673767903  15
781.4651692106136  24
781.4726710444368  -33
781.4801728782601  -26
781.4876747120834  -4
781.4951765459067  -12
781.5026783797299  23
781.5101802135532  21
781.5176820473765  8
781.5251838811997  6
781.532685715023  11
781.5401875488463  9
781.5476893826695  23
781.5551912164929  -6
781.5626930503162  20
781.5701948841395  33
781.5776967179627  29
781.585198551786  17
781.5927003856093  20
781.6002022194325  -21
781.6077040532558  -27
781.6152058870791  42
781.6227077209023  -29
781.6302095547256  -1
781.637711388549  9
781.6452132223723  -34
781.6527150561955  -7
781.6602168900188  -18
781.6677187238421  9
781.6752205576653  -5
781.6827223914886  8
781.6902242253119  17
781.6977260591351  5
781.7052278929584  37
781.7127297267817  33
781.720231560605  25
781.7277333944282  5
781.7352352282516  5
781.7427370620749  15
781.7502388958981  5
781.7577407297214  7
781.7652425635447  19
781.7727443973679  30
781.7802462311912  14
781.7877480650145  50
781.7952498988378  21
781.802751732661  29
781.8102535664843  22
781.8177554003076  -1
781.8252572341308  27
781.8327590679542  3
781.8402609017775  5
781.8477627356007  19
781.855264569424  26
781.8627664032473  30
781.8702682370706  2
781.8777700708938  -14
781.8852719047171  18
781.8927737385404  7
781.9002755723636  -24
781.9077774061869  -12
781.9152792400102  4
781.9227810738334  17
781.9302829076568  -23
781.9377847414801  22
781.9452865753034  20
781.9527884091266  -2
781.9602902429499  8
781.9677920767732  -2
781.9752939105964  4
781.9827957444197  -3
781.990297578243  -12
781.9977994120662  -19
782.0053012458895  2
782.0128030797129  -9
782.0203049135362  -20
782.0278067473594  31
782.0353085811827  8
782.042810415006  11
782.0503122488292  30
782.0578140826525  21
782.0653159164758  -22
782.072817750299  28
782.0803195841223  -3
782.0878214179456  18
782.095323251769  33
782.1028250855921  9
782.1103269194155  -6
782.1178287532388  20
782.125330587062  22
782.1328324208853  20
782.1403342547086  2
782.1478360885318  -2
782.1553379223551  -3
782.1628397561784  4
782.1703415900017  3
782.1778434238249  21
782.1853452576482  -9
782.1928470914715  21
782.2003489252947  -11
782.2078507591181  33
782.2153525929414  22
782.2228544267646  41
782.2303562605879  18
782.2378580944112  7
782.2453599282345  36
782.2528617620577  50
782.260363595881  -1
782.2678654297043  21
782.2753672635275  -6
782.2828690973508  4
782.2903709311742  -7
782.2978727649974  -15
782.3053745988207  -17
782.312876432644  15
782.3203782664673  -6
782.3278801002905  11
782.3353819341138  3
782.3428837679371  35
782.3503856017603  15
782.3578874355836  27
782.3653892694069  27
782.3728911032301  10
782.3803929370534  8
782.3878947708768  25
782.3953966047001  -17
782.4028984385233  23
782.4104002723466  -9
782.4179021061699  14
782.4254039399931  23
782.4329057738164  22
782.4404076076397  20
782.4479094414629  -17
782.4554112752862  30
782.4629131091095  42
782.4704149429328  20
782.477916776756  35
782.4854186105794  13
782.4929204444027  -18
782.5004222782259  8
782.5079241120492  19
782.5154259458725  -4
782.5229277796957  13
782.530429613519  -3
782.5379314473423  28
782.5454332811656  20
782.5529351149888  -9
782.5604369488121  14
782.5679387826355  5
782.5754406164586  13
782.582942450282  27
782.5904442841053  15
782.5979461179286  21
782.6054479517518  17
782.6129497855751  23
782.6204516193984  28
782.6279534532216  27
782.6354552870449  -11
782.6429571208682  30
782.6504589546914  47
782.6579607885147  11
782.665462622338  17
782.6729644561613  -7
782.6804662899846  67
782.6879681238079  17
782.6954699576312  10
782.7029717914544  3
782.7104736252777  10
782.717975459101  26
782.7254772929242  9
782.7329791267475  37
782.7404809605708  27
782.7479827943941  2
782.7554846282173  17
782.7629864620407  -1
782.770488295864  15
782.7779901296872  -25
782.7854919635105  -59
782.7929937973338  38
782.800495631157  1
782.8079974649803  19
782.8154992988036  10
782.8230011326268  22
782.8305029664501  11
782.8380048002734  27
782.8455066340968  13
782.85300846792  10
782.8605103017433  39
782.8680121355666  20
782.8755139693898  -8
782.8830158032131  51
782.8905176370364  -9
782.8980194708597  19
782.9055213046829  1
782.9130231385062  3
782.9205249723295  -12
782.9280268061527  12
782.935528639976  30
782.9430304737994  27
782.9505323076226  10
782.9580341414459  44
782.9655359752692  41
782.9730378090925  8
782.9805396429157  -38
782.988041476739  46
782.9955433105623  18
783.0030451443855  -14
783.0105469782088  -11
783.0180488120321  4
783.0255506458553  17
783.0330524796786  17
783.040554313502  27
783.0480561473253  14
783.0555579811485  20
783.0630598149718  28
783.0705616487951  22
783.0780634826183  4
783.0855653164416  11
783.0930671502649  44
783.1005689840881  1
783.1080708179114  3
783.1155726517347  26
783.123074485558  5
783.1305763193812  44
783.1380781532046  11
783.1455799870279  -41
783.1530818208511  37
783.1605836546744  3
783.1680854884977  1
783.1755873223209  -3
783.1830891561442  -25
783.1905909899675  62
783.1980928237908  -11
783.205594657614  21
783.2130964914373  18
783.2205983252607  18
783.2281001590839  1
783.2356019929072  34
783.2431038267305  33
783.2506056605537  9
783.258107494377  -7
783.2656093282003  38
783.2731111620236  52
783.2806129958468  -15
783.2881148296701  34
783.2956166634934  10
783.3031184973166  9
783.31062033114  29
783.3181221649633  18
783.3256239987865  2
783.3331258326098  26
783.3406276664331  5
783.3481295002564  2
783.3556313340796  25
783.3631331679029  -8
783.3706350017262  -4
783.3781368355494  21
783.3856386693727  26
783.393140503196  17
783.4006423370192  -7
783.4081441708425  2
783.4156460046659  20
783.4231478384892  5
783.4306496723124  60
783.4381515061357  20
783.445653339959  14
783.4531551737822  21
783.4606570076055  37
783.4681588414288  30
783.475660675252  -39
783.4831625090753  30
783.4906643428986  44
783.498166176722  15
783.5056680105452  57
783.5131698443685  34
783.5206716781918  -33
783.528173512015  29
783.5356753458383  -26
783.5431771796616  -6
783.5506790134848  6
783.5581808473081  71
783.5656826811314  55
783.5731845149547  59
783.5806863487779  -7
783.5881881826012  9
783.5956900164246  61
783.6031918502478  46
783.6106936840711  20
783.6181955178944  34
783.6256973517176  12
783.6331991855409  -6
783.6407010193642  29
783.6482028531875  3
783.6557046870107  7
783.663206520834  8
783.6707083546573  10
783.6782101884805  7
783.6857120223038  19
783.6932138561272  50
783.7007156899504  -25
783.7082175237737  73
783.715719357597  29
783.7232211914203  28
783.7307230252435  2
783.7382248590668  15
783.7457266928901  -17
783.7532285267133  20
783.7607303605366  -1
783.7682321943599  -30
783.7757340281831  -5
783.7832358620064  21
783.7907376958298  20
783.7982395296531  3
783.8057413634763  27
783.8132431972996  34
783.8207450311229  22
783.8282468649461  12
783.8357486987694  19
783.8432505325927  10
783.8507523664159  10
783.8582542002392  10
783.8657560340625  42
783.8732578678859  28
783.880759701709  11
783.8882615355324  47
783.8957633693557  36
783.9032652031789  27
783.9107670370022  53
783.9182688708255  9
783.9257707046487  58
783.933272538472  20
783.9407743722953  47
783.9482762061186  11
783.9557780399418  28
783.9632798737651  34
783.9707817075885  12
783.9782835414117  28
783.985785375235  -2
783.9932872090583  45
784.0007890428815  61
784.0082908767048  37
784.0157927105281  -6
784.0232945443514  9
784.0307963781746  1
784.0382982119979  -11
784.0458000458212  22
784.0533018796444  54
784.0608037134677  60
784.0683055472911  1
784.0758073811143  44
784.0833092149376  35
784.0908110487609  4
784.0983128825842  46
784.1058147164074  21
784.1133165502307  -4
784.120818384054  27
784.1283202178772  10
784.1358220517005  3
784.1433238855238  35
784.150825719347  60
784.1583275531704  -3
784.1658293869937  22
784.173331220817  33
784.1808330546402  6
784.1883348884635  24
784.1958367222868  1
784.20333855611  34
784.2108403899333  11
784.2183422237566  2
784.2258440575798  -11
784.2333458914031  69
784.2408477252264  20
784.2483495590498  25
784.255851392873  20
784.2633532266963  14
784.2708550605196  -8
784.2783568943428  20
784.2858587281661  56
784.2933605619894  26
784.3008623958126  14
784.3083642296359  60
784.3158660634592  31
784.3233678972825  52
784.3308697311057  19
784.338371564929  10
784.3458733987524  26
784.3533752325756  31
784.3608770663989  25
784.3683789002222  -13
784.3758807340455  34
784.3833825678687  54
784.390884401692  3
784.3983862355153  33
784.4058880693385  53
784.4133899031618  20
784.4208917369851  51
784.4283935708083  33
784.4358954046317  14
784.443397238455  53
784.4508990722783  34
784.4584009061015  8
784.4659027399248  4
784.4734045737481  4
784.4809064075713  4
784.4884082413946  39
784.4959100752179  53
784.5034119090411  26
784.5109137428644  8
784.5184155766877  60
784.525917410511  19
784.5334192443343  9
784.5409210781576  41
784.5484229119809  44
784.5559247458041  27
784.5634265796274  56
784.5709284134507  54
784.5784302472739  -2
784.5859320810972  33
784.5934339149205  19
784.6009357487438  7
784.608437582567  73
784.6159394163903  35
784.6234412502137  46
784.6309430840369  53
784.6384449178602  -6
784.6459467516835  42
784.6534485855067  45
784.66095041933  18
784.6684522531533  29
784.6759540869766  42
784.6834559207998  51
784.6909577546231  15
784.6984595884464  27
784.7059614222696  20
784.713463256093  35
784.7209650899163  28
784.7284669237395  -11
784.7359687575628  27
784.7434705913861  12
784.7509724252094  36
784.7584742590326  11
784.7659760928559  27
784.7734779266792  43
784.7809797605024  14
784.7884815943257  24
784.795983428149  -2
784.8034852619722  22
784.8109870957956  -5
784.8184889296189  67
784.8259907634422  46
784.8334925972654  53
784.8409944310887  71
784.848496264912  7
784.8559980987352  42
784.8634999325585  50
784.8710017663818  22
784.878503600205  23
784.8860054340283  6
784.8935072678516  51
784.901009101675  20
784.9085109354982  38
784.9160127693215  40
784.9235146031448  62
784.931016436968  36
784.9385182707913  17
784.9460201046146  23
784.9535219384378  25
784.9610237722611  34
784.9685256060844  30
784.9760274399077  28
784.9835292737309  3
784.9910311075542  35
784.9985329413776  36
785.0060347752008  36
785.0135366090241  39
785.0210384428474  36
785.0285402766706  47
785.0360421104939  10
785.0435439443172  43
785.0510457781405  24
785.0585476119637  19
785.066049445787  -6
785.0735512796103  58
785.0810531134335  22
785.0885549472569  24
785.0960567810802  2
785.1035586149034  15
785.1110604487267  3
785.11856228255  42
785.1260641163733  59
785.1335659501965  9
785.1410677840198  36
785.1485696178431  12
785.1560714516663  76
785.1635732854896  63
785.171075119313  31
785.1785769531361  54
785.1860787869595  35
785.1935806207828  24
785.2010824546061  58
785.2085842884293  61
785.2160861222526  63
785.2235879560759  60
785.2310897898991  44
785.2385916237224  31
785.2460934575457  20
785.2535952913689  31
785.2610971251922  51
785.2685989590155  36
785.2761007928389  9
785.2836026266621  38
785.2911044604854  49
785.2986062943087  10
785.3061081281319  60
785.3136099619552  50
785.3211117957785  53
785.3286136296017  46
785.336115463425  19
785.3436172972483  30
785.3511191310716  17
785.3586209648948  42
785.3661227987182  35
785.3736246325415  50
785.3811264663647  29
785.388628300188  45
785.3961301340113  12
785.4036319678345  34
785.4111338016578  73
785.4186356354811  15
785.4261374693044  18
785.4336393031276  60
785.4411411369509  -1
785.4486429707742  38
785.4561448045974  39
785.4636466384208  54
785.4711484722441  12
785.4786503060673  12
785.4861521398906  18
785.4936539737139  36
785.5011558075372  19
785.5086576413604  68
785.5161594751837  36
785.523661309007  27
785.5311631428302  -7
785.5386649766535  28
785.5461668104768  56
785.5536686443  57
785.5611704781234  44
785.5686723119467  40
785.57617414577  54
785.5836759795932  41
785.5911778134165  40
785.5986796472398  3
785.606181481063  55
785.6136833148863  -6
785.6211851487096  39
785.6286869825328  47
785.6361888163561  38
785.6436906501795  -3
785.6511924840028  12
785.658694317826  35
785.6661961516493  37
785.6736979854726  40
785.6811998192958  75
785.6887016531191  45
785.6962034869424  9
785.7037053207656  89
785.7112071545889  33
785.7187089884122  20
785.7262108222355  35
785.7337126560587  26
785.741214489882  24
785.7487163237054  60
785.7562181575286  63
785.7637199913519  -2
785.7712218251752  28
785.7787236589984  25
785.7862254928217  21
785.793727326645  21
785.8012291604683  30
785.8087309942915  35
785.8162328281148  53
785.8237346619381  50
785.8312364957613  66
785.8387383295847  52
785.846240163408  29
785.8537419972312  14
785.8612438310545  31
785.8687456648778  55
785.8762474987011  45
785.8837493325243  45
785.8912511663476  68
785.8987530001709  20
785.9062548339941  68
785.9137566678174  29
785.9212585016408  43
785.928760335464  4
785.9362621692873  61
785.9437640031106  21
785.9512658369339  -13
785.9587676707571  68
785.9662695045804  51
785.9737713384037  -2
785.9812731722269  31
785.9887750060502  45
785.9962768398735  52
786.0037786736968  36
786.01128050752  7
786.0187823413434  59
786.0262841751667  -6
786.0337860089899  68
786.0412878428132  25
786.0487896766365  55
786.0562915104597  25
786.063793344283  25
786.0712951781063  40
786.0787970119295  61
786.0862988457528  40
786.0938006795761  15
786.1013025133994  31
786.1088043472226  69
786.116306181046  69
786.1238080148693  -2
786.1313098486925  -6
786.1388116825158  30
786.1463135163391  40
786.1538153501624  75
786.1613171839856  38
786.1688190178089  29
786.1763208516322  42
786.1838226854554  47
786.1913245192787  39
786.198826353102  54
786.2063281869252  35
786.2138300207486  78
786.2213318545719  20
786.2288336883952  40
786.2363355222184  40
786.2438373560417  41
786.251339189865  76
786.2588410236882  37
786.2663428575115  42
786.2738446913348  35
786.281346525158  12
786.2888483589813  29
786.2963501928047  49
786.303852026628  83
786.3113538604512  44
786.3188556942745  5
786.3263575280978  -4
786.333859361921  46
786.3413611957443  44
786.3488630295676  50
786.3563648633908  49
786.3638666972141  24
786.3713685310374  28
786.3788703648607  31
786.386372198684  50
786.3938740325073  83
786.4013758663306  59
786.4088777001538  45
786.4163795339771  7
786.4238813678004  46
786.4313832016236  50
786.4388850354469  51
786.4463868692702  25
786.4538887030935  56
786.4613905369167  -2
786.46889237074  45
786.4763942045633  62
786.4838960383865  7
786.4913978722099  9
786.4988997060332  31
786.5064015398564  7
786.5139033736797  110
786.521405207503  57
786.5289070413263  53
786.5364088751495  41
786.5439107089728  43
786.5514125427961  28
786.5589143766193  45
786.5664162104426  28
786.573918044266  46
786.5814198780892  70
786.5889217119125  33
786.5964235457358  58
786.6039253795591  72
786.6114272133823  39
786.6189290472056  52
786.6264308810289  33
786.6339327148521  62
786.6414345486754  58
786.6489363824987  74
786.6564382163219  43
786.6639400501452  46
786.6714418839686  53
786.6789437177919  75
786.6864455516151  38
786.6939473854384  21
786.7014492192617  83
786.7089510530849  89
786.7164528869082  23
786.7239547207315  75
786.7314565545547  47
786.738958388378  40
786.7464602222013  -3
786.7539620560246  50
786.7614638898478  41
786.7689657236712  38
786.7764675574945  93
786.7839693913177  63
786.791471225141  28
786.7989730589643  36
786.8064748927875  36
786.8139767266108  71
786.8214785604341  81
786.8289803942574  111
786.8364822280806  42
786.8439840619039  49
786.8514858957273  53
786.8589877295504  21
786.8664895633738  34
786.8739913971971  76
786.8814932310203  17
786.8889950648436  38
786.8964968986669  -7
786.9039987324902  42
786.9115005663134  36
786.9190024001367  65
786.92650423396  22
786.9340060677832  29
786.9415079016065  55
786.9490097354299  51
786.956511569253  98
786.9640134030764  38
786.9715152368997  42
786.979017070723  72
786.9865189045462  31
786.9940207383695  38
787.0015225721928  35
787.009024406016  41
787.0165262398393  20
787.0240280736626  53
787.0315299074858  17
787.0390317413091  56
787.0465335751325  82
787.0540354089558  7
787.061537242779  51
787.0690390766023  25
787.0765409104256  20
787.0840427442488  18
787.0915445780721  63
787.0990464118954  46
787.1065482457186  94
787.1140500795419  35
787.1215519133652  45
787.1290537471886  36
787.1365555810117  40
787.1440574148351  11
787.1515592486584  47
787.1590610824816  58
787.1665629163049  62
787.1740647501282  33
787.1815665839514  27
787.1890684177747  65
787.196570251598  51
787.2040720854213  50
787.2115739192445  34
787.2190757530678  63
787.2265775868912  70
787.2340794207144  42
787.2415812545377  30
787.249083088361  33
787.2565849221842  84
787.2640867560075  51
787.2715885898308  91
787.2790904236541  47
787.2865922574773  26
787.2940940913006  58
787.3015959251239  34
787.3090977589471  42
787.3165995927704  49
787.3241014265938  8
787.331603260417  27
787.3391050942403  29
787.3466069280636  40
787.3541087618869  67
787.3616105957101  35
787.3691124295334  82
787.3766142633567  51
787.3841160971799  28
787.3916179310032  23
787.3991197648265  13
787.4066215986497  87
787.414123432473  2
787.4216252662964  38
787.4291271001197  58
787.4366289339429  39
787.4441307677662  56
787.4516326015895  43
787.4591344354127  52
787.466636269236  13
787.4741381030593  26
787.4816399368825  -1
787.4891417707058  28
787.4966436045291  68
787.5041454383525  60
787.5116472721757  65
787.519149105999  47
787.5266509398223  39
787.5341527736455  65
787.5416546074688  75
787.5491564412921  50
787.5566582751153  23
787.5641601089386  23
787.5716619427619  68
787.5791637765852  60
787.5866656104084  5
787.5941674442317  40
787.601669278055  33
787.6091711118783  52
787.6166729457016  36
787.6241747795249  29
787.6316766133481  55
787.6391784471714  44
787.6466802809947  75
787.654182114818  35
787.6616839486412  18
787.6691857824645  47
787.6766876162878  83
787.684189450111  38
787.6916912839343  70
787.6991931177577  43
787.7066949515809  43
787.7141967854042  38
787.7216986192275  40
787.7292004530508  47
787.736702286874  49
787.7442041206973  58
787.7517059545206  29
787.7592077883438  57
787.7667096221671  88
787.7742114559904  46
787.7817132898138  33
787.789215123637  102
787.7967169574603  103
787.8042187912836  33
787.8117206251068  49
787.8192224589301  79
787.8267242927534  29
787.8342261265766  39
787.8417279603999  37
787.8492297942232  23
787.8567316280465  20
787.8642334618697  62
787.871735295693  18
787.8792371295164  44
787.8867389633396  8
787.8942407971629  68
787.9017426309862  76
787.9092444648094  65
787.9167462986327  28
787.924248132456  44
787.9317499662793  57
787.9392518001025  78
787.9467536339258  67
787.9542554677491  71
787.9617573015723  26
787.9692591353956  65
787.976760969219  49
787.9842628030422  38
787.9917646368655  63
787.9992664706888  42
788.0067683045121  66
788.0142701383353  50
788.0217719721586  49
788.0292738059819  44
788.0367756398051  70
788.0442774736284  78
788.0517793074517  65
788.0592811412749  44
788.0667829750982  58
788.0742848089216  68
788.0817866427449  50
788.0892884765681  65
788.0967903103914  38
788.1042921442147  43
788.1117939780379  49
788.1192958118612  77
788.1267976456845  42
788.1342994795077  29
788.141801313331  47
788.1493031471543  50
788.1568049809777  49
788.1643068148009  37
788.1718086486242  49
788.1793104824475  25
788.1868123162707  13
788.194314150094  -21
788.2018159839173  39
788.2093178177405  70
788.2168196515638  -25
788.2243214853871  67
788.2318233192104  43
788.2393251530336  55
788.246826986857  45
788.2543288206803  101
788.2618306545035  42
788.2693324883268  59
788.2768343221501  38
788.2843361559733  23
788.2918379897966  37
788.2993398236199  44
788.3068416574432  54
788.3143434912664  38
788.3218453250897  63
788.329347158913  50
788.3368489927362  54
788.3443508265595  21
788.3518526603829  8
788.3593544942061  81
788.3668563280294  17
788.3743581618527  39
788.381859995676  68
788.3893618294992  33
788.3968636633225  93
788.4043654971458  66
788.411867330969  33
788.4193691647923  53
788.4268709986156  10
788.4343728324388  35
788.4418746662622  43
788.4493765000855  46
788.4568783339088  22
788.464380167732  23
788.4718820015553  33
788.4793838353786  45
788.4868856692018  9
788.4943875030251  53
788.5018893368484  49
788.5093911706716  34
788.5168930044949  51
788.5243948383182  7
788.5318966721416  75
788.5393985059648  23
788.5469003397881  71
788.5544021736114  88
788.5619040074346  10
788.5694058412579  50
788.5769076750812  60
788.5844095089044  87
788.5919113427277  29
788.599413176551  43
788.6069150103743  63
788.6144168441975  20
788.6219186780208  53
788.6294205118442  33
788.6369223456674  61
788.6444241794907  40
788.651926013314  53
788.6594278471372  54
788.6669296809605  66
788.6744315147838  55
788.6819333486071  47
788.6894351824303  51
788.6969370162536  36
788.7044388500769  59
788.7119406839001  52
788.7194425177235  67
788.7269443515468  24
788.73444618537  66
788.7419480191933  78
788.7494498530166  41
788.7569516868399  57
788.7644535206631  5
788.7719553544864  28
788.7794571883097  40
788.7869590221329  14
788.7944608559562  61
788.8019626897795  5
788.8094645236027  71
788.816966357426  83
788.8244681912494  21
788.8319700250727  62
788.8394718588959  39
788.8469736927192  23
788.8544755265425  38
788.8619773603657  37
788.869479194189  42
788.8769810280123  46
788.8844828618355  50
788.8919846956588  67
788.8994865294821  79
788.9069883633055  31
788.9144901971287  70
788.921992030952  72
788.9294938647753  68
788.9369956985985  40
788.9444975324218  47
788.9519993662451  61
788.9595012000683  35
788.9670030338916  51
788.9745048677149  87
788.9820067015382  85
788.9895085353614  47
788.9970103691847  12
789.0045122030081  62
789.0120140368313  50
789.0195158706546  81
789.0270177044779  41
789.0345195383011  66
789.0420213721244  41
789.0495232059477  70
789.057025039771  59
789.0645268735942  91
789.0720287074175  42
789.0795305412408  73
789.087032375064  52
789.0945342088874  85
789.1020360427107  78
789.1095378765339  97
789.1170397103572  41
789.1245415441805  72
789.1320433780038  42
789.139545211827  49
789.1470470456503  87
789.1545488794736  44
789.1620507132968  28
789.1695525471201  37
789.1770543809434  46
789.1845562147666  60
789.19205804859  83
789.1995598824133  54
789.2070617162366  60
789.2145635500598  55
789.2220653838831  2
789.2295672177064  25
789.2370690515296  65
789.2445708853529  68
789.2520727191762  73
789.2595745529994  30
789.2670763868227  67
789.274578220646  47
789.2820800544694  61
789.2895818882926  61
789.2970837221159  12
789.3045855559392  66
789.3120873897624  72
789.3195892235857  34
789.327091057409  29
789.3345928912322  57
789.3420947250555  35
789.3495965588788  90
789.3570983927021  55
789.3646002265253  52
789.3721020603487  59
789.379603894172  62
789.3871057279952  53
789.3946075618185  30
789.4021093956418  78
789.4096112294651  42
789.4171130632883  63
789.4246148971116  43
789.4321167309349  68
789.4396185647581  39
789.4471203985814  61
789.4546222324047  62
789.462124066228  62
789.4696259000513  40
789.4771277338746  61
789.4846295676979  52
789.4921314015211  36
789.4996332353444  57
789.5071350691677  15
789.5146369029909  71
789.5221387368142  55
789.5296405706375  68
789.5371424044607  -3
789.544644238284  79
789.5521460721073  63
789.5596479059307  55
789.5671497397539  38
789.5746515735772  51
789.5821534074005  14
789.5896552412237  59
789.597157075047  67
789.6046589088703  104
789.6121607426935  38
789.6196625765168  53
789.6271644103401  35
789.6346662441634  107
789.6421680779866  57
789.64966991181  62
789.6571717456333  67
789.6646735794565  57
789.6721754132798  66
789.6796772471031  73
789.6871790809263  25
789.6946809147496  92
789.7021827485729  49
789.7096845823962  7
789.7171864162194  51
789.7246882500427  77
789.732190083866  46
789.7396919176892  57
789.7471937515126  78
789.7546955853359  28
789.7621974191591  28
789.7696992529824  79
789.7772010868057  90
789.784702920629  63
789.7922047544522  52
789.7997065882755  21
789.8072084220988  44
789.814710255922  41
789.8222120897453  36
789.8297139235686  67
789.8372157573918  14
789.8447175912152  68
789.8522194250385  46
789.8597212588618  28
789.867223092685  54
789.8747249265083  69
789.8822267603316  59
789.8897285941548  66
789.8972304279781  66
789.9047322618014  86
789.9122340956246  12
789.9197359294479  63
789.9272377632713  65
789.9347395970946  31
789.9422414309178  58
789.9497432647411  47
789.9572450985644  83
789.9647469323876  73
789.9722487662109  63
789.9797506000342  131
789.9872524338574  60
789.9947542676807  73
790.002256101504  42
790.0097579353273  110
790.0172597691505  67
790.0247616029739  65
790.0322634367972  55
790.0397652706204  38
790.0472671044437  83
790.054768938267  40
790.0622707720902  62
790.0697726059135  41
790.0772744397368  75
790.0847762735601  55
790.0922781073833  65
790.0997799412066  52
790.10728177503  84
790.1147836088531  42
790.1222854426765  63
790.1297872764998  94
790.137289110323  103
790.1447909441463  50
790.1522927779696  56
790.1597946117929  27
790.1672964456161  65
790.1747982794394  45
790.1823001132627  47
790.1898019470859  77
790.1973037809092  36
790.2048056147325  60
790.2123074485557  53
790.2198092823791  77
790.2273111162024  -17
790.2348129500257  78
790.2423147838489  36
790.2498166176722  -1
790.2573184514955  56
790.2648202853187  55
790.272322119142  51
790.2798239529653  42
790.2873257867885  44
790.2948276206118  -3
790.3023294544352  51
790.3098312882585  52
790.3173331220817  17
790.324834955905  77
790.3323367897283  23
790.3398386235515  58
790.3473404573748  68
790.3548422911981  29
790.3623441250213  20
790.3698459588446  20
790.3773477926679  53
790.3848496264912  20
790.3923514603144  20
790.3998532941378  65
790.4073551279611  66
790.4148569617843  54
790.4223587956076  20
790.4298606294309  39
790.4373624632541  42
790.4448642970774  54
790.4523661309007  37
790.459867964724  69
790.4673697985472  56
790.4748716323705  -7
790.4823734661938  54
790.489875300017  29
790.4973771338404  62
790.5048789676637  43
790.5123808014869  11
790.5198826353102  73
790.5273844691335  36
790.5348863029568  90
790.54238813678  10
790.5498899706033  54
790.5573918044266  42
790.5648936382498  53
790.5723954720731  18
790.5798973058965  67
790.5873991397197  52
790.594900973543  60
790.6024028073663  85
790.6099046411896  44
790.6174064750128  72
790.6249083088361  54
790.6324101426594  56
790.6399119764826  52
790.6474138103059  28
790.6549156441292  45
790.6624174779524  60
790.6699193117757  68
790.677421145599  57
790.6849229794224  65
790.6924248132456  49
790.6999266470689  51
790.7074284808922  35
790.7149303147154  82
790.7224321485387  42
790.729933982362  36
790.7374358161852  44
790.7449376500085  60
790.7524394838318  63
790.7599413176551  37
790.7674431514783  56
790.7749449853017  62
790.782446819125  37
790.7899486529482  79
790.7974504867715  74
790.8049523205948  69
790.812454154418  75
790.8199559882413  57
790.8274578220646  77
790.8349596558879  46
790.8424614897111  60
790.8499633235344  93
790.8574651573578  10
790.864966991181  90
790.8724688250043  51
790.8799706588276  42
790.8874724926508  81
790.8949743264741  78
790.9024761602974  60
790.9099779941207  54
790.9174798279439  42
790.9249816617672  94
790.9324834955905  46
790.9399853294137  31
790.947487163237  65
790.9549889970604  95
790.9624908308836  53
790.9699926647069  90
790.9774944985302  121
790.9849963323535  84
790.9924981661767  59
791.0  37
791.0075018338233  62
791.0150036676465  54
791.0225055014698  78
791.0300073352931  61
791.0375091691164  25
791.0450110029396  60
791.052512836763  74
791.0600146705863  76
791.0675165044095  75
791.0750183382328  40
791.0825201720561  83
791.0900220058793  114
791.0975238397026  70
791.1050256735259  65
791.1125275073492  82
791.1200293411724  79
791.1275311749957  62
791.135033008819  38
791.1425348426422  33
791.1500366764656  36
791.1575385102889  31
791.1650403441121  102
791.1725421779354  92
791.1800440117587  45
791.187545845582  58
791.1950476794052  89
791.2025495132285  53
791.2100513470518  70
791.217553180875  29
791.2250550146983  94
791.2325568485217  34
791.2400586823449  99
791.2475605161682  71
791.2550623499915  69
791.2625641838148  63
791.270066017638  87
791.2775678514613  40
791.2850696852846  105
791.2925715191078  78
791.3000733529311  60
791.3075751867544  106
791.3150770205776  58
791.322578854401  95
791.3300806882243  62
791.3375825220476  88
791.3450843558708  109
791.3525861896941  93
791.3600880235174  31
791.3675898573406  71
791.3750916911639  77
791.3825935249872  71
791.3900953588104  102
791.3975971926337  76
791.405099026457  40
791.4126008602803  50
791.4201026941035  104
791.4276045279269  33
791.4351063617502  52
791.4426081955734  53
791.4501100293967  50
791.45761186322  79
791.4651136970432  82
791.4726155308665  107
791.4801173646898  93
791.4876191985131  70
791.4951210323363  38
791.5026228661596  78
791.510124699983  69
791.5176265338062  76
791.5251283676295  81
791.5326302014528  49
791.540132035276  88
791.5476338690993  94
791.5551357029226  95
791.5626375367459  99
791.5701393705691  45
791.5776412043924  79
791.5851430382157  67
791.5926448720389  83
791.6001467058622  115
791.6076485396856  92
791.6151503735088  77
791.6226522073321  99
791.6301540411554  56
791.6376558749787  38
791.6451577088019  63
791.6526595426252  46
791.6601613764485  55
791.6676632102717  98
791.675165044095  98
791.6826668779183  88
791.6901687117415  74
791.6976705455648  54
791.7051723793882  65
791.7126742132115  63
791.7201760470347  137
791.727677880858  103
791.7351797146813  65
791.7426815485045  71
791.7501833823278  97
791.7576852161511  100
791.7651870499743  22
791.7726888837976  101
791.7801907176209  47
791.7876925514443  69
791.7951943852675  68
791.8026962190908  63
791.8101980529141  92
791.8176998867373  115
791.8252017205606  87
791.8327035543839  83
791.8402053882071  71
791.8477072220304  113
791.8552090558537  94
791.862710889677  91
791.8702127235002  31
791.8777145573235  72
791.8852163911469  82
791.89271822497  84
791.9002200587934  89
791.9077218926167  70
791.9152237264399  78
791.9227255602632  89
791.9302273940865  59
791.9377292279098  29
791.945231061733  28
791.9527328955563  39
791.9602347293796  105
791.9677365632028  68
791.9752383970261  43
791.9827402308495  69
791.9902420646727  76
791.997743898496  101
792.0052457323193  68
792.0127475661426  104
792.0202493999658  43
792.0277512337891  56
792.0352530676124  86
792.0427549014356  98
792.0502567352589  60
792.0577585690822  76
792.0652604029054  78
792.0727622367287  77
792.0802640705521  97
792.0877659043754  78
792.0952677381986  76
792.1027695720219  76
792.1102714058452  99
792.1177732396684  68
792.1252750734917  102
792.132776907315  60
792.1402787411382  97
792.1477805749615  151
792.1552824087848  88
792.1627842426082  79
792.1702860764314  58
792.1777879102547  46
792.185289744078  73
792.1927915779012  78
792.2002934117245  108
792.2077952455478  86
792.215297079371  92
792.2227989131943  82
792.2303007470176  92
792.2378025808409  89
792.2453044146641  108
792.2528062484874  52
792.2603080823108  67
792.267809916134  88
792.2753117499573  83
792.2828135837806  83
792.2903154176038  88
792.2978172514271  108
792.3053190852504  81
792.3128209190737  52
792.3203227528969  65
792.3278245867202  105
792.3353264205435  119
792.3428282543667  79
792.35033008819  98
792.3578319220134  100
792.3653337558366  102
792.3728355896599  74
792.3803374234832  31
792.3878392573065  81
792.3953410911297  99
792.402842924953  100
792.4103447587763  40
792.4178465925995  60
792.4253484264228  120
792.4328502602461  62
792.4403520940693  107
792.4478539278927  73
792.455355761716  60
792.4628575955393  63
792.4703594293625  79
792.4778612631858  119
792.4853630970091  114
792.4928649308323  76
792.5003667646556  125
792.5078685984789  110
792.5153704323021  69
792.5228722661254  71
792.5303740999487  71
792.537875933772  91
792.5453777675953  93
792.5528796014186  69
792.5603814352419  114
792.5678832690651  126
792.5753851028884  111
792.5828869367117  107
792.5903887705349  106
792.5978906043582  55
792.6053924381815  75
792.6128942720048  38
792.620396105828  94
792.6278979396513  99
792.6353997734747  73
792.6429016072979  143
792.6504034411212  76
792.6579052749445  65
792.6654071087678  94
792.672908942591  102
792.6804107764143  92
792.6879126102376  70
792.6954144440608  82
792.7029162778841  132
792.7104181117074  70
792.7179199455306  67
792.725421779354  147
792.7329236131773  99
792.7404254470006  56
792.7479272808238  67
792.7554291146471  87
792.7629309484704  88
792.7704327822936  85
792.7779346161169  84
792.7854364499402  132
792.7929382837634  61
792.8004401175867  87
792.80794195141  105
792.8154437852334  157
792.8229456190566  99
792.8304474528799  92
792.8379492867032  86
792.8454511205264  95
792.8529529543497  61
792.860454788173  95
792.8679566219962  90
792.8754584558195  106
792.8829602896428  115
792.8904621234661  69
792.8979639572893  82
792.9054657911126  95
792.912967624936  129
792.9204694587592  47
792.9279712925825  41
792.9354731264058  93
792.942974960229  76
792.9504767940523  90
792.9579786278756  88
792.9654804616989  120
792.9729822955221  98
792.9804841293454  102
792.9879859631687  113
792.9954877969919  69
793.0029896308153  73
793.0104914646386  77
793.0179932984618  57
793.0254951322851  108
793.0329969661084  85
793.0404987999317  124
793.0480006337549  101
793.0555024675782  98
793.0630043014015  79
793.0705061352247  62
793.078007969048  60
793.0855098028713  77
793.0930116366945  99
793.1005134705179  70
793.1080153043412  110
793.1155171381645  100
793.1230189719877  57
793.130520805811  137
793.1380226396343  82
793.1455244734575  109
793.1530263072808  59
793.1605281411041  82
793.1680299749273  107
793.1755318087506  118
793.183033642574  116
793.1905354763973  98
793.1980373102205  68
793.2055391440438  70
793.2130409778671  108
793.2205428116903  100
793.2280446455136  101
793.2355464793369  104
793.2430483131601  79
793.2505501469834  93
793.2580519808067  110
793.26555381463  136
793.2730556484532  83
793.2805574822765  55
793.2880593160999  87
793.2955611499231  91
793.3030629837464  124
793.3105648175697  92
793.3180666513929  94
793.3255684852162  93
793.3330703190395  95
793.3405721528628  85
793.348073986686  102
793.3555758205093  102
793.3630776543326  73
793.3705794881558  68
793.3780813219792  95
793.3855831558025  97
793.3930849896257  109
793.400586823449  134
793.4080886572723  116
793.4155904910956  75
793.4230923249188  100
793.4305941587421  92
793.4380959925654  91
793.4455978263886  124
793.4530996602119  92
793.4606014940352  111
793.4681033278584  98
793.4756051616818  92
793.4831069955051  117
793.4906088293284  88
793.4981106631516  101
793.5056124969749  78
793.5131143307982  103
793.5206161646214  157
793.5281179984447  132
793.535619832268  123
793.5431216660912  111
793.5506234999145  117
793.5581253337378  138
793.5656271675612  88
793.5731290013844  88
793.5806308352077  105
793.588132669031  120
793.5956345028542  113
793.6031363366775  84
793.6106381705008  108
793.618140004324  131
793.6256418381473  105
793.6331436719706  110
793.6406455057939  125
793.6481473396171  164
793.6556491734405  98
793.6631510072638  133
793.670652841087  185
793.6781546749103  91
793.6856565087336  153
793.6931583425568  125
793.7006601763801  108
793.7081620102034  98
793.7156638440267  135
793.7231656778499  95
793.7306675116732  95
793.7381693454965  168
793.7456711793197  156
793.753173013143  101
793.7606748469664  158
793.7681766807896  97
793.7756785146129  134
793.7831803484362  131
793.7906821822595  125
793.7981840160827  127
793.805685849906  141
793.8131876837293  188
793.8206895175525  146
793.8281913513758  111
793.8356931851991  173
793.8431950190223  106
793.8506968528457  127
793.858198686669  158
793.8657005204923  167
793.8732023543155  130
793.8807041881388  155
793.8882060219621  130
793.8957078557853  100
793.9032096896086  131
793.9107115234319  149
793.9182133572551  153
793.9257151910784  216
793.9332170249018  137
793.9407188587251  159
793.9482206925483  137
793.9557225263716  132
793.9632243601949  183
793.9707261940181  153
793.9782280278414  169
793.9857298616647  164
793.9932316954879  133
794.0007335293112  171
794.0082353631345  158
794.0157371969578  188
794.023239030781  274
794.0307408646044  183
794.0382426984277  154
794.0457445322509  116
794.0532463660742  173
794.0607481998975  219
794.0682500337207  202
794.075751867544  211
794.0832537013673  277
794.0907555351906  250
794.0982573690138  207
794.1057592028371  220
794.1132610366604  155
794.1207628704836  196
794.128264704307  214
794.1357665381303  206
794.1432683719535  229
794.1507702057768  161
794.1582720396001  202
794.1657738734234  244
794.1732757072466  268
794.1807775410699  262
794.1882793748932  246
794.1957812087164  286
794.2032830425397  261
794.210784876363  156
794.2182867101862  213
794.2257885440096  262
794.2332903778329  281
794.2407922116562  232
794.2482940454794  213
794.2557958793027  262
794.263297713126  233
794.2707995469492  257
794.2783013807725  261
794.2858032145958  132
794.2933050484191  202
794.3008068822423  308
794.3083087160657  293
794.315810549889  212
794.3233123837122  254
794.3308142175355  193
794.3383160513588  187
794.345817885182  230
794.3533197190053  164
794.3608215528286  230
794.3683233866519  226
794.3758252204751  259
794.3833270542984  214
794.3908288881217  273
794.398330721945  216
794.4058325557683  259
794.4133343895916  261
794.4208362234148  278
794.4283380572381  201
794.4358398910614  207
794.4433417248847  258
794.4508435587079  210
794.4583453925312  276
794.4658472263545  258
794.4733490601777  293
794.480850894001  280
794.4883527278243  301
794.4958545616475  263
794.5033563954709  260
794.5108582292942  299
794.5183600631175  275
794.5258618969407  276
794.533363730764  243
794.5408655645873  324
794.5483673984105  271
794.5558692322338  347
794.5633710660571  298
794.5708728998803  341
794.5783747337036  329
794.585876567527  322
794.5933784013503  303
794.6008802351735  326
794.6083820689968  303
794.6158839028201  341
794.6233857366433  394
794.6308875704666  378
794.6383894042899  300
794.6458912381131  372
794.6533930719364  307
794.6608949057597  331
794.668396739583  301
794.6758985734062  294
794.6834004072296  313
794.6909022410529  284
794.6984040748761  340
794.7059059086994  322
794.7134077425227  302
794.7209095763459  234
794.7284114101692  237
794.7359132439925  355
794.7434150778158  317
794.750916911639  310
794.7584187454623  333
794.7659205792856  339
794.7734224131088  218
794.7809242469322  297
794.7884260807555  380
794.7959279145787  294
794.803429748402  340
794.8109315822253  366
794.8184334160486  371
794.8259352498718  306
794.8334370836951  338
794.8409389175184  316
794.8484407513416  282
794.8559425851649  298
794.8634444189883  343
794.8709462528114  291
794.8784480866348  299
794.8859499204581  289
794.8934517542814  317
794.9009535881046  319
794.9084554219279  308
794.9159572557512  340
794.9234590895744  364
794.9309609233977  354
794.938462757221  263
794.9459645910442  309
794.9534664248675  321
794.9609682586909  317
794.9684700925142  275
794.9759719263374  361
794.9834737601607  305
794.990975593984  301
794.9984774278072  357
795.0059792616305  301
795.0134810954538  321
795.020982929277  314
795.0284847631003  343
795.0359865969236  355
795.043488430747  350
795.0509902645701  390
795.0584920983935  325
795.0659939322168  354
795.07349576604  331
795.0809975998633  385
795.0884994336866  409
795.0960012675098  371
795.1035031013331  386
795.1110049351564  331
795.1185067689797  439
795.1260086028029  397
795.1335104366262  367
795.1410122704496  498
795.1485141042727  404
795.1560159380961  434
795.1635177719194  529
795.1710196057426  446
795.1785214395659  452
795.1860232733892  413
795.1935251072125  484
795.2010269410357  442
795.208528774859  469
795.2160306086823  451
795.2235324425055  513
795.2310342763288  429
795.2385361101522  456
795.2460379439754  473
795.2535397777987  456
795.261041611622  499
795.2685434454453  456
795.2760452792685  430
795.2835471130918  442
795.2910489469151  525
795.2985507807383  493
795.3060526145616  429
795.3135544483849  513
795.3210562822081  526
795.3285581160314  526
795.3360599498548  497
795.3435617836781  532
795.3510636175013  589
795.3585654513246  455
795.3660672851479  645
795.3735691189711  546
795.3810709527944  597
795.3885727866177  419
795.3960746204409  547
795.4035764542642  526
795.4110782880875  498
795.4185801219108  493
795.426081955734  457
795.4335837895574  557
795.4410856233807  514
795.4485874572039  504
795.4560892910272  542
795.4635911248505  508
795.4710929586737  513
795.478594792497  534
795.4860966263203  429
795.4935984601436  446
795.5011002939668  426
795.5086021277901  587
795.5161039616135  430
795.5236057954367  523
795.53110762926  499
795.5386094630833  463
795.5461112969065  417
795.5536131307298  474
795.5611149645531  504
795.5686167983764  552
795.5761186321996  482
795.5836204660229  444
795.5911222998462  485
795.5986241336694  456
795.6061259674927  476
795.613627801316  523
795.6211296351393  422
795.6286314689626  504
795.6361333027859  503
795.6436351366092  483
795.6511369704324  413
795.6586388042557  527
795.666140638079  463
795.6736424719022  460
795.6811443057255  458
795.6886461395488  540
795.696147973372  518
795.7036498071953  483
795.7111516410187  487
795.718653474842  472
795.7261553086652  552
795.7336571424885  429
795.7411589763118  562
795.748660810135  493
795.7561626439583  499
795.7636644777816  517
795.7711663116048  409
795.7786681454281  493
795.7861699792514  473
795.7936718130748  549
795.801173646898  451
795.8086754807213  465
795.8161773145446  490
795.8236791483678  489
795.8311809821911  481
795.8386828160144  556
795.8461846498376  579
795.8536864836609  525
795.8611883174842  561
795.8686901513075  530
795.8761919851307  518
795.883693818954  555
795.8911956527774  489
795.8986974866006  514
795.9061993204239  532
795.9137011542472  387
795.9212029880705  563
795.9287048218937  550
795.936206655717  632
795.9437084895403  527
795.9512103233635  536
795.9587121571868  470
795.9662139910101  549
795.9737158248333  482
795.9812176586566  572
795.98871949248  566
795.9962213263032  596
796.0037231601265  596
796.0112249939498  554
796.0187268277731  525
796.0262286615963  509
796.0337304954196  540
796.0412323292429  566
796.0487341630661  564
796.0562359968894  548
796.0637378307127  567
796.071239664536  610
796.0787414983592  572
796.0862433321826  541
796.0937451660059  619
796.1012469998291  626
796.1087488336524  593
796.1162506674757  549
796.1237525012989  577
796.1312543351222  609
796.1387561689455  599
796.1462580027688  536
796.153759836592  599
796.1612616704153  609
796.1687635042387  578
796.1762653380619  584
796.1837671718852  637
796.1912690057085  524
796.1987708395317  588
796.206272673355  578
796.2137745071783  566
796.2212763410016  616
796.2287781748248  555
796.2362800086481  587
796.2437818424714  567
796.2512836762946  605
796.258785510118  654
796.2662873439413  618
796.2737891777645  573
796.2812910115878  526
796.2887928454111  591
796.2962946792344  535
796.3037965130576  594
796.3112983468809  549
796.3188001807042  552
796.3263020145274  582
796.3338038483507  597
796.341305682174  585
796.3488075159972  579
796.3563093498205  642
796.3638111836439  526
796.3713130174672  535
796.3788148512904  558
796.3863166851137  500
796.393818518937  635
796.4013203527602  619
796.4088221865835  620
796.4163240204068  593
796.42382585423  529
796.4313276880533  605
796.4388295218766  548
796.4463313557  530
796.4538331895232  573
796.4613350233465  422
796.4688368571698  510
796.476338690993  456
796.4838405248163  526
796.4913423586396  603
796.4988441924628  587
796.5063460262861  566
796.5138478601094  582
796.5213496939327  536
796.5288515277559  545
796.5363533615792  648
796.5438551954026  488
796.5513570292258  605
796.5588588630491  511
796.5663606968724  594
796.5738625306956  525
796.5813643645189  501
796.5888661983422  517
796.5963680321655  583
796.6038698659887  471
796.611371699812  418
796.6188735336353  533
796.6263753674585  550
796.6338772012818  527
796.6413790351052  511
796.6488808689284  606
796.6563827027517  491
796.663884536575  519
796.6713863703983  553
796.6788882042215  545
796.6863900380448  595
796.6938918718681  549
796.7013937056913  524
796.7088955395146  598
796.7163973733379  503
796.7238992071611  555
796.7314010409845  555
796.7389028748078  523
796.7464047086311  526
796.7539065424543  607
796.7614083762776  537
796.7689102101009  627
796.7764120439241  504
796.7839138777474  553
796.7914157115707  551
796.7989175453939  527
796.8064193792172  507
796.8139212130405  516
796.8214230468639  559
796.828924880687  673
796.8364267145104  572
796.8439285483337  625
796.8514303821569  568
796.8589322159802  519
796.8664340498035  607
796.8739358836267  572
796.88143771745  602
796.8889395512733  591
796.8964413850966  572
796.9039432189198  590
796.9114450527431  621
796.9189468865665  648
796.9264487203897  600
796.933950554213  660
796.9414523880363  606
796.9489542218595  600
796.9564560556828  607
796.9639578895061  682
796.9714597233294  600
796.9789615571526  573
796.9864633909759  643
796.9939652247992  699
797.0014670586224  603
797.0089688924458  569
797.0164707262691  682
797.0239725600923  630
797.0314743939156  633
797.0389762277389  631
797.0464780615622  590
797.0539798953854  728
797.0614817292087  627
797.068983563032  570
797.0764853968552  623
797.0839872306785  686
797.0914890645018  609
797.098990898325  604
797.1064927321484  677
797.1139945659717  658
797.121496399795  669
797.1289982336182  749
797.1365000674415  645
797.1440019012648  616
797.151503735088  655
797.1590055689113  655
797.1665074027346  701
797.1740092365578  643
797.1815110703811  664
797.1890129042044  679
797.1965147380278  694
797.204016571851  632
797.2115184056743  595
797.2190202394976  698
797.2265220733208  611
797.2340239071441  687
797.2415257409674  713
797.2490275747906  686
797.2565294086139  659
797.2640312424372  671
797.2715330762605  723
797.2790349100837  638
797.286536743907  645
797.2940385777304  599
797.3015404115536  583
797.3090422453769  580
797.3165440792002  626
797.3240459130234  675
797.3315477468467  660
797.33904958067  616
797.3465514144933  722
797.3540532483165  635
797.3615550821398  610
797.3690569159631  666
797.3765587497863  616
797.3840605836097  673
797.391562417433  621
797.3990642512562  601
797.4065660850795  623
797.4140679189028  599
797.4215697527261  658
797.4290715865493  582
797.4365734203726  658
797.4440752541959  564
797.4515770880191  548
797.4590789218424  630
797.4665807556657  611
797.474082589489  666
797.4815844233123  536
797.4890862571356  524
797.4965880909589  620
797.5040899247821  598
797.5115917586054  542
797.5190935924287  670
797.5265954262519  547
797.5340972600752  539
797.5415990938985  593
797.5491009277217  572
797.556602761545  590
797.5641045953683  569
797.5716064291917  539
797.5791082630149  541
797.5866100968382  526
797.5941119306615  589
797.6016137644847  599
797.609115598308  614
797.6166174321313  507
797.6241192659545  561
797.6316210997778  564
797.6391229336011  541
797.6466247674244  466
797.6541266012476  494
797.661628435071  394
797.6691302688943  536
797.6766321027175  558
797.6841339365408  449
797.6916357703641  533
797.6991376041874  639
797.7066394380106  527
797.7141412718339  603
797.7216431056572  495
797.7291449394804  491
797.7366467733037  506
797.744148607127  450
797.7516504409502  551
797.7591522747736  516
797.7666541085969  463
797.7741559424202  483
797.7816577762434  518
797.7891596100667  500
797.79666144389  534
797.8041632777132  506
797.8116651115365  458
797.8191669453598  421
797.826668779183  543
797.8341706130063  537
797.8416724468296  463
797.849174280653  467
797.8566761144762  506
797.8641779482995  503
797.8716797821228  482
797.879181615946  421
797.8866834497693  445
797.8941852835926  485
797.9016871174158  541
797.9091889512391  453
797.9166907850624  492
797.9241926188857  425
797.9316944527089  487
797.9391962865323  497
797.9466981203556  488
797.9541999541788  518
797.9617017880021  556
797.9692036218254  475
797.9767054556486  529
797.9842072894719  471
797.9917091232952  543
797.9992109571185  429
798.0067127909417  475
798.014214624765  466
798.0217164585883  545
798.0292182924115  465
798.0367201262349  534
798.0442219600582  461
798.0517237938814  497
798.0592256277047  506
798.066727461528  444
798.0742292953513  556
798.0817311291745  408
798.0892329629978  525
798.0967347968211  513
798.1042366306443  473
798.1117384644676  475
798.119240298291  392
798.1267421321141  356
798.1342439659375  500
798.1417457997608  550
798.1492476335841  503
798.1567494674073  470
798.1642513012306  511
798.1717531350539  470
798.1792549688771  549
798.1867568027004  497
798.1942586365237  472
798.2017604703469  475
798.2092623041702  484
798.2167641379936  401
798.2242659718169  516
798.2317678056401  489
798.2392696394634  535
798.2467714732867  444
798.2542733071099  501
798.2617751409332  533
798.2692769747565  546
798.2767788085797  530
798.284280642403  465
798.2917824762263  397
798.2992843100496  423
798.3067861438728  473
798.3142879776962  521
798.3217898115195  461
798.3292916453427  458
798.336793479166  408
798.3442953129893  443
798.3517971468125  439
798.3592989806358  424
798.3668008144591  452
798.3743026482824  450
798.3818044821056  426
798.3893063159289  478
798.3968081497522  472
798.4043099835754  511
798.4118118173988  501
798.4193136512221  426
798.4268154850453  456
798.4343173188686  444
798.4418191526919  443
798.4493209865152  380
798.4568228203384  412
798.4643246541617  442
798.471826487985  353
798.4793283218082  461
798.4868301556315  393
798.4943319894548  401
798.501833823278  446
798.5093356571014  455
798.5168374909247  420
798.524339324748  399
798.5318411585712  390
798.5393429923945  420
798.5468448262178  441
798.554346660041  391
798.5618484938643  402
798.5693503276876  305
798.5768521615108  366
798.5843539953341  373
798.5918558291575  413
798.5993576629808  345
798.606859496804  442
798.6143613306273  372
798.6218631644506  328
798.6293649982738  386
798.6368668320971  357
798.6443686659204  418
798.6518704997436  367
798.6593723335669  309
798.6668741673902  397
798.6743760012135  376
798.6818778350367  417
798.68937966886  314
798.6968815026834  438
798.7043833365066  370
798.7118851703299  351
798.7193870041532  323
798.7268888379764  350
798.7343906717997  351
798.741892505623  382
798.7493943394463  407
798.7568961732695  301
798.7643980070928  322
798.7718998409161  347
798.7794016747393  376
798.7869035085627  366
798.794405342386  359
798.8019071762092  312
798.8094090100325  301
798.8169108438558  342
798.8244126776791  407
798.8319145115023  278
798.8394163453256  319
798.8469181791489  346
798.8544200129721  371
798.8619218467954  334
798.8694236806188  344
798.876925514442  334
798.8844273482653  343
798.8919291820886  301
798.8994310159119  364
798.9069328497351  291
798.9144346835584  322
798.9219365173817  390
798.9294383512049  341
798.9369401850282  388
798.9444420188515  355
798.9519438526747  269
798.959445686498  340
798.9669475203214  291
798.9744493541447  372
798.9819511879679  332
798.9894530217912  335
798.9969548556145  395
799.0044566894377  348
799.011958523261  339
799.0194603570843  341
799.0269621909075  303
799.0344640247308  354
799.0419658585541  360
799.0494676923774  338
799.0569695262006  402
799.064471360024  235
799.0719731938473  330
799.0794750276705  362
799.0869768614938  379
799.0944786953171  335
799.1019805291403  376
799.1094823629636  360
799.1169841967869  341
799.1244860306102  350
799.1319878644334  324
799.1394896982567  356
799.14699153208  399
799.1544933659032  334
799.1619951997266  339
799.1694970335499  310
799.1769988673732  347
799.1845007011964  261
799.1920025350197  284
799.199504368843  301
799.2070062026662  276
799.2145080364895  295
799.2220098703128  312
799.229511704136  310
799.2370135379593  308
799.2445153717827  335
799.2520172056059  348
799.2595190394292  324
799.2670208732525  354
799.2745227070758  319
799.282024540899  307
799.2895263747223  339
799.2970282085456  244
799.3045300423688  293
799.3120318761921  314
799.3195337100154  319
799.3270355438387  315
799.334537377662  331
799.3420392114853  348
799.3495410453086  287
799.3570428791318  354
799.3645447129551  364
799.3720465467784  357
799.3795483806016  207
799.3870502144249  263
799.3945520482482  349
799.4020538820714  279
799.4095557158947  300
799.417057549718  302
799.4245593835414  350
799.4320612173645  319
799.4395630511879  306
799.4470648850112  325
799.4545667188344  332
799.4620685526577  306
799.469570386481  324
799.4770722203043  314
799.4845740541275  326
799.4920758879508  359
799.4995777217741  341
799.5070795555973  312
799.5145813894206  323
799.522083223244  269
799.5295850570672  203
799.5370868908905  300
799.5445887247138  269
799.5520905585371  268
799.5595923923603  340
799.5670942261836  341
799.5745960600069  350
799.5820978938301  310
799.5895997276534  323
799.5971015614767  206
799.6046033952999  270
799.6121052291232  306
799.6196070629466  289
799.6271088967699  204
799.6346107305931  326
799.6421125644164  248
799.6496143982397  293
799.6571162320629  363
799.6646180658862  282
799.6721198997095  302
799.6796217335327  299
799.687123567356  267
799.6946254011793  278
799.7021272350026  303
799.7096290688258  266
799.7171309026492  279
799.7246327364725  318
799.7321345702957  284
799.739636404119  293
799.7471382379423  265
799.7546400717655  244
799.7621419055888  248
799.7696437394121  270
799.7771455732354  268
799.7846474070586  315
799.7921492408819  305
799.7996510747053  287
799.8071529085285  295
799.8146547423518  259
799.8221565761751  271
799.8296584099983  274
799.8371602438216  290
799.8446620776449  298
799.8521639114682  312
799.8596657452914  310
799.8671675791147  301
799.874669412938  236
799.8821712467612  273
799.8896730805845  331
799.8971749144079  301
799.904676748231  290
799.9121785820544  198
799.9196804158777  260
799.927182249701  228
799.9346840835242  281
799.9421859173475  236
799.9496877511708  308
799.957189584994  233
799.9646914188173  278
799.9721932526406  276
799.9796950864638  236
799.9871969202871  253
799.9946987541105  261
800.0022005879338  250
800.009702421757  229
800.0172042555803  286
800.0247060894036  264
800.0322079232268  245
800.0397097570501  281
800.0472115908734  236
800.0547134246966  269
800.0622152585199  236
800.0697170923432  254
800.0772189261666  190
800.0847207599898  200
800.0922225938131  237
800.0997244276364  260
800.1072262614596  307
800.1147280952829  247
800.1222299291062  234
800.1297317629294  196
800.1372335967527  181
800.144735430576  244
800.1522372643993  197
800.1597390982225  273
800.1672409320458  271
800.1747427658692  302
800.1822445996924  225
800.1897464335157  225
800.197248267339  250
800.2047501011622  170
800.2122519349855  228
800.2197537688088  209
800.2272556026321  138
800.2347574364553  268
800.2422592702786  273
800.2497611041019  229
800.2572629379251  186
800.2647647717484  247
800.2722666055718  161
800.279768439395  179
800.2872702732183  289
800.2947721070416  183
800.3022739408649  183
800.3097757746881  209
800.3172776085114  162
800.3247794423347  235
800.3322812761579  195
800.3397831099812  169
800.3472849438045  219
800.3547867776277  180
800.362288611451  239
800.3697904452744  175
800.3772922790977  169
800.3847941129209  190
800.3922959467442  202
800.3997977805675  222
800.4072996143907  185
800.414801448214  194
800.4223032820373  164
800.4298051158605  210
800.4373069496838  151
800.4448087835071  188
800.4523106173305  153
800.4598124511537  158
800.467314284977  170
800.4748161188003  196
800.4823179526235  169
800.4898197864468  135
800.4973216202701  138
800.5048234540933  126
800.5123252879166  137
800.5198271217399  190
800.5273289555632  165
800.5348307893864  150
800.5423326232097  157
800.5498344570331  151
800.5573362908563  109
800.5648381246796  167
800.5723399585029  105
800.5798417923261  142
800.5873436261494  145
800.5948454599727  119
800.602347293796  105
800.6098491276192  92
800.6173509614425  146
800.6248527952658  117
800.632354629089  94
800.6398564629123  88
800.6473582967357  100
800.6548601305589  138
800.6623619643822  93
800.6698637982055  85
800.6773656320288  111
800.684867465852  88
800.6923692996753  91
800.6998711334986  122
800.7073729673218  123
800.7148748011451  131
800.7223766349684  107
800.7298784687916  114
800.737380302615  89
800.7448821364383  121
800.7523839702616  110
800.7598858040848  87
800.7673876379081  103
800.7748894717314  113
800.7823913055546  107
800.7898931393779  88
800.7973949732012  100
800.8048968070244  106
800.8123986408477  110
800.819900474671  107
800.8274023084944  126
800.8349041423176  98
800.8424059761409  115
800.8499078099642  89
800.8574096437874  116
800.8649114776107  94
800.872413311434  79
800.8799151452572  139
800.8874169790805  99
800.8949188129038  130
800.9024206467271  116
800.9099224805503  67
800.9174243143736  93
800.924926148197  121
800.9324279820202  116
800.9399298158435  118
800.9474316496668  61
800.9549334834901  152
800.9624353173133  91
800.9699371511366  70
800.9774389849599  68
800.9849408187831  73
800.9924426526064  83
800.9999444864297  148
801.0074463202529  102
801.0149481540763  84
801.0224499878996  95
801.0299518217228  110
801.0374536555461  77
801.0449554893694  87
801.0524573231927  104
801.0599591570159  71
801.0674609908392  53
801.0749628246625  103
801.0824646584857  90
801.089966492309  54
801.0974683261323  79
801.1049701599557  70
801.1124719937789  56
801.1199738276022  127
801.1274756614255  83
801.1349774952487  71
801.142479329072  61
801.1499811628953  67
801.1574829967185  83
801.1649848305418  91
801.1724866643651  53
801.1799884981884  69
801.1874903320116  108
801.194992165835  107
801.2024939996583  69
801.2099958334815  62
801.2174976673048  75
801.2249995011281  88
801.2325013349513  91
801.2400031687746  67
801.2475050025979  67
801.2550068364212  75
801.2625086702444  49
801.2700105040677  58
801.277512337891  87
801.2850141717142  68
801.2925160055375  90
801.3000178393609  57
801.3075196731841  44
801.3150215070074  50
801.3225233408307  103
801.330025174654  124
801.3375270084772  59
801.3450288423005  57
801.3525306761238  72
801.360032509947  63
801.3675343437703  23
801.3750361775936  61
801.3825380114168  110
801.3900398452402  137
801.3975416790635  102
801.4050435128868  37
801.41254534671  145
801.4200471805333  73
801.4275490143566  66
801.4350508481798  27
801.4425526820031  62
801.4500545158264  46
801.4575563496496  39
801.4650581834729  83
801.4725600172962  87
801.4800618511196  51
801.4875636849428  73
801.4950655187661  69
801.5025673525894  35
801.5100691864126  78
801.5175710202359  67
801.5250728540592  36
801.5325746878824  56
801.5400765217057  56
801.547578355529  59
801.5550801893523  47
801.5625820231755  76
801.5700838569988  30
801.5775856908222  37
801.5850875246454  46
801.5925893584687  26
801.600091192292  37
801.6075930261152  84
801.6150948599385  30
801.6225966937618  91
801.6300985275851  9
801.6376003614083  57
801.6451021952316  43
801.6526040290549  45
801.6601058628781  70
801.6676076967015  46
801.6751095305248  53
801.682611364348  40
801.6901131981713  35
801.6976150319946  77
801.7051168658179  30
801.7126186996411  28
801.7201205334644  57
801.7276223672877  57
801.7351242011109  77
801.7426260349342  47
801.7501278687575  65
801.7576297025807  54
801.765131536404  47
801.7726333702274  49
801.7801352040507  57
801.7876370378739  44
801.7951388716972  27
801.8026407055205  47
801.8101425393437  61
801.817644373167  62
801.8251462069903  38
801.8326480408135  51
801.8401498746368  47
801.8476517084601  55
801.8551535422835  15
801.8626553761067  23
801.87015720993  46
801.8776590437533  56
801.8851608775765  28
801.8926627113998  29
801.9001645452231  53
801.9076663790463  75
801.9151682128696  43
801.9226700466929  55
801.9301718805162  78
801.9376737143394  36
801.9451755481628  46
801.9526773819861  63
801.9601792158093  14
801.9676810496326  65
801.9751828834559  60
801.9826847172791  29
801.9901865511024  29
801.9976883849257  54
802.005190218749  50
802.0126920525722  52
802.0201938863955  79
802.0276957202188  1
802.035197554042  56
802.0426993878654  75
802.0502012216887  66
802.0577030555119  56
802.0652048893352  55
802.0727067231585  13
802.0802085569818  35
802.087710390805  41
802.0952122246283  10
802.1027140584516  53
802.1102158922748  98
802.1177177260981  49
802.1252195599214  61
802.1327213937446  49
802.140223227568  2
802.1477250613913  9
802.1552268952146  77
802.1627287290378  36
802.1702305628611  46
802.1777323966844  15
802.1852342305076  24
802.1927360643309  17
802.2002378981542  17
802.2077397319774  5
802.2152415658007  10
802.222743399624  45
802.2302452334474  17
802.2377470672706  29
802.2452489010939  59
802.2527507349172  14
802.2602525687404  18
802.2677544025637  65
802.275256236387  51
802.2827580702102  15
802.2902599040335  41
802.2977617378568  30
802.3052635716801  7
802.3127654055033  20
802.3202672393267  22
802.32776907315  54
802.3352709069732  53
802.3427727407965  50
802.3502745746198  57
802.357776408443  40
802.3652782422663  57
802.3727800760896  49
802.3802819099129  21
802.3877837437361  41
802.3952855775594  40
802.4027874113827  20
802.410289245206  53
802.4177910790293  19
802.4252929128526  56
802.4327947466758  46
802.4402965804991  34
802.4477984143224  17
802.4553002481457  22
802.4628020819689  20
802.4703039157922  26
802.4778057496155  -3
802.4853075834387  29
802.492809417262  4
802.5003112510853  40
802.5078130849085  36
802.5153149187319  25
802.5228167525552  33
802.5303185863785  23
802.5378204202017  37
802.545322254025  23
802.5528240878483  29
802.5603259216715  25
802.5678277554948  30
802.5753295893181  3
802.5828314231414  18
802.5903332569646  3
802.597835090788  1
802.6053369246113  35
802.6128387584345  38
802.6203405922578  23
802.6278424260811  54
802.6353442599043  13
802.6428460937276  31
802.6503479275509  55
802.6578497613741  74
802.6653515951974  52
802.6728534290207  22
802.680355262844  8
802.6878570966672  60
802.6953589304906  44
802.7028607643139  10
802.7103625981371  76
802.7178644319604  28
802.7253662657837  -2
802.732868099607  30
802.7403699334302  11
802.7478717672535  15
802.7553736010768  30
802.7628754349  41
802.7703772687233  27
802.7778791025466  52
802.7853809363698  45
802.7928827701932  17
802.8003846040165  24
802.8078864378398  9
802.815388271663  30
802.8228901054863  70
802.8303919393096  40
802.8378937731328  28
802.8453956069561  -7
802.8528974407794  35
802.8603992746026  14
802.8679011084259  30
802.8754029422493  6
802.8829047760726  19
802.8904066098958  18
802.8979084437191  43
802.9054102775424  61
802.9129121113656  40
802.9204139451889  43
802.9279157790122  54
802.9354176128354  14
802.9429194466587  8
802.950421280482  33
802.9579231143053  59
802.9654249481285  23
802.9729267819519  27
802.9804286157752  42
802.9879304495984  24
802.9954322834217  -3
803.002934117245  37
803.0104359510682  27
803.0179377848915  33
803.0254396187148  46
803.0329414525381  42
803.0404432863613  55
803.0479451201846  -6
803.055446954008  39
803.0629487878311  15
803.0704506216545  28
803.0779524554778  51
803.085454289301  28
803.0929561231243  1
803.1004579569476  13
803.1079597907709  25
803.1154616245941  30
803.1229634584174  37
803.1304652922407  22
803.1379671260639  21
803.1454689598872  18
803.1529707937106  28
803.1604726275337  55
803.1679744613571  -3
803.1754762951804  21
803.1829781290037  22
803.1904799628269  41
803.1979817966502  39
803.2054836304735  -9
803.2129854642967  47
803.22048729812  40
803.2279891319433  19
803.2354909657665  8
803.2429927995898  23
803.2504946334132  20
803.2579964672365  -1
803.2654983010597  5
803.273000134883  41
803.2805019687063  18
803.2880038025295  14
803.2955056363528  23
803.3030074701761  59
803.3105093039993  18
803.3180111378226  -4
803.3255129716459  17
803.3330148054692  6
803.3405166392924  15
803.3480184731158  10
803.3555203069391  21
803.3630221407623  -17
803.3705239745856  58
803.3780258084089  5
803.3855276422321  6
803.3930294760554  -1
803.4005313098787  15
803.408033143702  19
803.4155349775252  12
803.4230368113485  -2
803.4305386451719  19
803.438040478995  9
803.4455423128184  6
803.4530441466417  15
803.4605459804649  53
803.4680478142882  -4
803.4755496481115  37
803.4830514819348  38
803.490553315758  -22
803.4980551495813  28
803.5055569834046  14
803.5130588172278  -9
803.5205606510511  8
803.5280624848745  15
803.5355643186977  34
803.543066152521  22
803.5505679863443  15
803.5580698201676  -1
803.5655716539908  11
803.5730734878141  14
803.5805753216374  -4
803.5880771554606  24
803.5955789892839  -2
803.6030808231072  21
803.6105826569304  13
803.6180844907537  19
803.6255863245771  14
803.6330881584004  21
803.6405899922236  27
803.6480918260469  31
803.6555936598702  27
803.6630954936934  10
803.6705973275167  14
803.67809916134  -1
803.6856009951632  -5
803.6931028289865  14
803.7006046628098  12
803.7081064966331  43
803.7156083304563  -9
803.7231101642797  13
803.730611998103  39
803.7381138319262  20
803.7456156657495  52
803.7531174995728  17
803.760619333396  10
803.7681211672193  30
803.7756230010426  14
803.7831248348659  39
803.7906266686891  -8
803.7981285025124  2
803.8056303363358  9
803.813132170159  38
803.8206340039823  24
803.8281358378056  11
803.8356376716288  15
803.8431395054521  14
803.8506413392754  54
803.8581431730987  5
803.8656450069219  9
803.8731468407452  -26
803.8806486745685  26
803.8881505083917  36
803.895652342215  19
803.9031541760384  -10
803.9106560098616  23
803.9181578436849  36
803.9256596775082  18
803.9331615113315  9
803.9406633451547  30
803.948165178978  18
803.9556670128013  22
803.9631688466245  37
803.9706706804478  30
803.9781725142711  22
803.9856743480943  5
803.9931761819176  22
804.000678015741  15
804.0081798495643  25
804.0156816833875  4
804.0231835172108  49
804.0306853510341  14
804.0381871848573  5
804.0456890186806  19
804.0531908525039  18
804.0606926863271  25
804.0681945201504  18
804.0756963539737  19
804.083198187797  -3
804.0907000216203  35
804.0982018554436  34
804.1057036892669  26
804.1132055230901  38
804.1207073569134  -11
804.1282091907367  8
804.1357110245599  14
804.1432128583832  52
804.1507146922065  20
804.1582165260298  9
804.165718359853  -8
804.1732201936763  2
804.1807220274997  -1
804.1882238613229  24
804.1957256951462  15
804.2032275289695  -19
804.2107293627928  43
804.218231196616  -11
804.2257330304393  12
804.2332348642626  12
804.2407366980858  37
804.2482385319091  12
804.2557403657324  29
804.2632421995556  10
804.270744033379  -8
804.2782458672023  37
804.2857477010255  23
804.2932495348488  37
804.3007513686721  -13
804.3082532024954  20
804.3157550363186  30
804.3232568701419  12
804.3307587039652  27
804.3382605377884  26
804.3457623716117  14
804.353264205435  22
804.3607660392584  -14
804.3682678730815  17
804.3757697069049  11
804.3832715407282  31
804.3907733745514  -1
804.3982752083747  21
804.405777042198  34
804.4132788760212  13
804.4207807098445  6
804.4282825436678  39
804.4357843774911  3
804.4432862113143  37
804.4507880451376  27
804.458289878961  -10
804.4657917127842  36
804.4732935466075  14
804.4807953804308  25
804.488297214254  -11
804.4957990480773  45
804.5033008819006  37
804.5108027157239  4
804.5183045495471  8
804.5258063833704  11
804.5333082171937  -13
804.5408100510169  33
804.5483118848402  1
804.5558137186636  -19
804.5633155524868  -14
804.5708173863101  23
804.5783192201334  7
804.5858210539567  -23
804.5933228877799  -1
804.6008247216032  26
804.6083265554265  6
804.6158283892497  30
804.623330223073  2
804.6308320568963  -9
804.6383338907195  15
804.6458357245428  30
804.6533375583662  37
804.6608393921895  9
804.6683412260127  39
804.675843059836  11
804.6833448936593  33
804.6908467274825  12
804.6983485613058  43
804.7058503951291  39
804.7133522289523  50
804.7208540627756  -13
804.7283558965989  39
804.7358577304223  2
804.7433595642455  24
804.7508613980688  43
804.7583632318921  11
804.7658650657153  30
804.7733668995386  26
804.7808687333619  -14
804.7883705671851  25
804.7958724010084  19
804.8033742348317  18
804.810876068655  35
804.8183779024782  1
804.8258797363015  22
804.8333815701249  21
804.840883403948  -14
804.8483852377714  38
804.8558870715947  -19
804.8633889054179  -1
804.8708907392412  -14
804.8783925730645  20
804.8858944068878  -1
804.893396240711  18
804.9008980745343  15
804.9083999083576  -15
804.9159017421808  -7
804.9234035760041  18
804.9309054098275  28
804.9384072436507  7
804.945909077474  -10
804.9534109112973  23
804.9609127451206  -24
804.9684145789438  -3
804.9759164127671  19
804.9834182465904  -24
804.9909200804136  35
804.9984219142369  2
805.0059237480602  14
805.0134255818834  43
805.0209274157068  63
805.0284292495301  19
805.0359310833534  29
805.0434329171766  25
805.0509347509999  38
805.0584365848232  30
805.0659384186464  -43
805.0734402524697  -1
805.080942086293  11
805.0884439201162  -4
805.0959457539395  1
805.1034475877628  -4
805.1109494215862  17
805.1184512554094  9
805.1259530892327  20
805.133454923056  17
805.1409567568792  50
805.1484585907025  -9
805.1559604245258  -12
805.163462258349  51
805.1709640921723  15
805.1784659259956  34
805.1859677598189  21
805.1934695936421  14
805.2009714274654  -2
805.2084732612888  18
805.215975095112  -7
805.2234769289353  44
805.2309787627586  8
