ADC Channel - Charge distribution	ADC Counts - Charge distribution
-99.5	0
-98.5	0
-97.5	0
-96.5	0
-95.5	0
-94.5	0
-93.5	0
-92.5	0
-91.5	0
-90.5	0
-89.5	0
-88.5	0
-87.5	1
-86.5	0
-85.5	0
-84.5	1
-83.5	3
-82.5	1
-81.5	2
-80.5	4
-79.5	4
-78.5	5
-77.5	3
-76.5	3
-75.5	7
-74.5	13
-73.5	17
-72.5	29
-71.5	21
-70.5	29
-69.5	40
-68.5	49
-67.5	66
-66.5	97
-65.5	107
-64.5	143
-63.5	158
-62.5	227
-61.5	250
-60.5	325
-59.5	354
-58.5	472
-57.5	538
-56.5	723
-55.5	868
-54.5	1072
-53.5	1221
-52.5	1558
-51.5	1774
-50.5	2073
-49.5	2537
-48.5	3039
-47.5	3470
-46.5	4000
-45.5	4767
-44.5	5548
-43.5	6493
-42.5	7380
-41.5	8524
-40.5	9505
-39.5	11159
-38.5	12380
-37.5	14007
-36.5	16021
-35.5	17953
-34.5	19648
-33.5	22404
-32.5	24547
-31.5	26943
-30.5	30234
-29.5	33204
-28.5	36137
-27.5	39614
-26.5	43234
-25.5	46816
-24.5	50430
-23.5	54480
-22.5	58320
-21.5	63127
-20.5	66028
-19.5	70890
-18.5	74873
-17.5	79087
-16.5	83478
-15.5	87260
-14.5	91417
-13.5	95819
-12.5	99174
-11.5	103308
-10.5	105709
-9.5	108904
-8.5	111667
-7.5	114254
-6.5	116013
-5.5	117577
-4.5	118156
-3.5	119231
-2.5	119873
-1.5	118478
-0.5	117763
0.5	116461
1.5	114446
2.5	111320
3.5	108294
4.5	104810
5.5	100608
6.5	96750
7.5	92546
8.5	87302
9.5	82502
10.5	77943
11.5	72733
12.5	67210
13.5	62347
14.5	57540
15.5	52849
16.5	48287
17.5	43601
18.5	40024
19.5	35941
20.5	32227
21.5	28567
22.5	25332
23.5	22746
24.5	19936
25.5	17668
26.5	15214
27.5	13305
28.5	11714
29.5	10392
30.5	8894
31.5	7643
32.5	6826
33.5	5724
34.5	5018
35.5	4380
36.5	3721
37.5	3296
38.5	2862
39.5	2534
40.5	2206
41.5	1998
42.5	1770
43.5	1629
44.5	1531
45.5	1407
46.5	1282
47.5	1237
48.5	1108
49.5	1075
50.5	1030
51.5	931
52.5	981
53.5	920
54.5	939
55.5	867
56.5	843
57.5	867
58.5	823
59.5	874
60.5	842
61.5	813
62.5	806
63.5	721
64.5	740
65.5	718
66.5	809
67.5	764
68.5	761
69.5	693
70.5	706
71.5	650
72.5	694
73.5	682
74.5	688
75.5	673
76.5	713
77.5	660
78.5	637
79.5	742
80.5	661
81.5	647
82.5	633
83.5	619
84.5	652
85.5	607
86.5	675
87.5	607
88.5	666
89.5	605
90.5	644
91.5	618
92.5	618
93.5	583
94.5	627
95.5	648
96.5	618
97.5	651
98.5	616
99.5	609
100.5	611
101.5	582
102.5	599
103.5	625
104.5	603
105.5	576
106.5	608
107.5	594
108.5	589
109.5	591
110.5	619
111.5	586
112.5	606
113.5	617
114.5	583
115.5	570
116.5	610
117.5	591
118.5	560
119.5	553
120.5	604
121.5	614
122.5	581
123.5	570
124.5	606
125.5	602
126.5	599
127.5	596
128.5	593
129.5	578
130.5	600
131.5	580
132.5	604
133.5	578
134.5	596
135.5	560
136.5	604
137.5	597
138.5	614
139.5	627
140.5	615
141.5	618
142.5	652
143.5	627
144.5	600
145.5	583
146.5	621
147.5	604
148.5	632
149.5	648
150.5	623
151.5	637
152.5	660
153.5	659
154.5	657
155.5	641
156.5	709
157.5	642
158.5	620
159.5	678
160.5	694
161.5	676
162.5	670
163.5	706
164.5	691
165.5	783
166.5	690
167.5	732
168.5	765
169.5	733
170.5	802
171.5	799
172.5	870
173.5	857
174.5	873
175.5	898
176.5	852
177.5	956
178.5	934
179.5	929
180.5	1001
181.5	994
182.5	1064
183.5	1110
184.5	1136
185.5	1150
186.5	1212
187.5	1267
188.5	1322
189.5	1387
190.5	1423
191.5	1528
192.5	1597
193.5	1622
194.5	1680
195.5	1773
196.5	1822
197.5	1891
198.5	2055
199.5	2006
200.5	2235
201.5	2256
202.5	2294
203.5	2376
204.5	2500
205.5	2631
206.5	2726
207.5	2818
208.5	2919
209.5	2946
210.5	3094
211.5	3063
212.5	3181
213.5	3272
214.5	3352
215.5	3343
216.5	3327
217.5	3518
218.5	3421
219.5	3495
220.5	3485
221.5	3359
222.5	3508
223.5	3487
224.5	3422
225.5	3283
226.5	3325
227.5	3250
228.5	3159
229.5	3066
230.5	2922
231.5	2967
232.5	2946
233.5	2819
234.5	2689
235.5	2539
236.5	2398
237.5	2296
238.5	2176
239.5	2104
240.5	1982
241.5	1771
242.5	1735
243.5	1571
244.5	1606
245.5	1535
246.5	1348
247.5	1292
248.5	1172
249.5	1143
250.5	1043
251.5	867
252.5	911
253.5	824
254.5	746
255.5	717
256.5	638
257.5	618
258.5	582
259.5	558
260.5	512
261.5	488
262.5	484
263.5	459
264.5	384
265.5	428
266.5	379
267.5	358
268.5	401
269.5	373
270.5	369
271.5	333
272.5	355
273.5	332
274.5	316
275.5	342
276.5	310
277.5	312
278.5	311
279.5	302
280.5	357
281.5	310
282.5	304
283.5	302
284.5	292
285.5	310
286.5	313
287.5	287
288.5	253
289.5	272
290.5	276
291.5	311
292.5	281
293.5	321
294.5	285
295.5	284
296.5	258
297.5	262
298.5	289
299.5	310
300.5	277
301.5	249
302.5	249
303.5	250
304.5	241
305.5	263
306.5	263
307.5	249
308.5	277
309.5	266
310.5	232
311.5	260
312.5	255
313.5	239
314.5	265
315.5	237
316.5	223
317.5	259
318.5	237
319.5	232
320.5	209
321.5	219
322.5	234
323.5	191
324.5	251
325.5	213
326.5	196
327.5	211
328.5	216
329.5	202
330.5	223
331.5	210
332.5	211
333.5	221
334.5	183
335.5	215
336.5	213
337.5	175
338.5	215
339.5	205
340.5	192
341.5	214
342.5	194
343.5	195
344.5	189
345.5	201
346.5	182
347.5	172
348.5	189
349.5	151
350.5	135
351.5	185
352.5	180
353.5	181
354.5	180
355.5	170
356.5	157
357.5	166
358.5	157
359.5	138
360.5	184
361.5	172
362.5	180
363.5	165
364.5	160
365.5	164
366.5	151
367.5	161
368.5	135
369.5	135
370.5	150
371.5	143
372.5	143
373.5	127
374.5	125
375.5	137
376.5	131
377.5	150
378.5	150
379.5	133
380.5	159
381.5	126
382.5	152
383.5	119
384.5	144
385.5	117
386.5	135
387.5	134
388.5	148
389.5	149
390.5	117
391.5	115
392.5	121
393.5	127
394.5	137
395.5	135
396.5	100
397.5	156
398.5	122
399.5	135
400.5	153
401.5	148
402.5	154
403.5	130
404.5	109
405.5	138
406.5	167
407.5	111
408.5	159
409.5	145
410.5	133
411.5	143
412.5	150
413.5	157
414.5	150
415.5	155
416.5	174
417.5	153
418.5	164
419.5	181
420.5	181
421.5	182
422.5	169
423.5	168
424.5	168
425.5	181
426.5	178
427.5	174
428.5	203
429.5	208
430.5	202
431.5	216
432.5	227
433.5	215
434.5	229
435.5	238
436.5	239
437.5	240
438.5	226
439.5	226
440.5	216
441.5	248
442.5	249
443.5	235
444.5	229
445.5	263
446.5	285
447.5	246
448.5	262
449.5	238
450.5	232
451.5	237
452.5	250
453.5	261
454.5	252
455.5	221
456.5	235
457.5	238
458.5	210
459.5	194
460.5	217
461.5	191
462.5	210
463.5	174
464.5	193
465.5	184
466.5	177
467.5	165
468.5	162
469.5	157
470.5	148
471.5	145
472.5	125
473.5	133
474.5	110
475.5	127
476.5	104
477.5	116
478.5	106
479.5	112
480.5	102
481.5	90
482.5	94
483.5	102
484.5	82
485.5	86
486.5	91
487.5	87
488.5	73
489.5	70
490.5	75
491.5	61
492.5	73
493.5	57
494.5	66
495.5	76
496.5	64
497.5	60
498.5	50
499.5	53
500.5	47
501.5	64
502.5	52
503.5	62
504.5	57
505.5	39
506.5	40
507.5	45
508.5	56
509.5	47
510.5	48
511.5	67
512.5	41
513.5	57
514.5	60
515.5	50
516.5	60
517.5	50
518.5	47
519.5	58
520.5	54
521.5	56
522.5	56
523.5	54
524.5	49
525.5	42
526.5	50
527.5	41
528.5	42
529.5	51
530.5	48
531.5	53
532.5	44
533.5	43
534.5	57
535.5	43
536.5	37
537.5	47
538.5	49
539.5	51
540.5	38
541.5	37
542.5	40
543.5	42
544.5	44
545.5	41
546.5	55
547.5	33
548.5	47
549.5	39
550.5	42
551.5	38
552.5	34
553.5	37
554.5	54
555.5	38
556.5	34
557.5	42
558.5	38
559.5	25
560.5	43
561.5	35
562.5	38
563.5	41
564.5	43
565.5	40
566.5	33
567.5	39
568.5	40
569.5	40
570.5	37
571.5	26
572.5	42
573.5	37
574.5	33
575.5	38
576.5	31
577.5	28
578.5	31
579.5	32
580.5	27
581.5	45
582.5	32
583.5	37
584.5	31
585.5	31
586.5	33
587.5	30
588.5	29
589.5	26
590.5	30
591.5	28
592.5	35
593.5	22
594.5	24
595.5	19
596.5	25
597.5	24
598.5	29
599.5	28
600.5	30
601.5	19
602.5	27
603.5	22
604.5	23
605.5	14
606.5	23
607.5	27
608.5	34
609.5	31
610.5	22
611.5	24
612.5	25
613.5	20
614.5	30
615.5	25
616.5	16
617.5	24
618.5	19
619.5	25
620.5	26
621.5	17
622.5	12
623.5	18
624.5	20
625.5	19
626.5	20
627.5	30
628.5	28
629.5	29
630.5	22
631.5	22
632.5	19
633.5	22
634.5	26
635.5	19
636.5	28
637.5	20
638.5	16
639.5	29
640.5	18
641.5	27
642.5	32
643.5	32
644.5	33
645.5	22
646.5	28
647.5	22
648.5	21
649.5	20
650.5	20
651.5	25
652.5	29
653.5	30
654.5	33
655.5	18
656.5	32
657.5	23
658.5	27
659.5	20
660.5	17
661.5	27
662.5	23
663.5	20
664.5	31
665.5	25
666.5	18
667.5	24
668.5	26
669.5	15
670.5	26
671.5	21
672.5	23
673.5	32
674.5	27
675.5	31
676.5	19
677.5	27
678.5	19
679.5	24
680.5	21
681.5	20
682.5	29
683.5	22
684.5	22
685.5	27
686.5	21
687.5	32
688.5	21
689.5	17
690.5	27
691.5	17
692.5	18
693.5	16
694.5	15
695.5	19
696.5	16
697.5	19
698.5	19
699.5	21
700.5	22
701.5	16
702.5	16
703.5	14
704.5	23
705.5	20
706.5	12
707.5	18
708.5	19
709.5	19
710.5	11
711.5	9
712.5	8
713.5	11
714.5	20
715.5	12
716.5	14
717.5	15
718.5	9
719.5	14
720.5	10
721.5	5
722.5	10
723.5	12
724.5	13
725.5	9
726.5	8
727.5	10
728.5	9
729.5	11
730.5	12
731.5	7
732.5	12
733.5	13
734.5	8
735.5	15
736.5	7
737.5	13
738.5	11
739.5	10
740.5	8
741.5	12
742.5	11
743.5	8
744.5	6
745.5	6
746.5	10
747.5	4
748.5	7
749.5	8
750.5	10
751.5	8
752.5	10
753.5	8
754.5	6
755.5	13
756.5	3
757.5	9
758.5	5
759.5	10
760.5	5
761.5	9
762.5	8
763.5	6
764.5	2
765.5	7
766.5	7
767.5	6
768.5	5
769.5	7
770.5	5
771.5	13
772.5	10
773.5	5
774.5	9
775.5	7
776.5	7
777.5	6
778.5	4
779.5	6
780.5	7
781.5	3
782.5	5
783.5	4
784.5	3
785.5	6
786.5	4
787.5	7
788.5	9
789.5	6
790.5	3
791.5	10
792.5	3
793.5	5
794.5	8
795.5	12
796.5	5
797.5	5
798.5	4
799.5	9
800.5	4
801.5	7
802.5	8
803.5	8
804.5	8
805.5	7
806.5	5
807.5	4
808.5	8
809.5	3
810.5	1
811.5	3
812.5	5
813.5	5
814.5	5
815.5	7
816.5	1
817.5	4
818.5	4
819.5	7
820.5	6
821.5	4
822.5	5
823.5	2
824.5	5
825.5	4
826.5	4
827.5	5
828.5	5
829.5	4
830.5	12
831.5	3
832.5	10
833.5	5
834.5	2
835.5	3
836.5	4
837.5	4
838.5	4
839.5	4
840.5	4
841.5	4
842.5	5
843.5	5
844.5	0
845.5	5
846.5	3
847.5	3
848.5	4
849.5	5
850.5	2
851.5	3
852.5	4
853.5	2
854.5	2
855.5	6
856.5	3
857.5	1
858.5	5
859.5	5
860.5	6
861.5	3
862.5	2
863.5	2
864.5	1
865.5	4
866.5	6
867.5	6
868.5	7
869.5	4
870.5	3
871.5	2
872.5	2
873.5	4
874.5	1
875.5	0
876.5	2
877.5	4
878.5	5
879.5	3
880.5	1
881.5	4
882.5	7
883.5	2
884.5	5
885.5	3
886.5	3
887.5	6
888.5	1
889.5	4
890.5	3
891.5	2
892.5	4
893.5	5
894.5	5
895.5	1
896.5	4
897.5	2
898.5	3
899.5	3
900.5	4
901.5	2
902.5	5
903.5	2
904.5	1
905.5	5
906.5	4
907.5	1
908.5	4
909.5	0
910.5	2
911.5	3
912.5	2
913.5	2
914.5	3
915.5	3
916.5	2
917.5	1
918.5	2
919.5	2
920.5	2
921.5	2
922.5	2
923.5	1
924.5	4
925.5	1
926.5	3
927.5	1
928.5	2
929.5	3
930.5	1
931.5	2
932.5	4
933.5	5
934.5	2
935.5	2
936.5	3
937.5	1
938.5	0
939.5	1
940.5	1
941.5	3
942.5	3
943.5	3
944.5	2
945.5	3
946.5	0
947.5	1
948.5	3
949.5	0
950.5	0
951.5	0
952.5	1
953.5	2
954.5	3
955.5	3
956.5	3
957.5	0
958.5	2
959.5	1
960.5	0
961.5	3
962.5	2
963.5	0
964.5	3
965.5	2
966.5	1
967.5	3
968.5	1
969.5	4
970.5	3
971.5	2
972.5	2
973.5	6
974.5	2
975.5	1
976.5	0
977.5	0
978.5	0
979.5	1
980.5	0
981.5	0
982.5	1
983.5	2
984.5	1
985.5	0
986.5	0
987.5	2
988.5	2
989.5	1
990.5	3
991.5	0
992.5	1
993.5	0
994.5	1
995.5	0
996.5	3
997.5	2
998.5	1
999.5	1
1000.5	0
1001.5	1
1002.5	2
1003.5	1
1004.5	0
1005.5	1
1006.5	1
1007.5	1
1008.5	0
1009.5	0
1010.5	0
1011.5	3
1012.5	0
1013.5	2
1014.5	1
1015.5	0
1016.5	0
1017.5	2
1018.5	0
1019.5	0
1020.5	1
1021.5	0
1022.5	0
1023.5	2
1024.5	1
1025.5	1
1026.5	1
1027.5	1
1028.5	1
1029.5	2
1030.5	1
1031.5	1
1032.5	1
1033.5	3
1034.5	2
1035.5	1
1036.5	2
1037.5	2
1038.5	1
1039.5	1
1040.5	0
1041.5	1
1042.5	0
1043.5	1
1044.5	1
1045.5	1
1046.5	1
1047.5	1
1048.5	1
1049.5	1
1050.5	0
1051.5	3
1052.5	0
1053.5	0
1054.5	0
1055.5	0
1056.5	1
1057.5	1
1058.5	0
1059.5	0
1060.5	1
1061.5	1
1062.5	0
1063.5	0
1064.5	4
1065.5	0
1066.5	1
1067.5	3
1068.5	0
1069.5	2
1070.5	0
1071.5	0
1072.5	0
1073.5	1
1074.5	0
1075.5	0
1076.5	1
1077.5	2
1078.5	0
1079.5	0
1080.5	0
1081.5	0
1082.5	1
1083.5	0
1084.5	1
1085.5	0
1086.5	1
1087.5	0
1088.5	0
1089.5	0
1090.5	0
1091.5	0
1092.5	0
1093.5	0
1094.5	0
1095.5	0
1096.5	0
1097.5	1
1098.5	0
1099.5	0
1100.5	0
1101.5	1
1102.5	1
1103.5	1
1104.5	0
1105.5	2
1106.5	0
1107.5	1
1108.5	0
1109.5	1
1110.5	2
1111.5	0
1112.5	0
1113.5	0
1114.5	1
1115.5	0
1116.5	0
1117.5	1
1118.5	0
1119.5	0
1120.5	0
1121.5	0
1122.5	1
1123.5	1
1124.5	0
1125.5	0
1126.5	0
1127.5	0
1128.5	2
1129.5	1
1130.5	1
1131.5	0
1132.5	0
1133.5	0
1134.5	0
1135.5	0
1136.5	0
1137.5	1
1138.5	0
1139.5	0
1140.5	0
1141.5	0
1142.5	0
1143.5	0
1144.5	0
1145.5	1
1146.5	0
1147.5	0
1148.5	1
1149.5	1
1150.5	0
1151.5	2
1152.5	0
1153.5	1
1154.5	1
1155.5	1
1156.5	0
1157.5	0
1158.5	1
1159.5	1
1160.5	0
1161.5	0
1162.5	2
1163.5	1
1164.5	1
1165.5	0
1166.5	0
1167.5	1
1168.5	0
1169.5	0
1170.5	0
1171.5	0
1172.5	1
1173.5	1
1174.5	0
1175.5	0
1176.5	1
1177.5	0
1178.5	0
1179.5	0
1180.5	0
1181.5	0
1182.5	0
1183.5	0
1184.5	1
1185.5	1
1186.5	1
1187.5	0
1188.5	1
1189.5	1
1190.5	0
1191.5	0
1192.5	0
1193.5	1
1194.5	0
1195.5	0
1196.5	0
1197.5	1
1198.5	0
1199.5	1
1200.5	0
1201.5	0
1202.5	2
1203.5	0
1204.5	0
1205.5	0
1206.5	0
1207.5	0
1208.5	0
1209.5	0
1210.5	1
1211.5	0
1212.5	0
1213.5	2
1214.5	0
1215.5	0
1216.5	0
1217.5	0
1218.5	0
1219.5	0
1220.5	2
1221.5	0
1222.5	0
1223.5	0
1224.5	0
1225.5	1
1226.5	0
1227.5	0
1228.5	0
1229.5	0
1230.5	0
1231.5	1
1232.5	0
1233.5	0
1234.5	0
1235.5	0
1236.5	0
1237.5	0
1238.5	0
1239.5	0
1240.5	0
1241.5	0
1242.5	0
1243.5	1
1244.5	1
1245.5	0
1246.5	1
1247.5	2
1248.5	0
1249.5	0
1250.5	0
1251.5	1
1252.5	0
1253.5	0
1254.5	1
1255.5	0
1256.5	0
1257.5	0
1258.5	0
1259.5	0
1260.5	0
1261.5	0
1262.5	0
1263.5	1
1264.5	0
1265.5	0
1266.5	0
1267.5	0
1268.5	0
1269.5	0
1270.5	0
1271.5	0
1272.5	0
1273.5	1
1274.5	0
1275.5	0
1276.5	0
1277.5	0
1278.5	0
1279.5	0
1280.5	1
1281.5	0
1282.5	1
1283.5	1
1284.5	0
1285.5	0
1286.5	0
1287.5	1
1288.5	0
1289.5	0
1290.5	1
1291.5	0
1292.5	0
1293.5	0
1294.5	0
1295.5	0
1296.5	0
1297.5	0
1298.5	0
1299.5	0
1300.5	0
1301.5	0
1302.5	0
1303.5	0
1304.5	0
1305.5	0
1306.5	0
1307.5	0
1308.5	0
1309.5	0
1310.5	0
1311.5	1
1312.5	0
1313.5	0
1314.5	0
1315.5	0
1316.5	0
1317.5	0
1318.5	0
1319.5	0
1320.5	1
1321.5	1
1322.5	0
1323.5	0
1324.5	0
1325.5	0
1326.5	0
1327.5	0
1328.5	0
1329.5	0
1330.5	0
1331.5	0
1332.5	0
1333.5	0
1334.5	0
1335.5	0
1336.5	0
1337.5	1
1338.5	0
1339.5	0
1340.5	0
1341.5	0
1342.5	0
1343.5	0
1344.5	0
1345.5	0
1346.5	0
1347.5	0
1348.5	0
1349.5	0
1350.5	0
1351.5	0
1352.5	0
1353.5	0
1354.5	0
1355.5	0
1356.5	0
1357.5	0
1358.5	0
1359.5	0
1360.5	0
1361.5	0
1362.5	0
1363.5	0
1364.5	0
1365.5	0
1366.5	0
1367.5	0
1368.5	0
1369.5	0
1370.5	0
1371.5	0
1372.5	0
1373.5	0
1374.5	1
1375.5	0
1376.5	0
1377.5	0
1378.5	0
1379.5	0
1380.5	0
1381.5	0
1382.5	0
1383.5	0
1384.5	0
1385.5	0
1386.5	0
1387.5	0
1388.5	0
1389.5	0
1390.5	0
1391.5	0
1392.5	0
1393.5	0
1394.5	0
1395.5	0
1396.5	0
1397.5	0
1398.5	0
1399.5	0
1400.5	0
1401.5	0
1402.5	0
1403.5	0
1404.5	0
1405.5	0
1406.5	0
1407.5	0
1408.5	0
1409.5	0
1410.5	0
1411.5	0
1412.5	0
1413.5	0
1414.5	0
1415.5	0
1416.5	0
1417.5	0
1418.5	0
1419.5	0
1420.5	0
1421.5	0
1422.5	1
1423.5	0
1424.5	0
1425.5	0
1426.5	0
1427.5	0
1428.5	0
1429.5	0
1430.5	0
1431.5	0
1432.5	0
1433.5	0
1434.5	0
1435.5	0
1436.5	0
1437.5	0
1438.5	0
1439.5	0
1440.5	0
1441.5	0
1442.5	0
1443.5	0
1444.5	0
1445.5	0
1446.5	0
1447.5	0
1448.5	0
1449.5	0
1450.5	0
1451.5	0
1452.5	0
1453.5	0
1454.5	0
1455.5	0
1456.5	0
1457.5	0
1458.5	0
1459.5	0
1460.5	0
1461.5	0
1462.5	0
1463.5	0
1464.5	0
1465.5	0
1466.5	0
1467.5	0
1468.5	0
1469.5	0
1470.5	0
1471.5	0
1472.5	0
1473.5	0
1474.5	0
1475.5	0
1476.5	0
1477.5	0
1478.5	0
1479.5	0
1480.5	0
1481.5	0
1482.5	0
1483.5	0
1484.5	0
1485.5	0
1486.5	0
1487.5	0
1488.5	0
1489.5	0
1490.5	0
1491.5	0
1492.5	0
1493.5	0
1494.5	0
1495.5	0
1496.5	0
1497.5	0
1498.5	0
1499.5	0
1500.5	0
1501.5	0
1502.5	0
1503.5	0
1504.5	0
1505.5	0
1506.5	0
1507.5	0
1508.5	0
1509.5	0
1510.5	0
1511.5	0
1512.5	0
1513.5	0
1514.5	0
1515.5	0
1516.5	0
1517.5	0
1518.5	0
1519.5	0
1520.5	0
1521.5	0
1522.5	0
1523.5	0
1524.5	0
1525.5	1
1526.5	0
1527.5	0
1528.5	0
1529.5	0
1530.5	0
1531.5	0
1532.5	0
1533.5	0
1534.5	0
1535.5	0
1536.5	0
1537.5	1
1538.5	0
1539.5	0
1540.5	0
1541.5	0
1542.5	0
1543.5	0
1544.5	0
1545.5	0
1546.5	1
1547.5	0
1548.5	0
1549.5	0
1550.5	0
1551.5	0
1552.5	0
1553.5	0
1554.5	0
1555.5	0
1556.5	0
1557.5	0
1558.5	0
1559.5	0
1560.5	0
1561.5	0
1562.5	0
1563.5	0
1564.5	0
1565.5	0
1566.5	0
1567.5	0
1568.5	0
1569.5	0
1570.5	0
1571.5	0
1572.5	0
1573.5	0
1574.5	0
1575.5	0
1576.5	0
1577.5	0
1578.5	0
1579.5	0
1580.5	0
1581.5	0
1582.5	0
1583.5	0
1584.5	0
1585.5	0
1586.5	0
1587.5	0
1588.5	0
1589.5	0
1590.5	0
1591.5	0
1592.5	0
1593.5	0
1594.5	0
1595.5	0
1596.5	0
1597.5	0
1598.5	0
1599.5	0
1600.5	0
1601.5	0
1602.5	0
1603.5	0
1604.5	0
1605.5	0
1606.5	0
1607.5	0
1608.5	0
1609.5	0
1610.5	0
1611.5	0
1612.5	0
1613.5	0
1614.5	0
1615.5	0
1616.5	0
1617.5	0
1618.5	0
1619.5	0
1620.5	0
1621.5	0
1622.5	0
1623.5	0
1624.5	0
1625.5	0
1626.5	0
1627.5	0
1628.5	0
1629.5	0
1630.5	0
1631.5	0
1632.5	0
1633.5	0
1634.5	0
1635.5	0
1636.5	0
1637.5	0
1638.5	0
1639.5	0
1640.5	0
1641.5	0
1642.5	0
1643.5	0
1644.5	0
1645.5	0
1646.5	0
1647.5	0
1648.5	0
1649.5	0
1650.5	0
1651.5	0
1652.5	0
1653.5	0
1654.5	0
1655.5	0
1656.5	0
1657.5	0
1658.5	0
1659.5	0
1660.5	0
1661.5	0
1662.5	0
1663.5	0
1664.5	0
1665.5	0
1666.5	0
1667.5	0
1668.5	0
1669.5	0
1670.5	0
1671.5	0
1672.5	0
1673.5	0
1674.5	0
1675.5	0
1676.5	0
1677.5	0
1678.5	0
1679.5	0
1680.5	0
1681.5	0
1682.5	0
1683.5	0
1684.5	0
1685.5	0
1686.5	0
1687.5	0
1688.5	0
1689.5	0
1690.5	0
1691.5	0
1692.5	0
1693.5	0
1694.5	0
1695.5	0
1696.5	0
1697.5	0
1698.5	0
1699.5	0
1700.5	0
1701.5	0
1702.5	0
1703.5	0
1704.5	0
1705.5	0
1706.5	0
1707.5	0
1708.5	0
1709.5	0
1710.5	0
1711.5	0
1712.5	0
1713.5	0
1714.5	0
1715.5	0
1716.5	0
1717.5	0
1718.5	0
1719.5	0
1720.5	0
1721.5	0
1722.5	0
1723.5	0
1724.5	0
1725.5	0
1726.5	0
1727.5	0
1728.5	0
1729.5	0
1730.5	0
1731.5	0
1732.5	0
1733.5	0
1734.5	0
1735.5	0
1736.5	0
1737.5	0
1738.5	0
1739.5	0
1740.5	0
1741.5	0
1742.5	0
1743.5	0
1744.5	0
1745.5	0
1746.5	0
1747.5	0
1748.5	0
1749.5	0
1750.5	0
1751.5	0
1752.5	0
1753.5	0
1754.5	0
1755.5	0
1756.5	0
1757.5	0
1758.5	0
1759.5	0
1760.5	0
1761.5	0
1762.5	0
1763.5	0
1764.5	0
1765.5	0
1766.5	0
1767.5	0
1768.5	0
1769.5	0
1770.5	0
1771.5	0
1772.5	0
1773.5	0
1774.5	0
1775.5	0
1776.5	0
1777.5	0
1778.5	0
1779.5	0
1780.5	0
1781.5	0
1782.5	0
1783.5	0
1784.5	0
1785.5	0
1786.5	0
1787.5	0
1788.5	0
1789.5	0
1790.5	0
1791.5	0
1792.5	0
1793.5	0
1794.5	0
1795.5	0
1796.5	0
1797.5	0
1798.5	0
1799.5	0
1800.5	0
1801.5	0
1802.5	0
1803.5	0
1804.5	0
1805.5	0
1806.5	0
1807.5	0
1808.5	0
1809.5	0
1810.5	0
1811.5	0
1812.5	0
1813.5	0
1814.5	0
1815.5	0
1816.5	0
1817.5	0
1818.5	0
1819.5	0
1820.5	0
1821.5	0
1822.5	0
1823.5	0
1824.5	0
1825.5	0
1826.5	0
1827.5	0
1828.5	0
1829.5	0
1830.5	0
1831.5	0
1832.5	0
1833.5	0
1834.5	0
1835.5	0
1836.5	0
1837.5	0
1838.5	0
1839.5	0
1840.5	0
1841.5	0
1842.5	0
1843.5	0
1844.5	0
1845.5	0
1846.5	0
1847.5	0
1848.5	0
1849.5	0
1850.5	0
1851.5	0
1852.5	0
1853.5	0
1854.5	0
1855.5	0
1856.5	0
1857.5	0
1858.5	0
1859.5	0
1860.5	0
1861.5	0
1862.5	0
1863.5	0
1864.5	0
1865.5	0
1866.5	0
1867.5	0
1868.5	0
1869.5	0
1870.5	0
1871.5	0
1872.5	0
1873.5	0
1874.5	0
1875.5	0
1876.5	0
1877.5	0
1878.5	0
1879.5	0
1880.5	0
1881.5	0
1882.5	0
1883.5	0
1884.5	0
1885.5	0
1886.5	0
1887.5	0
1888.5	0
1889.5	0
1890.5	0
1891.5	0
1892.5	0
1893.5	0
1894.5	0
1895.5	0
1896.5	0
1897.5	0
1898.5	0
1899.5	0
1900.5	0
1901.5	0
1902.5	0
1903.5	0
1904.5	0
1905.5	0
1906.5	0
1907.5	0
1908.5	0
1909.5	0
1910.5	0
1911.5	0
1912.5	0
1913.5	0
1914.5	0
1915.5	0
1916.5	0
1917.5	0
1918.5	0
1919.5	0
1920.5	0
1921.5	0
1922.5	0
1923.5	0
1924.5	0
1925.5	0
1926.5	0
1927.5	0
1928.5	0
1929.5	0
1930.5	0
1931.5	0
1932.5	0
1933.5	0
1934.5	0
1935.5	0
1936.5	0
1937.5	0
1938.5	0
1939.5	0
1940.5	0
1941.5	0
1942.5	0
1943.5	0
1944.5	0
1945.5	0
1946.5	0
1947.5	0
1948.5	0
1949.5	0
1950.5	0
1951.5	0
1952.5	0
1953.5	0
1954.5	0
1955.5	0
1956.5	0
1957.5	0
1958.5	0
1959.5	0
1960.5	0
1961.5	0
1962.5	0
1963.5	0
1964.5	0
1965.5	0
1966.5	0
1967.5	0
1968.5	0
1969.5	0
1970.5	0
1971.5	0
1972.5	0
1973.5	0
1974.5	0
1975.5	0
1976.5	0
1977.5	0
1978.5	0
1979.5	0
1980.5	0
1981.5	0
1982.5	0
1983.5	0
1984.5	0
1985.5	0
1986.5	0
1987.5	0
1988.5	0
1989.5	0
1990.5	0
1991.5	0
1992.5	0
1993.5	0
1994.5	0
1995.5	0
1996.5	0
1997.5	0
1998.5	0
1999.5	0
2000.5	0
2001.5	0
2002.5	0
2003.5	0
2004.5	0
2005.5	0
2006.5	0
2007.5	0
2008.5	0
2009.5	0
2010.5	0
2011.5	0
2012.5	0
2013.5	0
2014.5	0
2015.5	0
2016.5	0
2017.5	0
2018.5	0
2019.5	0
2020.5	0
2021.5	0
2022.5	0
2023.5	0
2024.5	0
2025.5	0
2026.5	0
2027.5	0
2028.5	0
2029.5	0
2030.5	0
2031.5	0
2032.5	0
2033.5	0
2034.5	0
2035.5	0
2036.5	0
2037.5	0
2038.5	0
2039.5	0
2040.5	0
2041.5	0
2042.5	0
2043.5	0
2044.5	0
2045.5	0
2046.5	0
2047.5	0
2048.5	0
2049.5	0
2050.5	0
2051.5	0
2052.5	0
2053.5	0
2054.5	0
2055.5	0
2056.5	0
2057.5	0
2058.5	0
2059.5	0
2060.5	0
2061.5	0
2062.5	0
2063.5	0
2064.5	0
2065.5	0
2066.5	0
2067.5	0
2068.5	0
2069.5	0
2070.5	0
2071.5	0
2072.5	0
2073.5	0
2074.5	0
2075.5	0
2076.5	0
2077.5	0
2078.5	0
2079.5	0
2080.5	0
2081.5	0
2082.5	0
2083.5	0
2084.5	0
2085.5	0
2086.5	0
2087.5	0
2088.5	0
2089.5	0
2090.5	0
2091.5	0
2092.5	0
2093.5	0
2094.5	0
2095.5	0
2096.5	0
2097.5	0
2098.5	0
2099.5	0
2100.5	0
2101.5	0
2102.5	0
2103.5	0
2104.5	0
2105.5	0
2106.5	0
2107.5	0
2108.5	0
2109.5	0
2110.5	0
2111.5	0
2112.5	0
2113.5	0
2114.5	0
2115.5	0
2116.5	0
2117.5	0
2118.5	0
2119.5	0
2120.5	0
2121.5	0
2122.5	0
2123.5	0
2124.5	0
2125.5	0
2126.5	0
2127.5	0
2128.5	0
2129.5	0
2130.5	0
2131.5	0
2132.5	0
2133.5	0
2134.5	0
2135.5	0
2136.5	0
2137.5	0
2138.5	0
2139.5	0
2140.5	0
2141.5	0
2142.5	0
2143.5	0
2144.5	0
2145.5	0
2146.5	0
2147.5	0
2148.5	0
2149.5	0
2150.5	0
2151.5	0
2152.5	0
2153.5	0
2154.5	1
2155.5	0
2156.5	0
2157.5	0
2158.5	0
2159.5	0
2160.5	0
2161.5	0
2162.5	0
2163.5	0
2164.5	0
2165.5	0
2166.5	0
2167.5	0
2168.5	0
2169.5	0
2170.5	0
2171.5	0
2172.5	0
2173.5	0
2174.5	0
2175.5	0
2176.5	0
2177.5	0
2178.5	0
2179.5	0
2180.5	0
2181.5	0
2182.5	0
2183.5	0
2184.5	0
2185.5	0
2186.5	0
2187.5	0
2188.5	0
2189.5	0
2190.5	0
2191.5	0
2192.5	0
2193.5	0
2194.5	0
2195.5	0
2196.5	0
2197.5	0
2198.5	0
2199.5	0
2200.5	0
2201.5	0
2202.5	0
2203.5	0
2204.5	0
2205.5	0
2206.5	0
2207.5	0
2208.5	0
2209.5	0
2210.5	0
2211.5	0
2212.5	0
2213.5	0
2214.5	0
2215.5	0
2216.5	0
2217.5	0
2218.5	0
2219.5	0
2220.5	0
2221.5	0
2222.5	0
2223.5	0
2224.5	0
2225.5	0
2226.5	0
2227.5	0
2228.5	0
2229.5	0
2230.5	0
2231.5	0
2232.5	0
2233.5	0
2234.5	0
2235.5	0
2236.5	0
2237.5	0
2238.5	0
2239.5	0
2240.5	0
2241.5	0
2242.5	0
2243.5	0
2244.5	0
2245.5	0
2246.5	0
2247.5	0
2248.5	0
2249.5	0
2250.5	0
2251.5	0
2252.5	0
2253.5	0
2254.5	0
2255.5	0
2256.5	0
2257.5	0
2258.5	0
2259.5	0
2260.5	0
2261.5	0
2262.5	0
2263.5	0
2264.5	0
2265.5	0
2266.5	0
2267.5	0
2268.5	0
2269.5	0
2270.5	0
2271.5	0
2272.5	0
2273.5	0
2274.5	0
2275.5	0
2276.5	0
2277.5	0
2278.5	0
2279.5	0
2280.5	0
2281.5	0
2282.5	0
2283.5	0
2284.5	0
2285.5	0
2286.5	0
2287.5	0
2288.5	0
2289.5	0
2290.5	0
2291.5	0
2292.5	0
2293.5	0
2294.5	0
2295.5	0
2296.5	0
2297.5	0
2298.5	0
2299.5	0
2300.5	0
2301.5	0
2302.5	0
2303.5	0
2304.5	0
2305.5	0
2306.5	0
2307.5	0
2308.5	0
2309.5	0
2310.5	0
2311.5	0
2312.5	0
2313.5	0
2314.5	0
2315.5	0
2316.5	0
2317.5	0
2318.5	0
2319.5	0
2320.5	0
2321.5	0
2322.5	0
2323.5	0
2324.5	0
2325.5	0
2326.5	0
2327.5	0
2328.5	0
2329.5	0
2330.5	0
2331.5	0
2332.5	0
2333.5	0
2334.5	0
2335.5	0
2336.5	0
2337.5	0
2338.5	0
2339.5	0
2340.5	0
2341.5	0
2342.5	0
2343.5	0
2344.5	0
2345.5	0
2346.5	0
2347.5	0
2348.5	0
2349.5	0
2350.5	0
2351.5	0
2352.5	0
2353.5	0
2354.5	0
2355.5	0
2356.5	0
2357.5	0
2358.5	0
2359.5	0
2360.5	0
2361.5	0
2362.5	0
2363.5	0
2364.5	0
2365.5	0
2366.5	0
2367.5	0
2368.5	0
2369.5	0
2370.5	0
2371.5	0
2372.5	0
2373.5	0
2374.5	0
2375.5	0
2376.5	0
2377.5	0
2378.5	0
2379.5	0
2380.5	0
2381.5	0
2382.5	0
2383.5	0
2384.5	0
2385.5	0
2386.5	0
2387.5	0
2388.5	0
2389.5	0
2390.5	0
2391.5	0
2392.5	0
2393.5	0
2394.5	0
2395.5	0
2396.5	0
2397.5	0
2398.5	0
2399.5	0
2400.5	0
2401.5	0
2402.5	0
2403.5	0
2404.5	0
2405.5	0
2406.5	0
2407.5	0
2408.5	0
2409.5	0
2410.5	0
2411.5	0
2412.5	0
2413.5	0
2414.5	0
2415.5	0
2416.5	0
2417.5	0
2418.5	0
2419.5	0
2420.5	0
2421.5	0
2422.5	0
2423.5	0
2424.5	0
2425.5	0
2426.5	0
2427.5	0
2428.5	0
2429.5	0
2430.5	0
2431.5	0
2432.5	0
2433.5	0
2434.5	0
2435.5	0
2436.5	0
2437.5	0
2438.5	0
2439.5	0
2440.5	0
2441.5	0
2442.5	0
2443.5	0
2444.5	0
2445.5	0
2446.5	0
2447.5	0
2448.5	0
2449.5	0
2450.5	0
2451.5	0
2452.5	0
2453.5	0
2454.5	0
2455.5	0
2456.5	0
2457.5	0
2458.5	0
2459.5	0
2460.5	0
2461.5	0
2462.5	0
2463.5	0
2464.5	0
2465.5	0
2466.5	0
2467.5	0
2468.5	0
2469.5	0
2470.5	0
2471.5	0
2472.5	0
2473.5	0
2474.5	0
2475.5	0
2476.5	0
2477.5	0
2478.5	0
2479.5	0
2480.5	0
2481.5	0
2482.5	0
2483.5	0
2484.5	0
2485.5	0
2486.5	0
2487.5	0
2488.5	0
2489.5	0
2490.5	0
2491.5	0
2492.5	0
2493.5	0
2494.5	0
2495.5	0
2496.5	0
2497.5	0
2498.5	0
2499.5	0
2500.5	0
2501.5	0
2502.5	0
2503.5	0
2504.5	0
2505.5	0
2506.5	0
2507.5	0
2508.5	0
2509.5	0
2510.5	0
2511.5	0
2512.5	0
2513.5	0
2514.5	0
2515.5	0
2516.5	0
2517.5	0
2518.5	0
2519.5	0
2520.5	0
2521.5	0
2522.5	0
2523.5	0
2524.5	0
2525.5	0
2526.5	0
2527.5	0
2528.5	0
2529.5	0
2530.5	0
2531.5	0
2532.5	0
2533.5	0
2534.5	0
2535.5	0
2536.5	0
2537.5	0
2538.5	0
2539.5	0
2540.5	0
2541.5	0
2542.5	0
2543.5	0
2544.5	0
2545.5	0
2546.5	0
2547.5	0
2548.5	0
2549.5	0
2550.5	0
2551.5	0
2552.5	0
2553.5	0
2554.5	0
2555.5	0
2556.5	0
2557.5	0
2558.5	0
2559.5	0
2560.5	0
2561.5	0
2562.5	0
2563.5	0
2564.5	0
2565.5	0
2566.5	0
2567.5	0
2568.5	0
2569.5	0
2570.5	0
2571.5	0
2572.5	0
2573.5	0
2574.5	0
2575.5	0
2576.5	0
2577.5	0
2578.5	0
2579.5	0
2580.5	0
2581.5	0
2582.5	0
2583.5	0
2584.5	0
2585.5	0
2586.5	0
2587.5	0
2588.5	0
2589.5	0
2590.5	0
2591.5	0
2592.5	0
2593.5	0
2594.5	0
2595.5	0
2596.5	0
2597.5	0
2598.5	0
2599.5	0
2600.5	0
2601.5	0
2602.5	0
2603.5	0
2604.5	0
2605.5	0
2606.5	0
2607.5	0
2608.5	0
2609.5	0
2610.5	0
2611.5	0
2612.5	0
2613.5	0
2614.5	0
2615.5	0
2616.5	0
2617.5	0
2618.5	0
2619.5	0
2620.5	0
2621.5	0
2622.5	0
2623.5	0
2624.5	0
2625.5	0
2626.5	0
2627.5	0
2628.5	0
2629.5	0
2630.5	0
2631.5	0
2632.5	0
2633.5	0
2634.5	0
2635.5	0
2636.5	0
2637.5	0
2638.5	0
2639.5	0
2640.5	0
2641.5	0
2642.5	0
2643.5	0
2644.5	0
2645.5	0
2646.5	0
2647.5	0
2648.5	0
2649.5	0
2650.5	0
2651.5	0
2652.5	0
2653.5	0
2654.5	0
2655.5	0
2656.5	0
2657.5	0
2658.5	0
2659.5	0
2660.5	0
2661.5	0
2662.5	0
2663.5	0
2664.5	0
2665.5	0
2666.5	0
2667.5	0
2668.5	0
2669.5	0
2670.5	0
2671.5	0
2672.5	0
2673.5	0
2674.5	0
2675.5	0
2676.5	0
2677.5	0
2678.5	0
2679.5	0
2680.5	0
2681.5	0
2682.5	0
2683.5	0
2684.5	0
2685.5	0
2686.5	0
2687.5	0
2688.5	0
2689.5	0
2690.5	0
2691.5	0
2692.5	0
2693.5	0
2694.5	0
2695.5	0
2696.5	0
2697.5	0
2698.5	0
2699.5	0
2700.5	0
2701.5	0
2702.5	0
2703.5	0
2704.5	0
2705.5	0
2706.5	0
2707.5	0
2708.5	0
2709.5	0
2710.5	0
2711.5	0
2712.5	0
2713.5	0
2714.5	0
2715.5	0
2716.5	0
2717.5	0
2718.5	0
2719.5	0
2720.5	0
2721.5	0
2722.5	0
2723.5	0
2724.5	0
2725.5	0
2726.5	0
2727.5	0
2728.5	0
2729.5	0
2730.5	0
2731.5	0
2732.5	0
2733.5	0
2734.5	0
2735.5	0
2736.5	0
2737.5	0
2738.5	0
2739.5	0
2740.5	0
2741.5	0
2742.5	0
2743.5	0
2744.5	0
2745.5	0
2746.5	0
2747.5	0
2748.5	0
2749.5	0
2750.5	0
2751.5	0
2752.5	0
2753.5	0
2754.5	0
2755.5	0
2756.5	0
2757.5	0
2758.5	0
2759.5	0
2760.5	0
2761.5	0
2762.5	0
2763.5	0
2764.5	0
2765.5	0
2766.5	0
2767.5	0
2768.5	0
2769.5	0
2770.5	0
2771.5	0
2772.5	0
2773.5	0
2774.5	0
2775.5	0
2776.5	0
2777.5	0
2778.5	0
2779.5	0
2780.5	0
2781.5	0
2782.5	0
2783.5	0
2784.5	0
2785.5	0
2786.5	0
2787.5	0
2788.5	0
2789.5	0
2790.5	0
2791.5	0
2792.5	0
2793.5	0
2794.5	0
2795.5	0
2796.5	0
2797.5	0
2798.5	0
2799.5	0
2800.5	0
2801.5	0
2802.5	0
2803.5	0
2804.5	0
2805.5	0
2806.5	0
2807.5	0
2808.5	0
2809.5	0
2810.5	0
2811.5	0
2812.5	0
2813.5	0
2814.5	0
2815.5	0
2816.5	0
2817.5	0
2818.5	0
2819.5	0
2820.5	0
2821.5	0
2822.5	0
2823.5	0
2824.5	0
2825.5	0
2826.5	0
2827.5	0
2828.5	0
2829.5	0
2830.5	0
2831.5	0
2832.5	0
2833.5	0
2834.5	0
2835.5	0
2836.5	0
2837.5	0
2838.5	0
2839.5	0
2840.5	0
2841.5	0
2842.5	0
2843.5	0
2844.5	0
2845.5	0
2846.5	0
2847.5	0
2848.5	0
2849.5	0
2850.5	0
2851.5	0
2852.5	0
2853.5	0
2854.5	0
2855.5	0
2856.5	0
2857.5	0
2858.5	0
2859.5	0
2860.5	0
2861.5	0
2862.5	0
2863.5	0
2864.5	0
2865.5	0
2866.5	0
2867.5	0
2868.5	0
2869.5	0
2870.5	0
2871.5	0
2872.5	0
2873.5	0
2874.5	0
2875.5	0
2876.5	0
2877.5	0
2878.5	0
2879.5	0
2880.5	0
2881.5	0
2882.5	0
2883.5	0
2884.5	0
2885.5	0
2886.5	0
2887.5	0
2888.5	0
2889.5	0
2890.5	0
2891.5	0
2892.5	0
2893.5	0
2894.5	0
2895.5	0
2896.5	0
2897.5	0
2898.5	0
2899.5	0
2900.5	0
2901.5	0
2902.5	0
2903.5	0
2904.5	0
2905.5	0
2906.5	0
2907.5	0
2908.5	0
2909.5	0
2910.5	0
2911.5	0
2912.5	0
2913.5	0
2914.5	0
2915.5	0
2916.5	0
2917.5	0
2918.5	0
2919.5	0
2920.5	0
2921.5	0
2922.5	0
2923.5	0
2924.5	0
2925.5	0
2926.5	0
2927.5	0
2928.5	0
2929.5	0
2930.5	0
2931.5	0
2932.5	0
2933.5	0
2934.5	0
2935.5	0
2936.5	0
2937.5	0
2938.5	0
2939.5	0
2940.5	0
2941.5	0
2942.5	0
2943.5	0
2944.5	0
2945.5	0
2946.5	0
2947.5	0
2948.5	0
2949.5	0
2950.5	0
2951.5	0
2952.5	0
2953.5	0
2954.5	0
2955.5	0
2956.5	0
2957.5	0
2958.5	0
2959.5	0
2960.5	0
2961.5	0
2962.5	0
2963.5	0
2964.5	0
2965.5	0
2966.5	0
2967.5	0
2968.5	0
2969.5	0
2970.5	0
2971.5	0
2972.5	0
2973.5	0
2974.5	0
2975.5	0
2976.5	0
2977.5	0
2978.5	0
2979.5	0
2980.5	0
2981.5	0
2982.5	0
2983.5	0
2984.5	0
2985.5	0
2986.5	0
2987.5	0
2988.5	0
2989.5	0
2990.5	0
2991.5	0
2992.5	0
2993.5	0
2994.5	0
2995.5	0
2996.5	0
2997.5	0
2998.5	0
2999.5	0
3000.5	0
3001.5	0
3002.5	0
3003.5	0
3004.5	0
3005.5	0
3006.5	0
3007.5	0
3008.5	0
3009.5	0
3010.5	0
3011.5	0
3012.5	0
3013.5	0
3014.5	0
3015.5	0
3016.5	0
3017.5	0
3018.5	0
3019.5	0
3020.5	0
3021.5	0
3022.5	0
3023.5	0
3024.5	0
3025.5	0
3026.5	0
3027.5	0
3028.5	0
3029.5	0
3030.5	0
3031.5	0
3032.5	0
3033.5	0
3034.5	0
3035.5	0
3036.5	0
3037.5	0
3038.5	0
3039.5	0
3040.5	0
3041.5	0
3042.5	0
3043.5	0
3044.5	0
3045.5	0
3046.5	0
3047.5	0
3048.5	0
3049.5	0
3050.5	0
3051.5	0
3052.5	0
3053.5	0
3054.5	0
3055.5	0
3056.5	0
3057.5	0
3058.5	0
3059.5	0
3060.5	0
3061.5	0
3062.5	0
3063.5	0
3064.5	0
3065.5	0
3066.5	0
3067.5	0
3068.5	0
3069.5	0
3070.5	0
3071.5	0
3072.5	0
3073.5	0
3074.5	0
3075.5	0
3076.5	0
3077.5	0
3078.5	0
3079.5	0
3080.5	0
3081.5	0
3082.5	0
3083.5	0
3084.5	0
3085.5	0
3086.5	0
3087.5	0
3088.5	0
3089.5	0
3090.5	0
3091.5	0
3092.5	0
3093.5	0
3094.5	0
3095.5	0
3096.5	0
3097.5	0
3098.5	0
3099.5	0
3100.5	0
3101.5	0
3102.5	0
3103.5	0
3104.5	0
3105.5	0
3106.5	0
3107.5	0
3108.5	0
3109.5	0
3110.5	0
3111.5	0
3112.5	0
3113.5	0
3114.5	0
3115.5	0
3116.5	0
3117.5	0
3118.5	0
3119.5	0
3120.5	0
3121.5	0
3122.5	0
3123.5	0
3124.5	0
3125.5	0
3126.5	0
3127.5	0
3128.5	0
3129.5	0
3130.5	0
3131.5	0
3132.5	0
3133.5	0
3134.5	0
3135.5	0
3136.5	0
3137.5	0
3138.5	0
3139.5	0
3140.5	0
3141.5	0
3142.5	0
3143.5	0
3144.5	0
3145.5	0
3146.5	0
3147.5	0
3148.5	0
3149.5	0
3150.5	0
3151.5	0
3152.5	0
3153.5	0
3154.5	0
3155.5	0
3156.5	0
3157.5	0
3158.5	0
3159.5	0
3160.5	0
3161.5	0
3162.5	0
3163.5	0
3164.5	0
3165.5	0
3166.5	0
3167.5	0
3168.5	0
3169.5	0
3170.5	0
3171.5	0
3172.5	0
3173.5	0
3174.5	0
3175.5	0
3176.5	0
3177.5	0
3178.5	0
3179.5	0
3180.5	0
3181.5	0
3182.5	0
3183.5	0
3184.5	0
3185.5	0
3186.5	0
3187.5	0
3188.5	0
3189.5	0
3190.5	0
3191.5	0
3192.5	0
3193.5	0
3194.5	0
3195.5	0
3196.5	0
3197.5	0
3198.5	0
3199.5	0
3200.5	0
3201.5	0
3202.5	0
3203.5	0
3204.5	0
3205.5	0
3206.5	0
3207.5	0
3208.5	0
3209.5	0
3210.5	0
3211.5	0
3212.5	0
3213.5	0
3214.5	0
3215.5	0
3216.5	0
3217.5	0
3218.5	0
3219.5	0
3220.5	0
3221.5	0
3222.5	0
3223.5	0
3224.5	0
3225.5	0
3226.5	0
3227.5	0
3228.5	0
3229.5	0
3230.5	0
3231.5	0
3232.5	0
3233.5	0
3234.5	0
3235.5	0
3236.5	0
3237.5	0
3238.5	0
3239.5	0
3240.5	0
3241.5	0
3242.5	0
3243.5	0
3244.5	0
3245.5	0
3246.5	0
3247.5	0
3248.5	0
3249.5	0
3250.5	0
3251.5	0
3252.5	0
3253.5	0
3254.5	0
3255.5	0
3256.5	0
3257.5	0
3258.5	0
3259.5	0
3260.5	0
3261.5	0
3262.5	0
3263.5	0
3264.5	0
3265.5	0
3266.5	0
3267.5	0
3268.5	0
3269.5	0
3270.5	0
3271.5	0
3272.5	0
3273.5	0
3274.5	0
3275.5	0
3276.5	0
3277.5	0
3278.5	0
3279.5	0
3280.5	0
3281.5	0
3282.5	0
3283.5	0
3284.5	0
3285.5	0
3286.5	0
3287.5	0
3288.5	0
3289.5	0
3290.5	0
3291.5	0
3292.5	0
3293.5	0
3294.5	0
3295.5	0
3296.5	0
3297.5	0
3298.5	0
3299.5	0
3300.5	0
3301.5	0
3302.5	0
3303.5	0
3304.5	0
3305.5	0
3306.5	0
3307.5	0
3308.5	0
3309.5	0
3310.5	0
3311.5	0
3312.5	0
3313.5	0
3314.5	0
3315.5	0
3316.5	0
3317.5	0
3318.5	0
3319.5	0
3320.5	0
3321.5	0
3322.5	0
3323.5	0
3324.5	0
3325.5	0
3326.5	0
3327.5	0
3328.5	0
3329.5	0
3330.5	0
3331.5	0
3332.5	0
3333.5	0
3334.5	0
3335.5	0
3336.5	0
3337.5	0
3338.5	0
3339.5	0
3340.5	0
3341.5	0
3342.5	0
3343.5	0
3344.5	0
3345.5	0
3346.5	0
3347.5	0
3348.5	0
3349.5	0
3350.5	0
3351.5	0
3352.5	0
3353.5	0
3354.5	0
3355.5	0
3356.5	0
3357.5	0
3358.5	0
3359.5	0
3360.5	0
3361.5	0
3362.5	0
3363.5	0
3364.5	0
3365.5	0
3366.5	0
3367.5	0
3368.5	0
3369.5	0
3370.5	0
3371.5	0
3372.5	0
3373.5	0
3374.5	0
3375.5	0
3376.5	0
3377.5	0
3378.5	0
3379.5	0
3380.5	0
3381.5	0
3382.5	0
3383.5	0
3384.5	0
3385.5	0
3386.5	0
3387.5	0
3388.5	0
3389.5	0
3390.5	0
3391.5	0
3392.5	0
3393.5	0
3394.5	0
3395.5	0
3396.5	0
3397.5	0
3398.5	0
3399.5	0
3400.5	0
3401.5	0
3402.5	0
3403.5	0
3404.5	0
3405.5	0
3406.5	0
3407.5	0
3408.5	0
3409.5	0
3410.5	0
3411.5	0
3412.5	0
3413.5	0
3414.5	0
3415.5	0
3416.5	0
3417.5	0
3418.5	0
3419.5	0
3420.5	0
3421.5	0
3422.5	0
3423.5	0
3424.5	0
3425.5	0
3426.5	0
3427.5	0
3428.5	0
3429.5	0
3430.5	0
3431.5	0
3432.5	0
3433.5	0
3434.5	0
3435.5	0
3436.5	0
3437.5	0
3438.5	0
3439.5	0
3440.5	0
3441.5	0
3442.5	0
3443.5	0
3444.5	0
3445.5	0
3446.5	0
3447.5	0
3448.5	0
3449.5	0
3450.5	0
3451.5	0
3452.5	0
3453.5	0
3454.5	0
3455.5	0
3456.5	0
3457.5	0
3458.5	0
3459.5	0
3460.5	0
3461.5	0
3462.5	0
3463.5	0
3464.5	0
3465.5	0
3466.5	0
3467.5	0
3468.5	0
3469.5	0
3470.5	0
3471.5	0
3472.5	0
3473.5	0
3474.5	0
3475.5	0
3476.5	0
3477.5	0
3478.5	0
3479.5	0
3480.5	0
3481.5	0
3482.5	0
3483.5	0
3484.5	0
3485.5	0
3486.5	0
3487.5	0
3488.5	0
3489.5	0
3490.5	0
3491.5	0
3492.5	0
3493.5	0
3494.5	0
3495.5	0
3496.5	0
3497.5	0
3498.5	0
3499.5	0
3500.5	0
3501.5	0
3502.5	0
3503.5	0
3504.5	0
3505.5	0
3506.5	0
3507.5	0
3508.5	0
3509.5	0
3510.5	0
3511.5	0
3512.5	0
3513.5	0
3514.5	0
3515.5	0
3516.5	0
3517.5	0
3518.5	0
3519.5	0
3520.5	0
3521.5	0
3522.5	0
3523.5	0
3524.5	0
3525.5	0
3526.5	0
3527.5	0
3528.5	0
3529.5	0
3530.5	0
3531.5	0
3532.5	0
3533.5	0
3534.5	0
3535.5	0
3536.5	0
3537.5	0
3538.5	0
3539.5	0
3540.5	0
3541.5	0
3542.5	0
3543.5	0
3544.5	0
3545.5	0
3546.5	0
3547.5	0
3548.5	0
3549.5	0
3550.5	0
3551.5	0
3552.5	0
3553.5	0
3554.5	0
3555.5	0
3556.5	0
3557.5	0
3558.5	0
3559.5	0
3560.5	0
3561.5	0
3562.5	0
3563.5	0
3564.5	0
3565.5	0
3566.5	0
3567.5	0
3568.5	0
3569.5	0
3570.5	0
3571.5	0
3572.5	0
3573.5	0
3574.5	0
3575.5	0
3576.5	0
3577.5	0
3578.5	0
3579.5	0
3580.5	0
3581.5	0
3582.5	0
3583.5	0
3584.5	0
3585.5	0
3586.5	0
3587.5	0
3588.5	0
3589.5	0
3590.5	0
3591.5	0
3592.5	0
3593.5	0
3594.5	0
3595.5	0
3596.5	0
3597.5	0
3598.5	0
3599.5	0
3600.5	0
3601.5	0
3602.5	0
3603.5	0
3604.5	0
3605.5	0
3606.5	0
3607.5	0
3608.5	0
3609.5	0
3610.5	0
3611.5	0
3612.5	0
3613.5	0
3614.5	0
3615.5	0
3616.5	0
3617.5	0
3618.5	0
3619.5	0
3620.5	0
3621.5	0
3622.5	0
3623.5	0
3624.5	0
3625.5	0
3626.5	0
3627.5	0
3628.5	0
3629.5	0
3630.5	0
3631.5	0
3632.5	0
3633.5	0
3634.5	0
3635.5	0
3636.5	0
3637.5	0
3638.5	0
3639.5	0
3640.5	0
3641.5	0
3642.5	0
3643.5	0
3644.5	0
3645.5	0
3646.5	0
3647.5	0
3648.5	0
3649.5	0
3650.5	0
3651.5	0
3652.5	0
3653.5	0
3654.5	0
3655.5	0
3656.5	0
3657.5	0
3658.5	0
3659.5	0
3660.5	0
3661.5	0
3662.5	0
3663.5	0
3664.5	0
3665.5	0
3666.5	0
3667.5	0
3668.5	0
3669.5	0
3670.5	0
3671.5	0
3672.5	0
3673.5	0
3674.5	0
3675.5	0
3676.5	0
3677.5	0
3678.5	0
3679.5	0
3680.5	0
3681.5	0
3682.5	0
3683.5	0
3684.5	0
3685.5	0
3686.5	0
3687.5	0
3688.5	0
3689.5	0
3690.5	0
3691.5	0
3692.5	0
3693.5	0
3694.5	0
3695.5	0
3696.5	0
3697.5	0
3698.5	0
3699.5	0
3700.5	0
3701.5	0
3702.5	0
3703.5	0
3704.5	0
3705.5	0
3706.5	0
3707.5	0
3708.5	0
3709.5	0
3710.5	0
3711.5	0
3712.5	0
3713.5	0
3714.5	0
3715.5	0
3716.5	0
3717.5	0
3718.5	0
3719.5	0
3720.5	0
3721.5	0
3722.5	0
3723.5	0
3724.5	0
3725.5	0
3726.5	0
3727.5	0
3728.5	0
3729.5	0
3730.5	0
3731.5	0
3732.5	0
3733.5	0
3734.5	0
3735.5	0
3736.5	0
3737.5	0
3738.5	0
3739.5	0
3740.5	0
3741.5	0
3742.5	0
3743.5	0
3744.5	0
3745.5	0
3746.5	0
3747.5	0
3748.5	0
3749.5	0
3750.5	0
3751.5	0
3752.5	0
3753.5	0
3754.5	0
3755.5	0
3756.5	0
3757.5	0
3758.5	0
3759.5	0
3760.5	0
3761.5	0
3762.5	0
3763.5	0
3764.5	0
3765.5	0
3766.5	0
3767.5	0
3768.5	0
3769.5	0
3770.5	0
3771.5	0
3772.5	0
3773.5	0
3774.5	0
3775.5	0
3776.5	0
3777.5	0
3778.5	0
3779.5	0
3780.5	0
3781.5	0
3782.5	0
3783.5	0
3784.5	0
3785.5	0
3786.5	0
3787.5	0
3788.5	0
3789.5	0
3790.5	0
3791.5	0
3792.5	0
3793.5	0
3794.5	0
3795.5	0
3796.5	0
3797.5	0
3798.5	0
3799.5	0
3800.5	0
3801.5	0
3802.5	0
3803.5	0
3804.5	0
3805.5	0
3806.5	0
3807.5	0
3808.5	0
3809.5	0
3810.5	0
3811.5	0
3812.5	0
3813.5	0
3814.5	0
3815.5	0
3816.5	0
3817.5	0
3818.5	0
3819.5	0
3820.5	0
3821.5	0
3822.5	0
3823.5	0
3824.5	0
3825.5	0
3826.5	0
3827.5	0
3828.5	0
3829.5	0
3830.5	0
3831.5	0
3832.5	0
3833.5	0
3834.5	0
3835.5	0
3836.5	0
3837.5	0
3838.5	0
3839.5	0
3840.5	0
3841.5	0
3842.5	0
3843.5	0
3844.5	0
3845.5	0
3846.5	0
3847.5	0
3848.5	0
3849.5	0
3850.5	0
3851.5	0
3852.5	0
3853.5	0
3854.5	0
3855.5	0
3856.5	0
3857.5	0
3858.5	0
3859.5	0
3860.5	0
3861.5	0
3862.5	0
3863.5	0
3864.5	0
3865.5	0
3866.5	0
3867.5	0
3868.5	0
3869.5	0
3870.5	0
3871.5	0
3872.5	0
3873.5	0
3874.5	0
3875.5	0
3876.5	0
3877.5	0
3878.5	0
3879.5	0
3880.5	0
3881.5	0
3882.5	0
3883.5	0
3884.5	0
3885.5	0
3886.5	0
3887.5	0
3888.5	0
3889.5	0
3890.5	0
3891.5	0
3892.5	0
3893.5	0
3894.5	0
3895.5	0
3896.5	0
3897.5	0
3898.5	0
3899.5	0
3900.5	0
3901.5	0
3902.5	0
3903.5	0
3904.5	0
3905.5	0
3906.5	0
3907.5	0
3908.5	0
3909.5	0
3910.5	0
3911.5	0
3912.5	0
3913.5	0
3914.5	0
3915.5	0
3916.5	0
3917.5	0
3918.5	0
3919.5	0
3920.5	0
3921.5	0
3922.5	0
3923.5	0
3924.5	0
3925.5	0
3926.5	0
3927.5	0
3928.5	0
3929.5	0
3930.5	0
3931.5	0
3932.5	0
3933.5	0
3934.5	0
3935.5	0
3936.5	0
3937.5	0
3938.5	0
3939.5	0
3940.5	0
3941.5	0
3942.5	0
3943.5	0
3944.5	0
3945.5	0
3946.5	0
3947.5	0
3948.5	0
3949.5	0
3950.5	0
3951.5	0
3952.5	0
3953.5	0
3954.5	0
3955.5	0
3956.5	0
3957.5	0
3958.5	0
3959.5	0
3960.5	0
3961.5	0
3962.5	0
3963.5	0
3964.5	0
3965.5	0
3966.5	0
3967.5	0
3968.5	0
3969.5	0
3970.5	0
3971.5	0
3972.5	0
3973.5	0
3974.5	0
3975.5	0
3976.5	0
3977.5	0
3978.5	0
3979.5	0
3980.5	0
3981.5	0
3982.5	0
3983.5	0
3984.5	0
3985.5	0
3986.5	0
3987.5	0
3988.5	0
3989.5	0
3990.5	0
3991.5	0
3992.5	0
3993.5	0
3994.5	0
3995.5	0
