ADC Channel - Charge distribution	ADC Counts - Charge distribution
-99.5	480
-98.5	469
-97.5	468
-96.5	436
-95.5	448
-94.5	484
-93.5	459
-92.5	449
-91.5	443
-90.5	477
-89.5	437
-88.5	468
-87.5	493
-86.5	443
-85.5	439
-84.5	466
-83.5	466
-82.5	460
-81.5	443
-80.5	477
-79.5	529
-78.5	449
-77.5	477
-76.5	522
-75.5	455
-74.5	476
-73.5	458
-72.5	473
-71.5	516
-70.5	512
-69.5	427
-68.5	471
-67.5	453
-66.5	473
-65.5	471
-64.5	446
-63.5	462
-62.5	470
-61.5	492
-60.5	460
-59.5	492
-58.5	504
-57.5	439
-56.5	499
-55.5	487
-54.5	501
-53.5	467
-52.5	445
-51.5	479
-50.5	487
-49.5	477
-48.5	481
-47.5	498
-46.5	430
-45.5	466
-44.5	467
-43.5	451
-42.5	469
-41.5	478
-40.5	509
-39.5	440
-38.5	477
-37.5	485
-36.5	471
-35.5	480
-34.5	475
-33.5	479
-32.5	459
-31.5	501
-30.5	462
-29.5	471
-28.5	465
-27.5	438
-26.5	443
-25.5	507
-24.5	482
-23.5	499
-22.5	467
-21.5	461
-20.5	444
-19.5	491
-18.5	439
-17.5	506
-16.5	445
-15.5	514
-14.5	495
-13.5	510
-12.5	463
-11.5	496
-10.5	457
-9.5	466
-8.5	483
-7.5	479
-6.5	485
-5.5	470
-4.5	482
-3.5	471
-2.5	460
-1.5	499
-0.5	473
0.5	447
1.5	480
2.5	514
3.5	498
4.5	463
5.5	490
6.5	441
7.5	487
8.5	498
9.5	479
10.5	489
11.5	469
12.5	455
13.5	451
14.5	443
15.5	466
16.5	464
17.5	484
18.5	468
19.5	486
20.5	461
21.5	477
22.5	467
23.5	458
24.5	513
25.5	472
26.5	485
27.5	497
28.5	469
29.5	505
30.5	506
31.5	452
32.5	518
33.5	460
34.5	483
35.5	491
36.5	455
37.5	488
38.5	461
39.5	474
40.5	492
41.5	442
42.5	493
43.5	503
44.5	470
45.5	515
46.5	509
47.5	468
48.5	498
49.5	464
50.5	498
51.5	510
52.5	482
53.5	453
54.5	484
55.5	458
56.5	486
57.5	469
58.5	480
59.5	534
60.5	462
61.5	517
62.5	491
63.5	479
64.5	466
65.5	442
66.5	485
67.5	492
68.5	489
69.5	505
70.5	487
71.5	472
72.5	480
73.5	469
74.5	486
75.5	468
76.5	474
77.5	473
78.5	501
79.5	495
80.5	521
81.5	508
82.5	479
83.5	470
84.5	489
85.5	472
86.5	454
87.5	519
88.5	471
89.5	461
90.5	471
91.5	494
92.5	503
93.5	441
94.5	424
95.5	452
96.5	461
97.5	450
98.5	497
99.5	496
100.5	478
101.5	492
102.5	469
103.5	451
104.5	497
105.5	456
106.5	463
107.5	518
108.5	454
109.5	465
110.5	496
111.5	511
112.5	477
113.5	481
114.5	513
115.5	491
116.5	495
117.5	485
118.5	442
119.5	498
120.5	460
121.5	460
122.5	532
123.5	511
124.5	472
125.5	462
126.5	493
127.5	523
128.5	479
129.5	505
130.5	462
131.5	450
132.5	462
133.5	466
134.5	473
135.5	468
136.5	462
137.5	476
138.5	491
139.5	497
140.5	508
141.5	493
142.5	481
143.5	482
144.5	478
145.5	502
146.5	483
147.5	484
148.5	490
149.5	467
150.5	491
151.5	475
152.5	487
153.5	511
154.5	471
155.5	474
156.5	479
157.5	511
158.5	486
159.5	513
160.5	498
161.5	483
162.5	480
163.5	486
164.5	475
165.5	518
166.5	494
167.5	503
168.5	434
169.5	479
170.5	517
171.5	488
172.5	500
173.5	506
174.5	473
175.5	493
176.5	462
177.5	467
178.5	452
179.5	491
180.5	467
181.5	513
182.5	483
183.5	471
184.5	489
185.5	452
186.5	476
187.5	516
188.5	481
189.5	472
190.5	471
191.5	445
192.5	508
193.5	482
194.5	493
195.5	480
196.5	490
197.5	507
198.5	487
199.5	498
200.5	486
201.5	488
202.5	506
203.5	453
204.5	474
205.5	483
206.5	472
207.5	500
208.5	436
209.5	443
210.5	487
211.5	443
212.5	498
213.5	448
214.5	481
215.5	497
216.5	453
217.5	478
218.5	506
219.5	487
220.5	495
221.5	499
222.5	470
223.5	499
224.5	467
225.5	502
226.5	439
227.5	453
228.5	509
229.5	485
230.5	495
231.5	510
232.5	488
233.5	500
234.5	491
235.5	511
236.5	514
237.5	479
238.5	489
239.5	510
240.5	506
241.5	455
242.5	483
243.5	481
244.5	431
245.5	446
246.5	508
247.5	481
248.5	493
249.5	517
250.5	462
251.5	501
252.5	508
253.5	534
254.5	521
255.5	468
256.5	480
257.5	457
258.5	459
259.5	478
260.5	437
261.5	468
262.5	481
263.5	429
264.5	454
265.5	470
266.5	462
267.5	472
268.5	441
269.5	489
270.5	493
271.5	479
272.5	449
273.5	490
274.5	475
275.5	469
276.5	496
277.5	495
278.5	508
279.5	473
280.5	513
281.5	486
282.5	476
283.5	473
284.5	515
285.5	471
286.5	472
287.5	466
288.5	455
289.5	450
290.5	459
291.5	476
292.5	479
293.5	493
294.5	498
295.5	477
296.5	461
297.5	436
298.5	441
299.5	451
300.5	447
301.5	493
302.5	519
303.5	453
304.5	470
305.5	456
306.5	484
307.5	460
308.5	455
309.5	481
310.5	447
311.5	473
312.5	451
313.5	508
314.5	513
315.5	497
316.5	449
317.5	473
318.5	494
319.5	516
320.5	443
321.5	466
322.5	482
323.5	468
324.5	472
325.5	452
326.5	429
327.5	463
328.5	493
329.5	445
330.5	471
331.5	446
332.5	490
333.5	460
334.5	481
335.5	424
336.5	480
337.5	454
338.5	453
339.5	436
340.5	486
341.5	450
342.5	481
343.5	440
344.5	444
345.5	474
346.5	476
347.5	471
348.5	465
349.5	490
350.5	469
351.5	434
352.5	489
353.5	458
354.5	495
355.5	463
356.5	451
357.5	452
358.5	456
359.5	488
360.5	496
361.5	449
362.5	501
363.5	481
364.5	489
365.5	451
366.5	500
367.5	482
368.5	439
369.5	467
370.5	475
371.5	472
372.5	461
373.5	430
374.5	436
375.5	444
376.5	478
377.5	475
378.5	479
379.5	459
380.5	447
381.5	481
382.5	448
383.5	483
384.5	482
385.5	456
386.5	454
387.5	470
388.5	479
389.5	459
390.5	485
391.5	479
392.5	464
393.5	465
394.5	485
395.5	482
396.5	426
397.5	437
398.5	431
399.5	448
400.5	448
401.5	485
402.5	478
403.5	473
404.5	485
405.5	499
406.5	470
407.5	435
408.5	441
409.5	458
410.5	471
411.5	420
412.5	480
413.5	445
414.5	423
415.5	491
416.5	478
417.5	450
418.5	446
419.5	465
420.5	455
421.5	406
422.5	479
423.5	440
424.5	457
425.5	444
426.5	474
427.5	449
428.5	482
429.5	461
430.5	450
431.5	459
432.5	466
433.5	442
434.5	449
435.5	453
436.5	488
437.5	437
438.5	451
439.5	457
440.5	436
441.5	474
442.5	480
443.5	459
444.5	447
445.5	439
446.5	450
447.5	467
448.5	423
449.5	424
450.5	442
451.5	435
452.5	433
453.5	454
454.5	402
455.5	457
456.5	412
457.5	434
458.5	420
459.5	484
460.5	465
461.5	475
462.5	437
463.5	429
464.5	430
465.5	451
466.5	443
467.5	415
468.5	434
469.5	428
470.5	420
471.5	437
472.5	417
473.5	469
474.5	432
475.5	449
476.5	437
477.5	439
478.5	442
479.5	427
480.5	422
481.5	470
482.5	427
483.5	410
484.5	419
485.5	402
486.5	450
487.5	449
488.5	444
489.5	459
490.5	446
491.5	442
492.5	421
493.5	404
494.5	451
495.5	426
496.5	418
497.5	434
498.5	403
499.5	444
500.5	427
501.5	421
502.5	427
503.5	434
504.5	407
505.5	403
506.5	458
507.5	436
508.5	434
509.5	413
510.5	435
511.5	448
512.5	424
513.5	381
514.5	415
515.5	447
516.5	427
517.5	438
518.5	427
519.5	466
520.5	431
521.5	396
522.5	403
523.5	420
524.5	414
525.5	417
526.5	432
527.5	400
528.5	429
529.5	411
530.5	382
531.5	439
532.5	431
533.5	465
534.5	435
535.5	385
536.5	445
537.5	397
538.5	412
539.5	413
540.5	436
541.5	445
542.5	403
543.5	439
544.5	447
545.5	395
546.5	417
547.5	414
548.5	419
549.5	436
550.5	429
551.5	416
552.5	407
553.5	433
554.5	393
555.5	435
556.5	442
557.5	418
558.5	433
559.5	406
560.5	414
561.5	413
562.5	401
563.5	389
564.5	408
565.5	422
566.5	406
567.5	398
568.5	414
569.5	404
570.5	425
571.5	391
572.5	406
573.5	408
574.5	413
575.5	456
576.5	369
577.5	410
578.5	398
579.5	355
580.5	396
581.5	429
582.5	401
583.5	440
584.5	446
585.5	417
586.5	421
587.5	394
588.5	424
589.5	378
590.5	376
591.5	419
592.5	384
593.5	380
594.5	396
595.5	394
596.5	388
597.5	398
598.5	393
599.5	395
600.5	394
601.5	373
602.5	380
603.5	396
604.5	397
605.5	406
606.5	391
607.5	386
608.5	428
609.5	414
610.5	384
611.5	407
612.5	429
613.5	374
614.5	409
615.5	405
616.5	421
617.5	410
618.5	402
619.5	346
620.5	406
621.5	435
622.5	393
623.5	405
624.5	403
625.5	370
626.5	405
627.5	419
628.5	353
629.5	401
630.5	346
631.5	349
632.5	390
633.5	389
634.5	382
635.5	372
636.5	358
637.5	379
638.5	351
639.5	385
640.5	349
641.5	389
642.5	386
643.5	404
644.5	365
645.5	399
646.5	391
647.5	414
648.5	338
649.5	377
650.5	366
651.5	370
652.5	404
653.5	369
654.5	362
655.5	389
656.5	393
657.5	386
658.5	384
659.5	349
660.5	353
661.5	376
662.5	354
663.5	366
664.5	359
665.5	367
666.5	368
667.5	350
668.5	415
669.5	348
670.5	346
671.5	336
672.5	391
673.5	357
674.5	364
675.5	358
676.5	380
677.5	352
678.5	356
679.5	366
680.5	362
681.5	360
682.5	414
683.5	373
684.5	361
685.5	378
686.5	381
687.5	308
688.5	349
689.5	372
690.5	366
691.5	328
692.5	340
693.5	356
694.5	367
695.5	358
696.5	356
697.5	331
698.5	348
699.5	356
700.5	347
701.5	375
702.5	378
703.5	354
704.5	320
705.5	349
706.5	349
707.5	371
708.5	363
709.5	368
710.5	358
711.5	328
712.5	343
713.5	369
714.5	346
715.5	344
716.5	365
717.5	353
718.5	345
719.5	327
720.5	380
721.5	323
722.5	326
723.5	351
724.5	383
725.5	356
726.5	364
727.5	346
728.5	313
729.5	332
730.5	345
731.5	325
732.5	340
733.5	350
734.5	361
735.5	375
736.5	365
737.5	357
738.5	321
739.5	368
740.5	329
741.5	328
742.5	341
743.5	357
744.5	375
745.5	338
746.5	342
747.5	340
748.5	348
749.5	348
750.5	351
751.5	327
752.5	317
753.5	366
754.5	375
755.5	319
756.5	339
757.5	324
758.5	346
759.5	339
760.5	332
761.5	353
762.5	350
763.5	318
764.5	321
765.5	374
766.5	349
767.5	346
768.5	351
769.5	388
770.5	317
771.5	377
772.5	313
773.5	333
774.5	318
775.5	323
776.5	322
777.5	333
778.5	331
779.5	346
780.5	322
781.5	306
782.5	326
783.5	325
784.5	338
785.5	311
786.5	333
787.5	322
788.5	335
789.5	322
790.5	334
791.5	323
792.5	331
793.5	323
794.5	301
795.5	317
796.5	315
797.5	330
798.5	309
799.5	319
800.5	308
801.5	344
802.5	350
803.5	305
804.5	319
805.5	283
806.5	330
807.5	316
808.5	364
809.5	322
810.5	284
811.5	329
812.5	281
813.5	348
814.5	306
815.5	307
816.5	308
817.5	327
818.5	314
819.5	317
820.5	314
821.5	301
822.5	315
823.5	314
824.5	266
825.5	319
826.5	327
827.5	305
828.5	294
829.5	322
830.5	316
831.5	309
832.5	288
833.5	322
834.5	305
835.5	306
836.5	323
837.5	307
838.5	313
839.5	282
840.5	293
841.5	321
842.5	277
843.5	278
844.5	292
845.5	283
846.5	330
847.5	310
848.5	306
849.5	296
850.5	311
851.5	329
852.5	311
853.5	301
854.5	321
855.5	304
856.5	370
857.5	274
858.5	316
859.5	312
860.5	307
861.5	288
862.5	307
863.5	296
864.5	281
865.5	313
866.5	255
867.5	331
868.5	305
869.5	307
870.5	286
871.5	271
872.5	280
873.5	317
874.5	291
875.5	272
876.5	307
877.5	282
878.5	279
879.5	285
880.5	293
881.5	304
882.5	297
883.5	301
884.5	305
885.5	287
886.5	282
887.5	277
888.5	301
889.5	292
890.5	316
891.5	277
892.5	294
893.5	274
894.5	284
895.5	290
896.5	280
897.5	270
898.5	296
899.5	285
900.5	330
901.5	304
902.5	264
903.5	291
904.5	277
905.5	288
906.5	263
907.5	264
908.5	286
909.5	267
910.5	264
911.5	269
912.5	258
913.5	251
914.5	280
915.5	274
916.5	257
917.5	276
918.5	267
919.5	276
920.5	298
921.5	257
922.5	275
923.5	271
924.5	260
925.5	243
926.5	257
927.5	235
928.5	277
929.5	266
930.5	282
931.5	219
932.5	265
933.5	263
934.5	232
935.5	267
936.5	230
937.5	288
938.5	261
939.5	256
940.5	261
941.5	276
942.5	260
943.5	292
944.5	249
945.5	265
946.5	251
947.5	260
948.5	250
949.5	260
950.5	273
951.5	261
952.5	282
953.5	304
954.5	242
955.5	250
956.5	244
957.5	286
958.5	257
959.5	278
960.5	255
961.5	250
962.5	274
963.5	273
964.5	263
965.5	250
966.5	240
967.5	247
968.5	258
969.5	251
970.5	251
971.5	224
972.5	236
973.5	257
974.5	268
975.5	276
976.5	279
977.5	256
978.5	230
979.5	251
980.5	287
981.5	238
982.5	256
983.5	263
984.5	237
985.5	238
986.5	236
987.5	256
988.5	236
989.5	221
990.5	231
991.5	240
992.5	260
993.5	233
994.5	230
995.5	245
996.5	238
997.5	267
998.5	235
999.5	242
1000.5	271
1001.5	239
1002.5	260
1003.5	230
1004.5	243
1005.5	234
1006.5	258
1007.5	281
1008.5	228
1009.5	252
1010.5	184
1011.5	200
1012.5	221
1013.5	219
1014.5	239
1015.5	212
1016.5	226
1017.5	257
1018.5	233
1019.5	244
1020.5	245
1021.5	215
1022.5	238
1023.5	214
1024.5	263
1025.5	238
1026.5	247
1027.5	225
1028.5	222
1029.5	222
1030.5	224
1031.5	219
1032.5	219
1033.5	235
1034.5	220
1035.5	199
1036.5	227
1037.5	212
1038.5	262
1039.5	206
1040.5	217
1041.5	242
1042.5	225
1043.5	219
1044.5	232
1045.5	233
1046.5	223
1047.5	220
1048.5	211
1049.5	228
1050.5	210
1051.5	215
1052.5	211
1053.5	202
1054.5	245
1055.5	238
1056.5	198
1057.5	214
1058.5	225
1059.5	198
1060.5	230
1061.5	243
1062.5	206
1063.5	233
1064.5	242
1065.5	222
1066.5	206
1067.5	209
1068.5	199
1069.5	210
1070.5	202
1071.5	201
1072.5	210
1073.5	216
1074.5	209
1075.5	236
1076.5	193
1077.5	216
1078.5	195
1079.5	184
1080.5	210
1081.5	196
1082.5	216
1083.5	217
1084.5	195
1085.5	212
1086.5	229
1087.5	211
1088.5	193
1089.5	194
1090.5	216
1091.5	223
1092.5	211
1093.5	203
1094.5	218
1095.5	181
1096.5	192
1097.5	197
1098.5	240
1099.5	203
1100.5	241
1101.5	191
1102.5	202
1103.5	205
1104.5	191
1105.5	186
1106.5	206
1107.5	194
1108.5	194
1109.5	194
1110.5	183
1111.5	196
1112.5	180
1113.5	222
1114.5	196
1115.5	198
1116.5	213
1117.5	207
1118.5	197
1119.5	221
1120.5	188
1121.5	202
1122.5	196
1123.5	207
1124.5	186
1125.5	210
1126.5	169
1127.5	199
1128.5	201
1129.5	187
1130.5	166
1131.5	200
1132.5	170
1133.5	209
1134.5	182
1135.5	196
1136.5	185
1137.5	186
1138.5	195
1139.5	206
1140.5	198
1141.5	195
1142.5	188
1143.5	206
1144.5	183
1145.5	183
1146.5	187
1147.5	189
1148.5	179
1149.5	162
1150.5	162
1151.5	216
1152.5	177
1153.5	179
1154.5	195
1155.5	165
1156.5	187
1157.5	181
1158.5	178
1159.5	186
1160.5	184
1161.5	198
1162.5	163
1163.5	133
1164.5	176
1165.5	192
1166.5	196
1167.5	172
1168.5	190
1169.5	173
1170.5	190
1171.5	164
1172.5	185
1173.5	182
1174.5	188
1175.5	183
1176.5	167
1177.5	171
1178.5	169
1179.5	173
1180.5	153
1181.5	162
1182.5	161
1183.5	168
1184.5	181
1185.5	180
1186.5	177
1187.5	177
1188.5	168
1189.5	180
1190.5	161
1191.5	170
1192.5	160
1193.5	159
1194.5	176
1195.5	167
1196.5	168
1197.5	162
1198.5	192
1199.5	172
1200.5	171
1201.5	151
1202.5	168
1203.5	171
1204.5	169
1205.5	165
1206.5	168
1207.5	159
1208.5	159
1209.5	180
1210.5	166
1211.5	155
1212.5	162
1213.5	172
1214.5	170
1215.5	151
1216.5	178
1217.5	181
1218.5	171
1219.5	176
1220.5	166
1221.5	171
1222.5	150
1223.5	186
1224.5	153
1225.5	167
1226.5	165
1227.5	147
1228.5	153
1229.5	164
1230.5	165
1231.5	174
1232.5	172
1233.5	170
1234.5	155
1235.5	129
1236.5	159
1237.5	158
1238.5	141
1239.5	170
1240.5	137
1241.5	126
1242.5	156
1243.5	150
1244.5	160
1245.5	144
1246.5	164
1247.5	154
1248.5	147
1249.5	172
1250.5	137
1251.5	143
1252.5	154
1253.5	153
1254.5	150
1255.5	144
1256.5	156
1257.5	166
1258.5	165
1259.5	127
1260.5	155
1261.5	163
1262.5	142
1263.5	167
1264.5	159
1265.5	148
1266.5	136
1267.5	136
1268.5	173
1269.5	137
1270.5	152
1271.5	123
1272.5	149
1273.5	155
1274.5	154
1275.5	158
1276.5	149
1277.5	122
1278.5	171
1279.5	154
1280.5	120
1281.5	120
1282.5	159
1283.5	148
1284.5	138
1285.5	125
1286.5	121
1287.5	128
1288.5	140
1289.5	134
1290.5	138
1291.5	148
1292.5	147
1293.5	156
1294.5	158
1295.5	147
1296.5	116
1297.5	134
1298.5	110
1299.5	135
1300.5	137
1301.5	131
1302.5	147
1303.5	136
1304.5	132
1305.5	120
1306.5	133
1307.5	118
1308.5	129
1309.5	119
1310.5	146
1311.5	134
1312.5	141
1313.5	145
1314.5	127
1315.5	129
1316.5	132
1317.5	134
1318.5	131
1319.5	123
1320.5	141
1321.5	131
1322.5	111
1323.5	117
1324.5	124
1325.5	128
1326.5	123
1327.5	145
1328.5	128
1329.5	106
1330.5	124
1331.5	127
1332.5	122
1333.5	129
1334.5	137
1335.5	143
1336.5	110
1337.5	112
1338.5	144
1339.5	104
1340.5	121
1341.5	123
1342.5	127
1343.5	126
1344.5	110
1345.5	118
1346.5	120
1347.5	124
1348.5	133
1349.5	134
1350.5	134
1351.5	117
1352.5	103
1353.5	124
1354.5	131
1355.5	120
1356.5	115
1357.5	109
1358.5	122
1359.5	118
1360.5	118
1361.5	116
1362.5	104
1363.5	117
1364.5	113
1365.5	106
1366.5	113
1367.5	126
1368.5	107
1369.5	106
1370.5	117
1371.5	107
1372.5	111
1373.5	128
1374.5	127
1375.5	108
1376.5	115
1377.5	121
1378.5	112
1379.5	105
1380.5	100
1381.5	124
1382.5	105
1383.5	108
1384.5	103
1385.5	118
1386.5	104
1387.5	107
1388.5	127
1389.5	126
1390.5	120
1391.5	115
1392.5	109
1393.5	128
1394.5	118
1395.5	120
1396.5	106
1397.5	102
1398.5	104
1399.5	91
1400.5	100
1401.5	98
1402.5	113
1403.5	100
1404.5	100
1405.5	88
1406.5	96
1407.5	102
1408.5	105
1409.5	107
1410.5	94
1411.5	120
1412.5	98
1413.5	95
1414.5	94
1415.5	95
1416.5	92
1417.5	108
1418.5	113
1419.5	104
1420.5	98
1421.5	94
1422.5	107
1423.5	95
1424.5	110
1425.5	118
1426.5	107
1427.5	94
1428.5	113
1429.5	116
1430.5	109
1431.5	97
1432.5	117
1433.5	101
1434.5	78
1435.5	117
1436.5	93
1437.5	105
1438.5	117
1439.5	107
1440.5	112
1441.5	95
1442.5	90
1443.5	111
1444.5	99
1445.5	87
1446.5	112
1447.5	76
1448.5	99
1449.5	96
1450.5	92
1451.5	118
1452.5	96
1453.5	123
1454.5	88
1455.5	95
1456.5	81
1457.5	106
1458.5	98
1459.5	97
1460.5	87
1461.5	94
1462.5	89
1463.5	81
1464.5	92
1465.5	89
1466.5	88
1467.5	94
1468.5	84
1469.5	101
1470.5	85
1471.5	98
1472.5	89
1473.5	82
1474.5	91
1475.5	85
1476.5	104
1477.5	80
1478.5	93
1479.5	84
1480.5	89
1481.5	82
1482.5	86
1483.5	82
1484.5	90
1485.5	87
1486.5	83
1487.5	105
1488.5	91
1489.5	73
1490.5	102
1491.5	75
1492.5	108
1493.5	102
1494.5	87
1495.5	79
1496.5	83
1497.5	91
1498.5	66
1499.5	88
1500.5	88
1501.5	91
1502.5	79
1503.5	80
1504.5	100
1505.5	75
1506.5	72
1507.5	78
1508.5	88
1509.5	64
1510.5	72
1511.5	59
1512.5	91
1513.5	91
1514.5	83
1515.5	83
1516.5	93
1517.5	82
1518.5	77
1519.5	98
1520.5	90
1521.5	83
1522.5	76
1523.5	88
1524.5	90
1525.5	76
1526.5	79
1527.5	96
1528.5	83
1529.5	74
1530.5	78
1531.5	79
1532.5	93
1533.5	72
1534.5	68
1535.5	85
1536.5	77
1537.5	83
1538.5	72
1539.5	70
1540.5	63
1541.5	77
1542.5	76
1543.5	66
1544.5	65
1545.5	88
1546.5	69
1547.5	70
1548.5	78
1549.5	62
1550.5	84
1551.5	60
1552.5	69
1553.5	72
1554.5	89
1555.5	70
1556.5	74
1557.5	83
1558.5	63
1559.5	71
1560.5	82
1561.5	70
1562.5	73
1563.5	65
1564.5	78
1565.5	83
1566.5	68
1567.5	65
1568.5	73
1569.5	84
1570.5	63
1571.5	78
1572.5	93
1573.5	60
1574.5	67
1575.5	67
1576.5	68
1577.5	67
1578.5	86
1579.5	66
1580.5	61
1581.5	72
1582.5	82
1583.5	67
1584.5	69
1585.5	78
1586.5	60
1587.5	76
1588.5	81
1589.5	63
1590.5	62
1591.5	73
1592.5	65
1593.5	68
1594.5	57
1595.5	62
1596.5	59
1597.5	49
1598.5	54
1599.5	70
1600.5	66
1601.5	62
1602.5	64
1603.5	68
1604.5	66
1605.5	87
1606.5	64
1607.5	58
1608.5	78
1609.5	81
1610.5	58
1611.5	73
1612.5	70
1613.5	51
1614.5	66
1615.5	66
1616.5	60
1617.5	52
1618.5	66
1619.5	57
1620.5	60
1621.5	58
1622.5	75
1623.5	66
1624.5	52
1625.5	73
1626.5	83
1627.5	77
1628.5	60
1629.5	64
1630.5	63
1631.5	73
1632.5	51
1633.5	70
1634.5	73
1635.5	49
1636.5	55
1637.5	73
1638.5	78
1639.5	70
1640.5	71
1641.5	60
1642.5	47
1643.5	55
1644.5	59
1645.5	62
1646.5	66
1647.5	38
1648.5	66
1649.5	60
1650.5	58
1651.5	52
1652.5	66
1653.5	73
1654.5	58
1655.5	56
1656.5	59
1657.5	47
1658.5	75
1659.5	51
1660.5	53
1661.5	60
1662.5	53
1663.5	59
1664.5	61
1665.5	55
1666.5	63
1667.5	53
1668.5	66
1669.5	64
1670.5	66
1671.5	63
1672.5	46
1673.5	51
1674.5	44
1675.5	57
1676.5	56
1677.5	45
1678.5	69
1679.5	53
1680.5	41
1681.5	50
1682.5	44
1683.5	53
1684.5	64
1685.5	56
1686.5	59
1687.5	49
1688.5	58
1689.5	48
1690.5	46
1691.5	48
1692.5	47
1693.5	53
1694.5	48
1695.5	59
1696.5	58
1697.5	59
1698.5	55
1699.5	50
1700.5	50
1701.5	43
1702.5	54
1703.5	61
1704.5	35
1705.5	48
1706.5	48
1707.5	63
1708.5	50
1709.5	49
1710.5	36
1711.5	49
1712.5	43
1713.5	60
1714.5	59
1715.5	46
1716.5	48
1717.5	46
1718.5	53
1719.5	55
1720.5	45
1721.5	45
1722.5	40
1723.5	46
1724.5	59
1725.5	49
1726.5	53
1727.5	44
1728.5	59
1729.5	35
1730.5	57
1731.5	43
1732.5	46
1733.5	35
1734.5	51
1735.5	53
1736.5	54
1737.5	41
1738.5	38
1739.5	53
1740.5	39
1741.5	47
1742.5	35
1743.5	48
1744.5	41
1745.5	46
1746.5	57
1747.5	38
1748.5	48
1749.5	50
1750.5	39
1751.5	35
1752.5	46
1753.5	46
1754.5	34
1755.5	45
1756.5	40
1757.5	47
1758.5	47
1759.5	45
1760.5	42
1761.5	46
1762.5	45
1763.5	43
1764.5	33
1765.5	35
1766.5	42
1767.5	28
1768.5	36
1769.5	36
1770.5	40
1771.5	37
1772.5	28
1773.5	39
1774.5	40
1775.5	49
1776.5	44
1777.5	46
1778.5	49
1779.5	38
1780.5	39
1781.5	33
1782.5	42
1783.5	36
1784.5	50
1785.5	38
1786.5	44
1787.5	40
1788.5	42
1789.5	36
1790.5	33
1791.5	45
1792.5	38
1793.5	33
1794.5	33
1795.5	41
1796.5	40
1797.5	33
1798.5	40
1799.5	34
1800.5	37
1801.5	48
1802.5	31
1803.5	28
1804.5	38
1805.5	23
1806.5	42
1807.5	36
1808.5	36
1809.5	41
1810.5	31
1811.5	44
1812.5	24
1813.5	45
1814.5	34
1815.5	39
1816.5	27
1817.5	39
1818.5	41
1819.5	31
1820.5	45
1821.5	34
1822.5	42
1823.5	30
1824.5	35
1825.5	26
1826.5	46
1827.5	33
1828.5	37
1829.5	45
1830.5	39
1831.5	48
1832.5	32
1833.5	36
1834.5	37
1835.5	37
1836.5	29
1837.5	43
1838.5	36
1839.5	33
1840.5	32
1841.5	35
1842.5	31
1843.5	41
1844.5	40
1845.5	39
1846.5	35
1847.5	38
1848.5	29
1849.5	39
1850.5	39
1851.5	34
1852.5	33
1853.5	30
1854.5	31
1855.5	27
1856.5	35
1857.5	31
1858.5	39
1859.5	33
1860.5	42
1861.5	40
1862.5	36
1863.5	38
1864.5	36
1865.5	38
1866.5	35
1867.5	25
1868.5	25
1869.5	33
1870.5	39
1871.5	34
1872.5	25
1873.5	35
1874.5	26
1875.5	33
1876.5	42
1877.5	43
1878.5	34
1879.5	38
1880.5	40
1881.5	23
1882.5	43
1883.5	32
1884.5	32
1885.5	34
1886.5	27
1887.5	26
1888.5	40
1889.5	30
1890.5	30
1891.5	33
1892.5	22
1893.5	27
1894.5	37
1895.5	33
1896.5	33
1897.5	37
1898.5	23
1899.5	37
1900.5	30
1901.5	20
1902.5	34
1903.5	29
1904.5	31
1905.5	19
1906.5	29
1907.5	21
1908.5	30
1909.5	19
1910.5	25
1911.5	31
1912.5	25
1913.5	32
1914.5	31
1915.5	29
1916.5	26
1917.5	23
1918.5	16
1919.5	27
1920.5	31
1921.5	26
1922.5	23
1923.5	31
1924.5	28
1925.5	24
1926.5	31
1927.5	22
1928.5	14
1929.5	22
1930.5	20
1931.5	39
1932.5	35
1933.5	25
1934.5	20
1935.5	25
1936.5	23
1937.5	28
1938.5	23
1939.5	23
1940.5	25
1941.5	25
1942.5	18
1943.5	18
1944.5	19
1945.5	24
1946.5	25
1947.5	25
1948.5	22
1949.5	22
1950.5	26
1951.5	17
1952.5	21
1953.5	30
1954.5	28
1955.5	22
1956.5	33
1957.5	21
1958.5	31
1959.5	24
1960.5	20
1961.5	23
1962.5	20
1963.5	32
1964.5	23
1965.5	19
1966.5	31
1967.5	14
1968.5	14
1969.5	16
1970.5	22
1971.5	34
1972.5	23
1973.5	27
1974.5	15
1975.5	25
1976.5	22
1977.5	17
1978.5	24
1979.5	22
1980.5	23
1981.5	22
1982.5	22
1983.5	30
1984.5	26
1985.5	22
1986.5	19
1987.5	21
1988.5	19
1989.5	24
1990.5	17
1991.5	26
1992.5	27
1993.5	18
1994.5	18
1995.5	24
1996.5	18
1997.5	21
1998.5	19
1999.5	18
2000.5	13
2001.5	31
2002.5	23
2003.5	22
2004.5	21
2005.5	21
2006.5	16
2007.5	19
2008.5	24
2009.5	28
2010.5	21
2011.5	20
2012.5	22
2013.5	20
2014.5	18
2015.5	19
2016.5	25
2017.5	13
2018.5	13
2019.5	25
2020.5	24
2021.5	18
2022.5	19
2023.5	22
2024.5	15
2025.5	18
2026.5	21
2027.5	26
2028.5	17
2029.5	19
2030.5	18
2031.5	26
2032.5	18
2033.5	22
2034.5	24
2035.5	18
2036.5	20
2037.5	14
2038.5	22
2039.5	9
2040.5	23
2041.5	20
2042.5	16
2043.5	14
2044.5	24
2045.5	16
2046.5	19
2047.5	19
2048.5	25
2049.5	20
2050.5	16
2051.5	19
2052.5	26
2053.5	26
2054.5	18
2055.5	17
2056.5	24
2057.5	20
2058.5	19
2059.5	16
2060.5	23
2061.5	19
2062.5	19
2063.5	21
2064.5	14
2065.5	13
2066.5	20
2067.5	16
2068.5	13
2069.5	20
2070.5	17
2071.5	26
2072.5	17
2073.5	18
2074.5	18
2075.5	12
2076.5	20
2077.5	17
2078.5	21
2079.5	19
2080.5	14
2081.5	19
2082.5	11
2083.5	9
2084.5	27
2085.5	19
2086.5	10
2087.5	9
2088.5	12
2089.5	18
2090.5	18
2091.5	22
2092.5	14
2093.5	15
2094.5	14
2095.5	13
2096.5	11
2097.5	19
2098.5	13
2099.5	15
2100.5	20
2101.5	8
2102.5	19
2103.5	17
2104.5	14
2105.5	10
2106.5	8
2107.5	19
2108.5	14
2109.5	23
2110.5	12
2111.5	17
2112.5	19
2113.5	17
2114.5	17
2115.5	12
2116.5	21
2117.5	10
2118.5	12
2119.5	13
2120.5	15
2121.5	20
2122.5	17
2123.5	16
2124.5	13
2125.5	12
2126.5	17
2127.5	13
2128.5	13
2129.5	11
2130.5	15
2131.5	14
2132.5	14
2133.5	17
2134.5	14
2135.5	9
2136.5	20
2137.5	13
2138.5	14
2139.5	18
2140.5	15
2141.5	12
2142.5	18
2143.5	13
2144.5	12
2145.5	10
2146.5	13
2147.5	8
2148.5	14
2149.5	5
2150.5	12
2151.5	8
2152.5	11
2153.5	22
2154.5	18
2155.5	15
2156.5	15
2157.5	11
2158.5	10
2159.5	20
2160.5	14
2161.5	13
2162.5	14
2163.5	20
2164.5	14
2165.5	13
2166.5	13
2167.5	9
2168.5	11
2169.5	10
2170.5	11
2171.5	6
2172.5	13
2173.5	11
2174.5	11
2175.5	13
2176.5	9
2177.5	9
2178.5	11
2179.5	16
2180.5	14
2181.5	13
2182.5	14
2183.5	14
2184.5	10
2185.5	10
2186.5	10
2187.5	10
2188.5	10
2189.5	15
2190.5	11
2191.5	7
2192.5	7
2193.5	10
2194.5	12
2195.5	8
2196.5	10
2197.5	12
2198.5	6
2199.5	13
2200.5	12
2201.5	8
2202.5	11
2203.5	11
2204.5	7
2205.5	15
2206.5	11
2207.5	8
2208.5	12
2209.5	9
2210.5	13
2211.5	9
2212.5	10
2213.5	6
2214.5	11
2215.5	13
2216.5	11
2217.5	16
2218.5	8
2219.5	13
2220.5	6
2221.5	8
2222.5	7
2223.5	15
2224.5	11
2225.5	8
2226.5	12
2227.5	6
2228.5	10
2229.5	7
2230.5	13
2231.5	6
2232.5	16
2233.5	12
2234.5	14
2235.5	12
2236.5	9
2237.5	5
2238.5	7
2239.5	10
2240.5	8
2241.5	9
2242.5	12
2243.5	8
2244.5	6
2245.5	8
2246.5	4
2247.5	12
2248.5	6
2249.5	14
2250.5	5
2251.5	15
2252.5	9
2253.5	10
2254.5	8
2255.5	10
2256.5	8
2257.5	11
2258.5	8
2259.5	6
2260.5	8
2261.5	10
2262.5	7
2263.5	5
2264.5	10
2265.5	12
2266.5	10
2267.5	7
2268.5	7
2269.5	5
2270.5	11
2271.5	7
2272.5	7
2273.5	13
2274.5	7
2275.5	13
2276.5	11
2277.5	3
2278.5	6
2279.5	8
2280.5	5
2281.5	14
2282.5	12
2283.5	10
2284.5	11
2285.5	10
2286.5	9
2287.5	13
2288.5	6
2289.5	10
2290.5	6
2291.5	9
2292.5	9
2293.5	7
2294.5	7
2295.5	5
2296.5	5
2297.5	12
2298.5	9
2299.5	9
2300.5	4
2301.5	8
2302.5	10
2303.5	5
2304.5	6
2305.5	7
2306.5	11
2307.5	5
2308.5	11
2309.5	4
2310.5	10
2311.5	15
2312.5	7
2313.5	7
2314.5	6
2315.5	7
2316.5	6
2317.5	7
2318.5	3
2319.5	9
2320.5	8
2321.5	9
2322.5	8
2323.5	10
2324.5	12
2325.5	10
2326.5	10
2327.5	9
2328.5	8
2329.5	3
2330.5	5
2331.5	9
2332.5	12
2333.5	7
2334.5	5
2335.5	6
2336.5	8
2337.5	5
2338.5	7
2339.5	6
2340.5	7
2341.5	4
2342.5	10
2343.5	5
2344.5	7
2345.5	6
2346.5	8
2347.5	6
2348.5	10
2349.5	5
2350.5	6
2351.5	10
2352.5	2
2353.5	3
2354.5	5
2355.5	5
2356.5	11
2357.5	6
2358.5	8
2359.5	8
2360.5	6
2361.5	4
2362.5	8
2363.5	3
2364.5	9
2365.5	8
2366.5	4
2367.5	5
2368.5	5
2369.5	6
2370.5	5
2371.5	1
2372.5	3
2373.5	9
2374.5	5
2375.5	7
2376.5	3
2377.5	3
2378.5	10
2379.5	5
2380.5	4
2381.5	4
2382.5	3
2383.5	5
2384.5	6
2385.5	6
2386.5	8
2387.5	9
2388.5	5
2389.5	2
2390.5	1
2391.5	6
2392.5	2
2393.5	7
2394.5	8
2395.5	4
2396.5	8
2397.5	3
2398.5	5
2399.5	4
2400.5	5
2401.5	3
2402.5	2
2403.5	3
2404.5	7
2405.5	5
2406.5	8
2407.5	5
2408.5	3
2409.5	2
2410.5	6
2411.5	5
2412.5	7
2413.5	2
2414.5	0
2415.5	10
2416.5	6
2417.5	5
2418.5	4
2419.5	3
2420.5	8
2421.5	7
2422.5	7
2423.5	3
2424.5	5
2425.5	7
2426.5	10
2427.5	4
2428.5	5
2429.5	2
2430.5	6
2431.5	4
2432.5	7
2433.5	3
2434.5	3
2435.5	5
2436.5	8
2437.5	2
2438.5	7
2439.5	1
2440.5	1
2441.5	5
2442.5	2
2443.5	3
2444.5	2
2445.5	1
2446.5	6
2447.5	3
2448.5	10
2449.5	2
2450.5	2
2451.5	5
2452.5	3
2453.5	4
2454.5	6
2455.5	4
2456.5	4
2457.5	3
2458.5	6
2459.5	2
2460.5	3
2461.5	4
2462.5	4
2463.5	4
2464.5	5
2465.5	6
2466.5	7
2467.5	4
2468.5	6
2469.5	3
2470.5	3
2471.5	6
2472.5	6
2473.5	4
2474.5	5
2475.5	6
2476.5	3
2477.5	3
2478.5	3
2479.5	4
2480.5	3
2481.5	4
2482.5	5
2483.5	7
2484.5	5
2485.5	3
2486.5	4
2487.5	8
2488.5	3
2489.5	4
2490.5	6
2491.5	3
2492.5	4
2493.5	2
2494.5	3
2495.5	7
2496.5	5
2497.5	6
2498.5	10
2499.5	2
2500.5	3
2501.5	5
2502.5	2
2503.5	4
2504.5	4
2505.5	4
2506.5	4
2507.5	3
2508.5	2
2509.5	6
2510.5	4
2511.5	2
2512.5	4
2513.5	4
2514.5	9
2515.5	2
2516.5	2
2517.5	5
2518.5	4
2519.5	2
2520.5	4
2521.5	4
2522.5	2
2523.5	3
2524.5	4
2525.5	4
2526.5	4
2527.5	5
2528.5	3
2529.5	5
2530.5	4
2531.5	6
2532.5	5
2533.5	4
2534.5	3
2535.5	1
2536.5	2
2537.5	1
2538.5	1
2539.5	2
2540.5	1
2541.5	5
2542.5	4
2543.5	2
2544.5	5
2545.5	4
2546.5	0
2547.5	4
2548.5	1
2549.5	1
2550.5	6
2551.5	4
2552.5	2
2553.5	2
2554.5	7
2555.5	3
2556.5	3
2557.5	5
2558.5	1
2559.5	0
2560.5	3
2561.5	3
2562.5	1
2563.5	1
2564.5	5
2565.5	1
2566.5	1
2567.5	4
2568.5	7
2569.5	1
2570.5	0
2571.5	8
2572.5	2
2573.5	4
2574.5	2
2575.5	1
2576.5	3
2577.5	2
2578.5	5
2579.5	3
2580.5	0
2581.5	5
2582.5	3
2583.5	3
2584.5	2
2585.5	2
2586.5	5
2587.5	1
2588.5	2
2589.5	4
2590.5	1
2591.5	2
2592.5	3
2593.5	1
2594.5	4
2595.5	4
2596.5	2
2597.5	3
2598.5	1
2599.5	4
2600.5	4
2601.5	2
2602.5	4
2603.5	1
2604.5	0
2605.5	3
2606.5	4
2607.5	2
2608.5	1
2609.5	1
2610.5	5
2611.5	6
2612.5	1
2613.5	4
2614.5	1
2615.5	4
2616.5	1
2617.5	5
2618.5	1
2619.5	4
2620.5	4
2621.5	7
2622.5	1
2623.5	1
2624.5	2
2625.5	2
2626.5	0
2627.5	4
2628.5	2
2629.5	0
2630.5	3
2631.5	1
2632.5	3
2633.5	3
2634.5	2
2635.5	4
2636.5	4
2637.5	5
2638.5	4
2639.5	3
2640.5	2
2641.5	2
2642.5	2
2643.5	1
2644.5	1
2645.5	3
2646.5	3
2647.5	3
2648.5	0
2649.5	1
2650.5	0
2651.5	1
2652.5	2
2653.5	0
2654.5	3
2655.5	1
2656.5	1
2657.5	2
2658.5	2
2659.5	1
2660.5	4
2661.5	5
2662.5	2
2663.5	4
2664.5	1
2665.5	2
2666.5	2
2667.5	3
2668.5	0
2669.5	2
2670.5	1
2671.5	3
2672.5	0
2673.5	2
2674.5	2
2675.5	1
2676.5	1
2677.5	2
2678.5	0
2679.5	5
2680.5	5
2681.5	4
2682.5	2
2683.5	3
2684.5	5
2685.5	2
2686.5	1
2687.5	1
2688.5	0
2689.5	4
2690.5	2
2691.5	3
2692.5	1
2693.5	3
2694.5	1
2695.5	2
2696.5	2
2697.5	1
2698.5	2
2699.5	3
2700.5	2
2701.5	1
2702.5	1
2703.5	4
2704.5	1
2705.5	2
2706.5	1
2707.5	1
2708.5	3
2709.5	3
2710.5	3
2711.5	1
2712.5	2
2713.5	2
2714.5	0
2715.5	4
2716.5	0
2717.5	3
2718.5	1
2719.5	0
2720.5	2
2721.5	1
2722.5	1
2723.5	5
2724.5	1
2725.5	4
2726.5	0
2727.5	3
2728.5	2
2729.5	3
2730.5	2
2731.5	3
2732.5	0
2733.5	0
2734.5	0
2735.5	0
2736.5	0
2737.5	1
2738.5	4
2739.5	3
2740.5	2
2741.5	0
2742.5	2
2743.5	3
2744.5	3
2745.5	0
2746.5	2
2747.5	0
2748.5	2
2749.5	3
2750.5	0
2751.5	4
2752.5	1
2753.5	2
2754.5	2
2755.5	2
2756.5	2
2757.5	1
2758.5	1
2759.5	2
2760.5	2
2761.5	0
2762.5	3
2763.5	1
2764.5	0
2765.5	1
2766.5	0
2767.5	0
2768.5	0
2769.5	0
2770.5	0
2771.5	2
2772.5	1
2773.5	1
2774.5	1
2775.5	2
2776.5	2
2777.5	1
2778.5	0
2779.5	2
2780.5	2
2781.5	1
2782.5	1
2783.5	3
2784.5	1
2785.5	1
2786.5	2
2787.5	2
2788.5	2
2789.5	1
2790.5	2
2791.5	1
2792.5	1
2793.5	2
2794.5	0
2795.5	2
2796.5	2
2797.5	1
2798.5	0
2799.5	2
2800.5	2
2801.5	0
2802.5	0
2803.5	2
2804.5	0
2805.5	1
2806.5	1
2807.5	0
2808.5	0
2809.5	2
2810.5	1
2811.5	1
2812.5	2
2813.5	1
2814.5	0
2815.5	0
2816.5	1
2817.5	2
2818.5	0
2819.5	1
2820.5	0
2821.5	0
2822.5	1
2823.5	0
2824.5	1
2825.5	1
2826.5	0
2827.5	2
2828.5	2
2829.5	3
2830.5	1
2831.5	0
2832.5	2
2833.5	1
2834.5	2
2835.5	0
2836.5	1
2837.5	0
2838.5	2
2839.5	0
2840.5	1
2841.5	0
2842.5	3
2843.5	2
2844.5	1
2845.5	1
2846.5	2
2847.5	1
2848.5	0
2849.5	1
2850.5	2
2851.5	1
2852.5	0
2853.5	1
2854.5	3
2855.5	0
2856.5	1
2857.5	3
2858.5	0
2859.5	0
2860.5	0
2861.5	0
2862.5	0
2863.5	0
2864.5	1
2865.5	1
2866.5	1
2867.5	4
2868.5	0
2869.5	1
2870.5	1
2871.5	1
2872.5	1
2873.5	1
2874.5	2
2875.5	1
2876.5	2
2877.5	1
2878.5	1
2879.5	1
2880.5	1
2881.5	0
2882.5	2
2883.5	0
2884.5	2
2885.5	2
2886.5	2
2887.5	0
2888.5	0
2889.5	1
2890.5	3
2891.5	0
2892.5	0
2893.5	0
2894.5	1
2895.5	0
2896.5	0
2897.5	0
2898.5	1
2899.5	0
2900.5	0
2901.5	1
2902.5	1
2903.5	0
2904.5	1
2905.5	2
2906.5	1
2907.5	0
2908.5	2
2909.5	1
2910.5	0
2911.5	3
2912.5	1
2913.5	0
2914.5	0
2915.5	0
2916.5	0
2917.5	1
2918.5	1
2919.5	1
2920.5	0
2921.5	1
2922.5	1
2923.5	0
2924.5	1
2925.5	0
2926.5	3
2927.5	0
2928.5	0
2929.5	2
2930.5	0
2931.5	0
2932.5	0
2933.5	2
2934.5	2
2935.5	0
2936.5	0
2937.5	0
2938.5	0
2939.5	0
2940.5	1
2941.5	0
2942.5	1
2943.5	0
2944.5	0
2945.5	1
2946.5	1
2947.5	0
2948.5	0
2949.5	2
2950.5	0
2951.5	3
2952.5	0
2953.5	0
2954.5	1
2955.5	0
2956.5	1
2957.5	2
2958.5	0
2959.5	0
2960.5	0
2961.5	0
2962.5	0
2963.5	1
2964.5	0
2965.5	0
2966.5	0
2967.5	1
2968.5	0
2969.5	0
2970.5	0
2971.5	0
2972.5	1
2973.5	0
2974.5	0
2975.5	1
2976.5	0
2977.5	0
2978.5	3
2979.5	1
2980.5	0
2981.5	0
2982.5	1
2983.5	1
2984.5	0
2985.5	1
2986.5	1
2987.5	0
2988.5	0
2989.5	0
2990.5	0
2991.5	1
2992.5	0
2993.5	0
2994.5	2
2995.5	0
2996.5	0
2997.5	0
2998.5	1
2999.5	1
3000.5	0
3001.5	0
3002.5	2
3003.5	2
3004.5	2
3005.5	1
3006.5	1
3007.5	1
3008.5	0
3009.5	0
3010.5	1
3011.5	0
3012.5	0
3013.5	1
3014.5	0
3015.5	1
3016.5	0
3017.5	1
3018.5	0
3019.5	0
3020.5	1
3021.5	0
3022.5	0
3023.5	1
3024.5	0
3025.5	0
3026.5	0
3027.5	0
3028.5	0
3029.5	0
3030.5	1
3031.5	1
3032.5	1
3033.5	0
3034.5	0
3035.5	0
3036.5	0
3037.5	0
3038.5	0
3039.5	0
3040.5	1
3041.5	1
3042.5	0
3043.5	0
3044.5	0
3045.5	0
3046.5	2
3047.5	0
3048.5	0
3049.5	1
3050.5	0
3051.5	0
3052.5	2
3053.5	1
3054.5	0
3055.5	0
3056.5	0
3057.5	0
3058.5	0
3059.5	1
3060.5	0
3061.5	0
3062.5	1
3063.5	1
3064.5	0
3065.5	0
3066.5	1
3067.5	0
3068.5	0
3069.5	0
3070.5	0
3071.5	1
3072.5	1
3073.5	2
3074.5	1
3075.5	1
3076.5	0
3077.5	0
3078.5	0
3079.5	1
3080.5	0
3081.5	0
3082.5	1
3083.5	2
3084.5	0
3085.5	0
3086.5	0
3087.5	0
3088.5	0
3089.5	1
3090.5	0
3091.5	1
3092.5	0
3093.5	0
3094.5	0
3095.5	1
3096.5	0
3097.5	0
3098.5	0
3099.5	1
3100.5	0
3101.5	1
3102.5	0
3103.5	0
3104.5	0
3105.5	2
3106.5	0
3107.5	2
3108.5	0
3109.5	0
3110.5	0
3111.5	1
3112.5	0
3113.5	0
3114.5	0
3115.5	0
3116.5	2
3117.5	0
3118.5	0
3119.5	1
3120.5	0
3121.5	0
3122.5	1
3123.5	0
3124.5	0
3125.5	0
3126.5	1
3127.5	0
3128.5	0
3129.5	0
3130.5	0
3131.5	0
3132.5	0
3133.5	0
3134.5	0
3135.5	0
3136.5	0
3137.5	1
3138.5	0
3139.5	1
3140.5	0
3141.5	0
3142.5	0
3143.5	0
3144.5	0
3145.5	0
3146.5	1
3147.5	0
3148.5	0
3149.5	0
3150.5	0
3151.5	0
3152.5	1
3153.5	0
3154.5	1
3155.5	0
3156.5	0
3157.5	0
3158.5	1
3159.5	0
3160.5	0
3161.5	2
3162.5	0
3163.5	1
3164.5	0
3165.5	1
3166.5	0
3167.5	1
3168.5	0
3169.5	0
3170.5	0
3171.5	0
3172.5	0
3173.5	0
3174.5	0
3175.5	0
3176.5	0
3177.5	2
3178.5	1
3179.5	0
3180.5	0
3181.5	0
3182.5	0
3183.5	0
3184.5	0
3185.5	0
3186.5	0
3187.5	0
3188.5	0
3189.5	0
3190.5	0
3191.5	0
3192.5	0
3193.5	0
3194.5	0
3195.5	0
3196.5	0
3197.5	0
3198.5	0
3199.5	0
3200.5	0
3201.5	1
3202.5	0
3203.5	0
3204.5	0
3205.5	0
3206.5	1
3207.5	0
3208.5	0
3209.5	0
3210.5	0
3211.5	0
3212.5	1
3213.5	1
3214.5	0
3215.5	0
3216.5	1
3217.5	0
3218.5	0
3219.5	0
3220.5	0
3221.5	1
3222.5	0
3223.5	1
3224.5	0
3225.5	0
3226.5	0
3227.5	0
3228.5	0
3229.5	0
3230.5	0
3231.5	0
3232.5	0
3233.5	0
3234.5	0
3235.5	2
3236.5	0
3237.5	0
3238.5	0
3239.5	0
3240.5	0
3241.5	0
3242.5	1
3243.5	1
3244.5	0
3245.5	0
3246.5	0
3247.5	0
3248.5	0
3249.5	0
3250.5	0
3251.5	0
3252.5	0
3253.5	0
3254.5	0
3255.5	0
3256.5	0
3257.5	0
3258.5	0
3259.5	0
3260.5	0
3261.5	0
3262.5	0
3263.5	0
3264.5	0
3265.5	0
3266.5	0
3267.5	0
3268.5	1
3269.5	0
3270.5	0
3271.5	0
3272.5	1
3273.5	0
3274.5	0
3275.5	0
3276.5	0
3277.5	0
3278.5	0
3279.5	0
3280.5	0
3281.5	0
3282.5	0
3283.5	1
3284.5	0
3285.5	0
3286.5	0
3287.5	0
3288.5	0
3289.5	0
3290.5	1
3291.5	0
3292.5	0
3293.5	0
3294.5	0
3295.5	0
3296.5	1
3297.5	0
3298.5	0
3299.5	0
3300.5	0
3301.5	0
3302.5	0
3303.5	0
3304.5	0
3305.5	1
3306.5	0
3307.5	0
3308.5	0
3309.5	0
3310.5	0
3311.5	0
3312.5	1
3313.5	0
3314.5	0
3315.5	0
3316.5	0
3317.5	1
3318.5	1
3319.5	0
3320.5	0
3321.5	0
3322.5	0
3323.5	0
3324.5	0
3325.5	1
3326.5	0
3327.5	0
3328.5	0
3329.5	0
3330.5	0
3331.5	2
3332.5	0
3333.5	0
3334.5	0
3335.5	0
3336.5	0
3337.5	0
3338.5	0
3339.5	0
3340.5	0
3341.5	1
3342.5	0
3343.5	0
3344.5	0
3345.5	1
3346.5	0
3347.5	0
3348.5	0
3349.5	0
3350.5	1
3351.5	0
3352.5	0
3353.5	0
3354.5	0
3355.5	0
3356.5	0
3357.5	0
3358.5	0
3359.5	0
3360.5	0
3361.5	0
3362.5	0
3363.5	0
3364.5	0
3365.5	0
3366.5	0
3367.5	0
3368.5	0
3369.5	0
3370.5	0
3371.5	0
3372.5	0
3373.5	0
3374.5	0
3375.5	0
3376.5	0
3377.5	0
3378.5	0
3379.5	0
3380.5	0
3381.5	0
3382.5	0
3383.5	0
3384.5	0
3385.5	0
3386.5	1
3387.5	0
3388.5	0
3389.5	0
3390.5	1
3391.5	0
3392.5	0
3393.5	0
3394.5	0
3395.5	2
3396.5	1
3397.5	0
3398.5	0
3399.5	0
3400.5	0
3401.5	1
3402.5	0
3403.5	0
3404.5	0
3405.5	0
3406.5	0
3407.5	0
3408.5	0
3409.5	0
3410.5	1
3411.5	0
3412.5	0
3413.5	0
3414.5	0
3415.5	0
3416.5	0
3417.5	0
3418.5	0
3419.5	0
3420.5	0
3421.5	0
3422.5	0
3423.5	0
3424.5	0
3425.5	0
3426.5	0
3427.5	0
3428.5	0
3429.5	0
3430.5	0
3431.5	0
3432.5	0
3433.5	0
3434.5	0
3435.5	0
3436.5	0
3437.5	0
3438.5	1
3439.5	0
3440.5	0
3441.5	0
3442.5	0
3443.5	1
3444.5	0
3445.5	0
3446.5	1
3447.5	0
3448.5	0
3449.5	0
3450.5	0
3451.5	0
3452.5	0
3453.5	0
3454.5	0
3455.5	0
3456.5	0
3457.5	0
3458.5	0
3459.5	0
3460.5	0
3461.5	0
3462.5	0
3463.5	0
3464.5	0
3465.5	0
3466.5	0
3467.5	0
3468.5	0
3469.5	0
3470.5	0
3471.5	0
3472.5	0
3473.5	0
3474.5	0
3475.5	0
3476.5	0
3477.5	0
3478.5	0
3479.5	0
3480.5	0
3481.5	0
3482.5	0
3483.5	0
3484.5	0
3485.5	0
3486.5	0
3487.5	0
3488.5	0
3489.5	0
3490.5	0
3491.5	0
3492.5	0
3493.5	0
3494.5	0
3495.5	0
3496.5	0
3497.5	0
3498.5	0
3499.5	1
3500.5	0
3501.5	0
3502.5	0
3503.5	0
3504.5	0
3505.5	0
3506.5	0
3507.5	0
3508.5	0
3509.5	0
3510.5	1
3511.5	0
3512.5	0
3513.5	0
3514.5	0
3515.5	0
3516.5	1
3517.5	0
3518.5	0
3519.5	0
3520.5	0
3521.5	0
3522.5	0
3523.5	0
3524.5	0
3525.5	0
3526.5	0
3527.5	0
3528.5	0
3529.5	0
3530.5	0
3531.5	0
3532.5	0
3533.5	0
3534.5	0
3535.5	0
3536.5	0
3537.5	0
3538.5	0
3539.5	0
3540.5	0
3541.5	0
3542.5	0
3543.5	0
3544.5	0
3545.5	0
3546.5	0
3547.5	0
3548.5	0
3549.5	0
3550.5	0
3551.5	0
3552.5	0
3553.5	0
3554.5	0
3555.5	0
3556.5	0
3557.5	0
3558.5	0
3559.5	0
3560.5	0
3561.5	0
3562.5	0
3563.5	0
3564.5	0
3565.5	0
3566.5	0
3567.5	0
3568.5	0
3569.5	0
3570.5	0
3571.5	0
3572.5	0
3573.5	0
3574.5	0
3575.5	0
3576.5	0
3577.5	0
3578.5	0
3579.5	0
3580.5	0
3581.5	0
3582.5	0
3583.5	0
3584.5	0
3585.5	0
3586.5	0
3587.5	0
3588.5	0
3589.5	0
3590.5	0
3591.5	0
3592.5	0
3593.5	0
3594.5	0
3595.5	0
3596.5	0
3597.5	0
3598.5	0
3599.5	0
3600.5	0
3601.5	0
3602.5	0
3603.5	0
3604.5	0
3605.5	0
3606.5	0
3607.5	0
3608.5	0
3609.5	0
3610.5	0
3611.5	0
3612.5	0
3613.5	0
3614.5	0
3615.5	0
3616.5	0
3617.5	0
3618.5	0
3619.5	0
3620.5	0
3621.5	0
3622.5	0
3623.5	0
3624.5	0
3625.5	0
3626.5	0
3627.5	0
3628.5	0
3629.5	1
3630.5	0
3631.5	0
3632.5	0
3633.5	0
3634.5	0
3635.5	0
3636.5	0
3637.5	0
3638.5	0
3639.5	0
3640.5	0
3641.5	0
3642.5	0
3643.5	0
3644.5	0
3645.5	0
3646.5	0
3647.5	0
3648.5	0
3649.5	0
3650.5	0
3651.5	0
3652.5	0
3653.5	0
3654.5	0
3655.5	0
3656.5	0
3657.5	0
3658.5	0
3659.5	0
3660.5	0
3661.5	0
3662.5	0
3663.5	0
3664.5	0
3665.5	0
3666.5	0
3667.5	0
3668.5	0
3669.5	0
3670.5	0
3671.5	0
3672.5	0
3673.5	0
3674.5	0
3675.5	0
3676.5	0
3677.5	0
3678.5	0
3679.5	0
3680.5	0
3681.5	0
3682.5	0
3683.5	0
3684.5	0
3685.5	0
3686.5	0
3687.5	0
3688.5	0
3689.5	0
3690.5	0
3691.5	0
3692.5	0
3693.5	0
3694.5	0
3695.5	0
3696.5	0
3697.5	0
3698.5	0
3699.5	0
3700.5	1
3701.5	0
3702.5	0
3703.5	0
3704.5	0
3705.5	0
3706.5	0
3707.5	0
3708.5	0
3709.5	0
3710.5	0
3711.5	0
3712.5	0
3713.5	0
3714.5	0
3715.5	0
3716.5	0
3717.5	0
3718.5	0
3719.5	0
3720.5	0
3721.5	0
3722.5	0
3723.5	0
3724.5	0
3725.5	0
3726.5	0
3727.5	0
3728.5	0
3729.5	0
3730.5	0
3731.5	0
3732.5	0
3733.5	0
3734.5	0
3735.5	0
3736.5	0
3737.5	0
3738.5	0
3739.5	0
3740.5	0
3741.5	0
3742.5	0
3743.5	0
3744.5	0
3745.5	0
3746.5	0
3747.5	0
3748.5	0
3749.5	0
3750.5	0
3751.5	0
3752.5	0
3753.5	0
3754.5	0
3755.5	0
3756.5	0
3757.5	0
3758.5	0
3759.5	0
3760.5	0
3761.5	0
3762.5	0
3763.5	0
3764.5	0
3765.5	0
3766.5	0
3767.5	0
3768.5	0
3769.5	0
3770.5	0
3771.5	0
3772.5	0
3773.5	0
3774.5	0
3775.5	0
3776.5	0
3777.5	0
3778.5	0
3779.5	0
3780.5	0
3781.5	0
3782.5	0
3783.5	0
3784.5	0
3785.5	0
3786.5	0
3787.5	0
3788.5	0
3789.5	0
3790.5	0
3791.5	0
3792.5	0
3793.5	0
3794.5	0
3795.5	0
3796.5	0
3797.5	0
3798.5	0
3799.5	0
3800.5	0
3801.5	0
3802.5	0
3803.5	0
3804.5	0
3805.5	0
3806.5	0
3807.5	0
3808.5	0
3809.5	0
3810.5	0
3811.5	0
3812.5	0
3813.5	0
3814.5	0
3815.5	0
3816.5	0
3817.5	0
3818.5	0
3819.5	0
3820.5	0
3821.5	0
3822.5	0
3823.5	0
3824.5	0
3825.5	0
3826.5	0
3827.5	0
3828.5	0
3829.5	0
3830.5	0
3831.5	0
3832.5	0
3833.5	0
3834.5	0
3835.5	0
3836.5	0
3837.5	0
3838.5	0
3839.5	0
3840.5	0
3841.5	0
3842.5	0
3843.5	0
3844.5	0
3845.5	0
3846.5	0
3847.5	1
3848.5	0
3849.5	0
3850.5	0
3851.5	0
3852.5	0
3853.5	0
3854.5	0
3855.5	0
3856.5	0
3857.5	0
3858.5	0
3859.5	0
3860.5	0
3861.5	0
3862.5	0
3863.5	0
3864.5	0
3865.5	0
3866.5	0
3867.5	0
3868.5	0
3869.5	0
3870.5	0
3871.5	0
3872.5	0
3873.5	0
3874.5	0
3875.5	0
3876.5	0
3877.5	0
3878.5	0
3879.5	0
3880.5	0
3881.5	0
3882.5	0
3883.5	0
3884.5	0
3885.5	0
3886.5	0
3887.5	0
3888.5	0
3889.5	0
3890.5	0
3891.5	0
3892.5	0
3893.5	0
3894.5	0
3895.5	0
3896.5	0
3897.5	0
3898.5	0
3899.5	0
3900.5	0
3901.5	0
3902.5	0
3903.5	0
3904.5	0
3905.5	0
3906.5	0
3907.5	0
3908.5	0
3909.5	0
3910.5	0
3911.5	0
3912.5	0
3913.5	0
3914.5	0
3915.5	0
3916.5	0
3917.5	0
3918.5	0
3919.5	0
3920.5	0
3921.5	0
3922.5	0
3923.5	0
3924.5	0
3925.5	0
3926.5	0
3927.5	0
3928.5	0
3929.5	0
3930.5	0
3931.5	0
3932.5	0
3933.5	0
3934.5	0
3935.5	0
3936.5	0
3937.5	0
3938.5	0
3939.5	0
3940.5	0
3941.5	0
3942.5	0
3943.5	0
3944.5	0
3945.5	0
3946.5	0
3947.5	0
3948.5	0
3949.5	0
3950.5	0
3951.5	0
3952.5	0
3953.5	0
3954.5	0
3955.5	0
3956.5	0
3957.5	0
3958.5	0
3959.5	0
3960.5	0
3961.5	0
3962.5	0
3963.5	0
3964.5	0
3965.5	0
3966.5	0
3967.5	0
3968.5	0
3969.5	0
3970.5	0
3971.5	0
3972.5	0
3973.5	0
3974.5	0
3975.5	0
3976.5	0
3977.5	0
3978.5	0
3979.5	0
3980.5	0
3981.5	0
3982.5	0
3983.5	0
3984.5	0
3985.5	0
3986.5	0
3987.5	0
3988.5	0
3989.5	0
3990.5	0
3991.5	0
3992.5	0
3993.5	0
3994.5	0
3995.5	0
