# x-label = Wavelength [nm]
# y-label = Intensity
695.2629485551251  450
695.2707048979909  506
695.2784612408566  440
695.2862175837223  494
695.293973926588  471
695.3017302694539  464
695.3094866123196  391
695.3172429551853  443
695.324999298051  479
695.3327556409167  429
695.3405119837824  426
695.3482683266482  504
695.3560246695139  459
695.3637810123796  458
695.3715373552453  524
695.379293698111  411
695.3870500409768  452
695.3948063838425  527
695.4025627267082  399
695.4103190695739  488
695.4180754124396  380
695.4258317553054  469
695.4335880981711  488
695.4413444410368  487
695.4491007839025  474
695.4568571267682  466
695.464613469634  442
695.4723698124997  466
695.4801261553655  453
695.4878824982312  444
695.4956388410969  435
695.5033951839627  428
695.5111515268284  516
695.5189078696941  459
695.5266642125598  396
695.5344205554255  528
695.5421768982912  525
695.549933241157  480
695.5576895840227  494
695.5654459268884  457
695.5732022697541  475
695.5809586126198  420
695.5887149554856  508
695.5964712983513  417
695.604227641217  430
695.6119839840827  492
695.6197403269484  495
695.6274966698141  487
695.6352530126799  593
695.6430093555456  519
695.6507656984113  548
695.6585220412771  496
695.6662783841429  425
695.6740347270086  466
695.6817910698743  467
695.68954741274  481
695.6973037556057  520
695.7050600984714  511
695.7128164413372  476
695.7205727842029  471
695.7283291270686  481
695.7360854699343  478
695.7438418128  567
695.7515981556658  435
695.7593544985315  431
695.7671108413972  495
695.7748671842629  464
695.7826235271286  478
695.7903798699944  461
695.7981362128601  535
695.8058925557258  444
695.8136488985915  442
695.8214052414572  473
695.829161584323  551
695.8369179271888  535
695.8446742700545  497
695.8524306129202  512
695.8601869557859  480
695.8679432986517  553
695.8756996415174  450
695.8834559843831  500
695.8912123272488  504
695.8989686701145  478
695.9067250129802  512
695.914481355846  522
695.9222376987117  412
695.9299940415774  497
695.9377503844431  495
695.9455067273088  441
695.9532630701746  480
695.9610194130403  482
695.968775755906  545
695.9765320987717  479
695.9842884416374  460
695.9920447845032  495
695.9998011273689  524
696.0075574702347  465
696.0153138131004  513
696.0230701559661  479
696.0308264988319  516
696.0385828416976  485
696.0463391845633  497
696.054095527429  480
696.0618518702947  494
696.0696082131604  498
696.0773645560262  551
696.0851208988919  524
696.0928772417576  513
696.1006335846233  429
696.108389927489  567
696.1161462703548  489
696.1239026132205  527
696.1316589560862  505
696.1394152989519  483
696.1471716418176  439
696.1549279846834  493
696.1626843275491  512
696.1704406704148  450
696.1781970132805  506
696.1859533561463  480
696.1937096990121  447
696.2014660418778  514
696.2092223847435  541
696.2169787276092  564
696.2247350704749  490
696.2324914133407  528
696.2402477562064  465
696.2480040990721  491
696.2557604419378  547
696.2635167848035  583
696.2712731276692  475
696.279029470535  427
696.2867858134007  515
696.2945421562664  520
696.3022984991321  445
696.3100548419978  552
696.3178111848636  537
696.3255675277293  580
696.333323870595  503
696.3410802134607  508
696.3488365563264  477
696.3565928991923  520
696.364349242058  494
696.3721055849237  522
696.3798619277894  554
696.3876182706551  512
696.3953746135209  570
696.4031309563866  587
696.4108872992523  543
696.418643642118  507
696.4263999849837  425
696.4341563278495  481
696.4419126707152  484
696.4496690135809  583
696.4574253564466  507
696.4651816993123  525
696.472938042178  505
696.4806943850438  523
696.4884507279095  531
696.4962070707752  461
696.5039634136409  465
696.5117197565066  483
696.5194760993724  551
696.5272324422381  565
696.5349887851039  496
696.5427451279696  494
696.5505014708353  347
696.5582578137011  522
696.5660141565668  416
696.5737704994325  490
696.5815268422982  493
696.5892831851639  532
696.5970395280297  560
696.6047958708954  491
696.6125522137611  495
696.6203085566268  493
696.6280648994925  441
696.6358212423582  477
696.643577585224  445
696.6513339280897  507
696.6590902709554  530
696.6668466138211  569
696.6746029566868  531
696.6823592995526  560
696.6901156424183  588
696.697871985284  485
696.7056283281497  476
696.7133846710155  445
696.7211410138813  465
696.728897356747  525
696.7366536996127  499
696.7444100424784  496
696.7521663853441  493
696.7599227282099  517
696.7676790710756  535
696.7754354139413  573
696.783191756807  570
696.7909480996727  492
696.7987044425385  516
696.8064607854042  542
696.8142171282699  483
696.8219734711356  477
696.8297298140013  449
696.837486156867  596
696.8452424997328  594
696.8529988425985  580
696.8607551854642  547
696.8685115283299  500
696.8762678711956  458
696.8840242140614  536
696.8917805569272  533
696.8995368997929  554
696.9072932426586  499
696.9150495855243  624
696.9228059283901  531
696.9305622712558  576
696.9383186141215  500
696.9460749569872  513
696.9538312998529  538
696.9615876427187  545
696.9693439855844  555
696.9771003284501  576
696.9848566713158  569
696.9926130141815  542
697.0003693570472  455
697.008125699913  460
697.0158820427787  558
697.0236383856444  538
697.0313947285101  494
697.0391510713758  495
697.0469074142416  631
697.0546637571073  552
697.062420099973  618
697.0701764428388  513
697.0779327857045  430
697.0856891285703  556
697.093445471436  576
697.1012018143017  572
697.1089581571674  510
697.1167145000331  642
697.1244708428989  529
697.1322271857646  506
697.1399835286303  517
697.147739871496  531
697.1554962143617  538
697.1632525572275  505
697.1710089000932  596
697.1787652429589  482
697.1865215858246  526
697.1942779286903  489
697.202034271556  595
697.2097906144218  497
697.2175469572875  520
697.2253033001532  465
697.2330596430189  497
697.2408159858848  458
697.2485723287505  603
697.2563286716162  543
697.2640850144819  545
697.2718413573476  491
697.2795977002133  524
697.2873540430791  519
697.2951103859448  606
697.3028667288105  476
697.3106230716762  584
697.3183794145419  548
697.3261357574077  505
697.3338921002734  499
697.3416484431391  516
697.3494047860048  506
697.3571611288705  599
697.3649174717362  535
697.372673814602  532
697.3804301574677  523
697.3881865003334  497
697.3959428431991  515
697.4036991860648  561
697.4114555289306  540
697.4192118717964  577
697.4269682146621  657
697.4347245575278  558
697.4424809003935  497
697.4502372432593  557
697.457993586125  654
697.4657499289907  572
697.4735062718564  586
697.4812626147221  623
697.4890189575879  607
697.4967753004536  533
697.5045316433193  533
697.512287986185  508
697.5200443290507  607
697.5278006719165  515
697.5355570147822  543
697.5433133576479  525
697.5510697005136  507
697.5588260433793  489
697.566582386245  551
697.5743387291108  512
697.5820950719765  583
697.5898514148423  520
697.597607757708  597
697.6053641005738  553
697.6131204434395  541
697.6208767863052  544
697.6286331291709  532
697.6363894720366  535
697.6441458149023  585
697.6519021577681  556
697.6596585006338  636
697.6674148434995  590
697.6751711863652  583
697.6829275292309  540
697.6906838720967  562
697.6984402149624  553
697.7061965578281  625
697.7139529006938  543
697.7217092435595  615
697.7294655864252  590
697.737221929291  530
697.7449782721567  555
697.7527346150224  632
697.7604909578881  543
697.768247300754  573
697.7760036436197  564
697.7837599864854  511
697.7915163293511  578
697.7992726722168  568
697.8070290150825  545
697.8147853579483  561
697.822541700814  507
697.8302980436797  552
697.8380543865454  636
697.8458107294111  549
697.8535670722769  541
697.8613234151426  633
697.8690797580083  535
697.876836100874  503
697.8845924437397  595
697.8923487866055  554
697.9001051294712  535
697.9078614723369  617
697.9156178152026  591
697.9233741580683  545
697.931130500934  626
697.9388868437998  561
697.9466431866656  508
697.9543995295313  494
697.962155872397  587
697.9699122152628  539
697.9776685581285  533
697.9854249009942  620
697.9931812438599  535
698.0009375867256  628
698.0086939295913  600
698.0164502724571  557
698.0242066153228  541
698.0319629581885  650
698.0397193010542  645
698.0474756439199  526
698.0552319867857  594
698.0629883296514  584
698.0707446725171  565
698.0785010153828  527
698.0862573582485  591
698.0940137011142  608
698.10177004398  634
698.1095263868457  573
698.1172827297114  563
698.1250390725772  525
698.132795415443  557
698.1405517583087  543
698.1483081011744  586
698.1560644440401  589
698.1638207869058  608
698.1715771297715  584
698.1793334726373  655
698.187089815503  607
698.1948461583687  617
698.2026025012344  557
698.2103588441001  585
698.2181151869659  632
698.2258715298316  499
698.2336278726973  475
698.241384215563  478
698.2491405584287  607
698.2568969012945  541
698.2646532441602  552
698.2724095870259  596
698.2801659298916  649
698.2879222727573  667
698.2956786156232  620
698.3034349584889  603
698.3111913013546  549
698.3189476442203  572
698.326703987086  607
698.3344603299518  600
698.3422166728175  563
698.3499730156832  544
698.3577293585489  509
698.3654857014146  509
698.3732420442803  560
698.3809983871461  592
698.3887547300118  573
698.3965110728775  623
698.4042674157432  673
698.4120237586089  498
698.4197801014747  618
698.4275364443404  595
698.4352927872061  480
698.4430491300718  525
698.4508054729375  567
698.4585618158033  604
698.466318158669  626
698.4740745015348  656
698.4818308444005  591
698.4895871872662  588
698.497343530132  601
698.5050998729977  575
698.5128562158634  695
698.5206125587291  612
698.5283689015948  608
698.5361252444605  653
698.5438815873263  557
698.551637930192  608
698.5593942730577  512
698.5671506159234  637
698.5749069587891  530
698.5826633016549  659
698.5904196445206  671
698.5981759873863  655
698.605932330252  621
698.6136886731177  575
698.6214450159835  520
698.6292013588492  682
698.6369577017149  546
698.6447140445807  637
698.6524703874464  507
698.6602267303122  653
698.6679830731779  556
698.6757394160436  570
698.6834957589093  632
698.691252101775  523
698.6990084446408  479
698.7067647875065  562
698.7145211303722  584
698.7222774732379  648
698.7300338161036  607
698.7377901589693  572
698.7455465018351  599
698.7533028447008  677
698.7610591875665  594
698.7688155304322  594
698.7765718732979  606
698.7843282161637  590
698.7920845590294  667
698.7998409018951  547
698.8075972447608  545
698.8153535876265  592
698.8231099304924  644
698.8308662733581  610
698.8386226162238  562
698.8463789590895  546
698.8541353019552  526
698.861891644821  624
698.8696479876867  636
698.8774043305524  558
698.8851606734181  654
698.8929170162838  633
698.9006733591496  601
698.9084297020153  587
698.916186044881  601
698.9239423877467  601
698.9316987306124  544
698.9394550734781  615
698.9472114163439  596
698.9549677592096  620
698.9627241020753  693
698.970480444941  668
698.9782367878067  701
698.9859931306725  686
698.9937494735382  633
699.001505816404  603
699.0092621592697  663
699.0170185021354  587
699.0247748450012  601
699.0325311878669  563
699.0402875307326  605
699.0480438735983  617
699.055800216464  565
699.0635565593298  654
699.0713129021955  781
699.0790692450612  609
699.0868255879269  677
699.0945819307926  641
699.1023382736583  667
699.1100946165241  570
699.1178509593898  535
699.1256073022555  569
699.1333636451212  624
699.1411199879869  618
699.1488763308527  608
699.1566326737184  562
699.1643890165841  569
699.1721453594498  642
699.1799017023156  639
699.1876580451814  639
699.1954143880471  590
699.2031707309128  645
699.2109270737785  649
699.2186834166442  635
699.22643975951  604
699.2341961023757  689
699.2419524452414  581
699.2497087881071  580
699.2574651309728  584
699.2652214738386  760
699.2729778167043  643
699.28073415957  653
699.2884905024357  685
699.2962468453014  638
699.3040031881671  601
699.3117595310329  647
699.3195158738986  626
699.3272722167643  671
699.33502855963  631
699.3427849024957  639
699.3505412453615  590
699.3582975882273  597
699.366053931093  602
699.3738102739587  695
699.3815666168244  571
699.3893229596902  616
699.3970793025559  644
699.4048356454216  690
699.4125919882873  571
699.420348331153  629
699.4281046740188  642
699.4358610168845  615
699.4436173597502  663
699.4513737026159  659
699.4591300454816  579
699.4668863883473  575
699.4746427312131  625
699.4823990740788  735
699.4901554169445  606
699.4979117598102  522
699.5056681026759  644
699.5134244455417  637
699.5211807884074  607
699.5289371312732  698
699.5366934741389  574
699.5444498170046  647
699.5522061598704  625
699.5599625027361  568
699.5677188456018  558
699.5754751884675  569
699.5832315313332  595
699.590987874199  642
699.5987442170647  608
699.6065005599304  573
699.6142569027961  676
699.6220132456618  555
699.6297695885276  690
699.6375259313933  721
699.645282274259  730
699.6530386171247  613
699.6607949599904  721
699.6685513028561  609
699.6763076457219  714
699.6840639885876  693
699.6918203314533  671
699.699576674319  704
699.7073330171849  569
699.7150893600506  656
699.7228457029163  689
699.730602045782  613
699.7383583886477  671
699.7461147315134  634
699.7538710743792  537
699.7616274172449  505
699.7693837601106  607
699.7771401029763  674
699.784896445842  615
699.7926527887078  620
699.8004091315735  645
699.8081654744392  615
699.8159218173049  681
699.8236781601706  651
699.8314345030363  645
699.8391908459021  677
699.8469471887678  653
699.8547035316335  657
699.8624598744992  654
699.8702162173649  647
699.8779725602308  706
699.8857289030965  768
699.8934852459622  712
699.9012415888279  587
699.9089979316936  602
699.9167542745594  685
699.9245106174251  645
699.9322669602908  641
699.9400233031565  625
699.9477796460222  739
699.955535988888  616
699.9632923317537  651
699.9710486746194  670
699.9788050174851  703
699.9865613603508  674
699.9943177032166  670
700.0020740460823  701
700.009830388948  620
700.0175867318137  656
700.0253430746794  640
700.0330994175451  608
700.0408557604109  674
700.0486121032766  695
700.0563684461424  699
700.0641247890081  604
700.0718811318739  661
700.0796374747396  618
700.0873938176053  647
700.095150160471  619
700.1029065033367  684
700.1106628462024  680
700.1184191890682  603
700.1261755319339  720
700.1339318747996  587
700.1416882176653  659
700.149444560531  604
700.1572009033968  700
700.1649572462625  629
700.1727135891282  633
700.1804699319939  675
700.1882262748596  827
700.1959826177253  640
700.2037389605911  657
700.2114953034568  708
700.2192516463225  676
700.2270079891882  625
700.234764332054  652
700.2425206749198  616
700.2502770177855  760
700.2580333606512  707
700.2657897035169  679
700.2735460463826  634
700.2813023892484  727
700.2890587321141  786
700.2968150749798  637
700.3045714178455  664
700.3123277607112  679
700.320084103577  701
700.3278404464427  584
700.3355967893084  740
700.3433531321741  654
700.3511094750398  645
700.3588658179056  609
700.3666221607713  705
700.374378503637  650
700.3821348465027  652
700.3898911893684  659
700.3976475322341  634
700.4054038750999  708
700.4131602179657  719
700.4209165608314  668
700.4286729036971  672
700.4364292465629  766
700.4441855894286  634
700.4519419322943  696
700.45969827516  658
700.4674546180257  659
700.4752109608914  759
700.4829673037572  691
700.4907236466229  704
700.4984799894886  652
700.5062363323543  722
700.51399267522  612
700.5217490180858  738
700.5295053609515  636
700.5372617038172  634
700.5450180466829  752
700.5527743895486  636
700.5605307324143  618
700.5682870752801  698
700.5760434181458  644
700.5837997610116  704
700.5915561038773  638
700.599312446743  683
700.6070687896088  656
700.6148251324745  651
700.6225814753402  793
700.6303378182059  751
700.6380941610716  652
700.6458505039374  675
700.6536068468031  714
700.6613631896688  583
700.6691195325345  599
700.6768758754002  714
700.684632218266  691
700.6923885611317  769
700.7001449039974  670
700.7079012468631  750
700.7156575897288  762
700.7234139325946  711
700.7311702754603  685
700.738926618326  743
700.7466829611917  666
700.7544393040574  682
700.7621956469233  696
700.769951989789  631
700.7777083326547  733
700.7854646755204  692
700.7932210183861  684
700.8009773612519  681
700.8087337041176  682
700.8164900469833  750
700.824246389849  737
700.8320027327147  716
700.8397590755804  704
700.8475154184462  659
700.8552717613119  686
700.8630281041776  655
700.8707844470433  591
700.878540789909  701
700.8862971327748  704
700.8940534756405  770
700.9018098185062  701
700.9095661613719  639
700.9173225042376  693
700.9250788471034  693
700.9328351899692  744
700.9405915328349  828
700.9483478757006  815
700.9561042185663  698
700.963860561432  789
700.9716169042978  659
700.9793732471635  704
700.9871295900292  702
700.9948859328949  718
701.0026422757606  761
701.0103986186264  815
701.0181549614921  755
701.0259113043578  789
701.0336676472235  673
701.0414239900892  706
701.049180332955  627
701.0569366758207  703
701.0646930186864  736
701.0724493615521  744
701.0802057044178  724
701.0879620472836  789
701.0957183901493  786
701.103474733015  687
701.1112310758808  734
701.1189874187465  801
701.1267437616123  751
701.134500104478  813
701.1422564473437  702
701.1500127902094  737
701.1577691330751  824
701.1655254759409  706
701.1732818188066  679
701.1810381616723  735
701.188794504538  748
701.1965508474037  755
701.2043071902694  683
701.2120635331352  874
701.2198198760009  709
701.2275762188666  627
701.2353325617323  729
701.243088904598  727
701.2508452474638  772
701.2586015903295  686
701.2663579331952  723
701.2741142760609  786
701.2818706189266  792
701.2896269617925  709
701.2973833046582  831
701.3051396475239  633
701.3128959903896  692
701.3206523332553  786
701.3284086761211  679
701.3361650189868  749
701.3439213618525  725
701.3516777047182  811
701.3594340475839  682
701.3671903904497  749
701.3749467333154  686
701.3827030761811  718
701.3904594190468  807
701.3982157619125  717
701.4059721047782  797
701.413728447644  693
701.4214847905097  677
701.4292411333754  734
701.4369974762411  771
701.4447538191068  739
701.4525101619726  798
701.4602665048383  658
701.4680228477041  607
701.4757791905698  808
701.4835355334355  682
701.4912918763013  633
701.499048219167  720
701.5068045620327  762
701.5145609048984  707
701.5223172477641  762
701.5300735906299  696
701.5378299334956  697
701.5455862763613  723
701.553342619227  755
701.5610989620927  654
701.5688553049584  745
701.5766116478242  643
701.5843679906899  791
701.5921243335556  827
701.5998806764213  749
701.607637019287  723
701.6153933621528  731
701.6231497050185  783
701.6309060478842  697
701.6386623907499  738
701.6464187336157  767
701.6541750764815  784
701.6619314193472  815
701.6696877622129  763
701.6774441050786  680
701.6852004479443  737
701.6929567908101  851
701.7007131336758  713
701.7084694765415  594
701.7162258194072  765
701.7239821622729  719
701.7317385051387  684
701.7394948480044  729
701.7472511908701  793
701.7550075337358  737
701.7627638766015  809
701.7705202194672  756
701.778276562333  688
701.7860329051987  683
701.7937892480644  828
701.8015455909301  794
701.8093019337958  791
701.8170582766617  757
701.8248146195274  782
701.8325709623931  807
701.8403273052588  740
701.8480836481245  709
701.8558399909903  756
701.863596333856  760
701.8713526767217  720
701.8791090195874  638
701.8868653624531  670
701.8946217053189  738
701.9023780481846  782
701.9101343910503  759
701.917890733916  829
701.9256470767817  743
701.9334034196474  788
701.9411597625132  663
701.9489161053789  689
701.9566724482446  840
701.9644287911103  802
701.972185133976  713
701.9799414768418  793
701.9876978197075  739
701.9954541625733  782
702.003210505439  783
702.0109668483047  696
702.0187231911705  783
702.0264795340362  744
702.0342358769019  829
702.0419922197676  795
702.0497485626333  825
702.0575049054991  860
702.0652612483648  708
702.0730175912305  736
702.0807739340962  831
702.0885302769619  856
702.0962866198277  808
702.1040429626934  857
702.1117993055591  859
702.1195556484248  643
702.1273119912905  713
702.1350683341562  744
702.142824677022  735
702.1505810198877  904
702.1583373627534  819
702.1660937056192  729
702.173850048485  675
702.1816063913507  754
702.1893627342164  729
702.1971190770821  677
702.2048754199478  719
702.2126317628135  716
702.2203881056793  734
702.228144448545  739
702.2359007914107  739
702.2436571342764  667
702.2514134771421  672
702.2591698200079  717
702.2669261628736  725
702.2746825057393  737
702.282438848605  667
702.2901951914707  654
702.2979515343364  740
702.3057078772022  745
702.3134642200679  719
702.3212205629336  684
702.3289769057993  799
702.336733248665  720
702.3444895915309  778
702.3522459343966  701
702.3600022772623  622
702.367758620128  798
702.3755149629937  681
702.3832713058595  750
702.3910276487252  689
702.3987839915909  675
702.4065403344566  787
702.4142966773223  616
702.4220530201881  705
702.4298093630538  689
702.4375657059195  836
702.4453220487852  673
702.4530783916509  642
702.4608347345167  681
702.4685910773824  696
702.4763474202481  670
702.4841037631138  709
702.4918601059795  709
702.4996164488452  789
702.507372791711  767
702.5151291345767  703
702.5228854774425  898
702.5306418203082  769
702.538398163174  843
702.5461545060397  751
702.5539108489054  719
702.5616671917711  760
702.5694235346368  759
702.5771798775025  764
702.5849362203683  814
702.592692563234  770
702.6004489060997  755
702.6082052489654  689
702.6159615918311  757
702.6237179346969  808
702.6314742775626  858
702.6392306204283  841
702.646986963294  783
702.6547433061597  852
702.6624996490254  771
702.6702559918912  883
702.6780123347569  869
702.6857686776226  794
702.6935250204883  827
702.7012813633542  846
702.7090377062199  792
702.7167940490856  761
702.7245503919513  786
702.732306734817  769
702.7400630776827  835
702.7478194205485  753
702.7555757634142  773
702.7633321062799  821
702.7710884491456  862
702.7788447920113  880
702.7866011348771  736
702.7943574777428  736
702.8021138206085  816
702.8098701634742  818
702.8176265063399  794
702.8253828492057  825
702.8331391920714  773
702.8408955349371  781
702.8486518778028  839
702.8564082206685  813
702.8641645635342  725
702.8719209064001  849
702.8796772492658  868
702.8874335921315  813
702.8951899349972  809
702.902946277863  785
702.9107026207287  818
702.9184589635944  754
702.9262153064601  798
702.9339716493258  791
702.9417279921915  755
702.9494843350573  804
702.957240677923  836
702.9649970207887  789
702.9727533636544  881
702.9805097065201  794
702.9882660493859  800
702.9960223922516  829
703.0037787351173  954
703.011535077983  805
703.0192914208487  789
703.0270477637144  798
703.0348041065802  782
703.0425604494459  878
703.0503167923117  825
703.0580731351774  827
703.0658294780432  857
703.0735858209089  786
703.0813421637746  844
703.0890985066403  849
703.096854849506  850
703.1046111923717  825
703.1123675352375  848
703.1201238781032  904
703.1278802209689  764
703.1356365638346  825
703.1433929067003  741
703.1511492495661  768
703.1589055924318  856
703.1666619352975  939
703.1744182781632  752
703.1821746210289  873
703.1899309638947  734
703.1976873067604  811
703.2054436496261  842
703.2131999924918  884
703.2209563353575  805
703.2287126782234  846
703.2364690210891  802
703.2442253639548  855
703.2519817068205  765
703.2597380496862  782
703.267494392552  809
703.2752507354177  771
703.2830070782834  892
703.2907634211491  889
703.2985197640148  927
703.3062761068805  832
703.3140324497463  744
703.321788792612  805
703.3295451354777  797
703.3373014783434  919
703.3450578212091  813
703.3528141640749  873
703.3605705069406  809
703.3683268498063  755
703.376083192672  865
703.3838395355377  888
703.3915958784035  752
703.3993522212693  827
703.407108564135  786
703.4148649070007  939
703.4226212498664  752
703.4303775927322  856
703.4381339355979  871
703.4458902784636  814
703.4536466213293  868
703.461402964195  709
703.4691593070607  859
703.4769156499265  853
703.4846719927922  824
703.4924283356579  789
703.5001846785236  828
703.5079410213893  847
703.5156973642551  855
703.5234537071208  797
703.5312100499865  807
703.5389663928522  725
703.5467227357179  887
703.5544790785837  786
703.5622354214494  809
703.5699917643151  859
703.5777481071809  931
703.5855044500466  761
703.5932607929124  766
703.6010171357781  860
703.6087734786438  837
703.6165298215095  884
703.6242861643752  852
703.632042507241  889
703.6397988501067  784
703.6475551929724  777
703.6553115358381  855
703.6630678787038  809
703.6708242215695  873
703.6785805644353  755
703.686336907301  841
703.6940932501667  821
703.7018495930324  805
703.7096059358981  936
703.7173622787639  894
703.7251186216296  876
703.7328749644953  809
703.740631307361  795
703.7483876502267  769
703.7561439930926  820
703.7639003359583  835
703.771656678824  862
703.7794130216897  744
703.7871693645554  814
703.7949257074212  961
703.8026820502869  830
703.8104383931526  764
703.8181947360183  890
703.825951078884  810
703.8337074217498  835
703.8414637646155  890
703.8492201074812  859
703.8569764503469  893
703.8647327932126  970
703.8724891360783  947
703.8802454789441  826
703.8880018218098  827
703.8957581646755  971
703.9035145075412  831
703.9112708504069  893
703.9190271932727  789
703.9267835361384  786
703.9345398790042  862
703.9422962218699  883
703.9500525647356  816
703.9578089076014  883
703.9655652504671  979
703.9733215933328  819
703.9810779361985  859
703.9888342790642  830
703.99659062193  903
704.0043469647957  965
704.0121033076614  873
704.0198596505271  836
704.0276159933928  782
704.0353723362585  897
704.0431286791243  933
704.05088502199  837
704.0586413648557  820
704.0663977077214  833
704.0741540505871  866
704.0819103934529  882
704.0896667363186  765
704.0974230791843  895
704.1051794220501  863
704.1129357649158  853
704.1206921077816  844
704.1284484506473  859
704.136204793513  804
704.1439611363787  869
704.1517174792444  809
704.1594738221102  906
704.1672301649759  915
704.1749865078416  872
704.1827428507073  843
704.190499193573  819
704.1982555364388  887
704.2060118793045  905
704.2137682221702  815
704.2215245650359  933
704.2292809079016  804
704.2370372507673  882
704.2447935936331  879
704.2525499364988  878
704.2603062793645  884
704.2680626222302  905
704.2758189650959  888
704.2835753079618  1022
704.2913316508275  876
704.2990879936932  862
704.3068443365589  775
704.3146006794246  866
704.3223570222904  903
704.3301133651561  841
704.3378697080218  841
704.3456260508875  875
704.3533823937532  801
704.361138736619  956
704.3688950794847  986
704.3766514223504  914
704.3844077652161  986
704.3921641080818  969
704.3999204509475  926
704.4076767938133  869
704.415433136679  861
704.4231894795447  942
704.4309458224104  941
704.4387021652761  916
704.4464585081419  814
704.4542148510077  931
704.4619711938734  877
704.4697275367391  786
704.4774838796048  841
704.4852402224706  885
704.4929965653363  914
704.500752908202  940
704.5085092510677  771
704.5162655939334  799
704.5240219367992  954
704.5317782796649  938
704.5395346225306  856
704.5472909653963  762
704.555047308262  907
704.5628036511278  915
704.5705599939935  829
704.5783163368592  861
704.5860726797249  815
704.5938290225906  877
704.6015853654563  883
704.6093417083221  989
704.6170980511878  871
704.6248543940535  912
704.6326107369193  972
704.640367079785  812
704.6481234226508  972
704.6558797655165  783
704.6636361083822  947
704.6713924512479  901
704.6791487941136  960
704.6869051369794  861
704.6946614798451  893
704.7024178227108  861
704.7101741655765  1013
704.7179305084422  835
704.725686851308  842
704.7334431941737  938
704.7411995370394  832
704.7489558799051  839
704.7567122227708  1006
704.7644685656365  879
704.7722249085023  837
704.779981251368  834
704.7877375942337  905
704.7954939370994  889
704.8032502799651  941
704.811006622831  836
704.8187629656967  974
704.8265193085624  941
704.8342756514281  986
704.8420319942938  985
704.8497883371596  1071
704.8575446800253  943
704.865301022891  890
704.8730573657567  933
704.8808137086224  955
704.8885700514882  945
704.8963263943539  943
704.9040827372196  844
704.9118390800853  890
704.919595422951  874
704.9273517658168  878
704.9351081086825  941
704.9428644515482  880
704.9506207944139  903
704.9583771372796  879
704.9661334801453  944
704.9738898230111  926
704.9816461658768  1007
704.9894025087426  877
704.9971588516083  815
705.004915194474  908
705.0126715373398  904
705.0204278802055  963
705.0281842230712  926
705.0359405659369  935
705.0436969088026  843
705.0514532516684  927
705.0592095945341  884
705.0669659373998  882
705.0747222802655  947
705.0824786231312  867
705.090234965997  941
705.0979913088627  930
705.1057476517284  802
705.1135039945941  858
705.1212603374598  979
705.1290166803255  905
705.1367730231913  756
705.144529366057  910
705.1522857089227  890
705.1600420517885  901
705.1677983946543  1004
705.17555473752  837
705.1833110803857  920
705.1910674232514  999
705.1988237661171  1015
705.2065801089828  1005
705.2143364518486  953
705.2220927947143  1028
705.22984913758  877
705.2376054804457  993
705.2453618233114  964
705.2531181661772  958
705.2608745090429  872
705.2686308519086  987
705.2763871947743  845
705.28414353764  976
705.2918998805058  1018
705.2996562233715  983
705.3074125662372  947
705.3151689091029  863
705.3229252519686  842
705.3306815948343  863
705.3384379377002  1033
705.3461942805659  931
705.3539506234316  952
705.3617069662973  928
705.369463309163  1035
705.3772196520288  996
705.3849759948945  876
705.3927323377602  876
705.4004886806259  947
705.4082450234916  937
705.4160013663574  772
705.4237577092231  936
705.4315140520888  987
705.4392703949545  901
705.4470267378202  933
705.454783080686  930
705.4625394235517  848
705.4702957664174  965
705.4780521092831  973
705.4858084521488  922
705.4935647950145  833
705.5013211378803  879
705.509077480746  1091
705.5168338236118  905
705.5245901664775  962
705.5323465093433  1067
705.540102852209  926
705.5478591950747  920
705.5556155379404  958
705.5633718808061  919
705.5711282236718  933
705.5788845665376  1015
705.5866409094033  946
705.594397252269  983
705.6021535951347  942
705.6099099380004  979
705.6176662808662  1013
705.6254226237319  953
705.6331789665976  965
705.6409353094633  971
705.648691652329  894
705.6564479951948  874
705.6642043380605  935
705.6719606809262  1024
705.6797170237919  1080
705.6874733666577  903
705.6952297095235  896
705.7029860523892  919
705.7107423952549  1022
705.7184987381206  907
705.7262550809863  912
705.734011423852  967
705.7417677667178  865
705.7495241095835  931
705.7572804524492  927
705.7650367953149  943
705.7727931381806  984
705.7805494810464  912
705.7883058239121  924
705.7960621667778  930
705.8038185096435  1028
705.8115748525092  994
705.819331195375  1026
705.8270875382407  1023
705.8348438811064  936
705.8426002239721  955
705.8503565668378  910
705.8581129097036  941
705.8658692525694  968
705.8736255954351  923
705.8813819383008  927
705.8891382811665  894
705.8968946240323  910
705.904650966898  906
705.9124073097637  1002
705.9201636526294  920
705.9279199954951  877
705.9356763383608  791
705.9434326812266  936
705.9511890240923  954
705.958945366958  951
705.9667017098237  942
705.9744580526894  925
705.9822143955552  850
705.9899707384209  948
705.9977270812866  954
706.0054834241523  989
706.013239767018  1018
706.0209961098838  1027
706.0287524527495  942
706.0365087956152  920
706.044265138481  892
706.0520214813467  942
706.0597778242125  926
706.0675341670782  1012
706.0752905099439  879
706.0830468528096  964
706.0908031956753  891
706.098559538541  956
706.1063158814068  893
706.1140722242725  1017
706.1218285671382  937
706.1295849100039  1032
706.1373412528696  922
706.1450975957354  916
706.1528539386011  1005
706.1606102814668  1017
706.1683666243325  944
706.1761229671982  884
706.183879310064  987
706.1916356529297  1039
706.1993919957954  944
706.2071483386611  887
706.2149046815268  1016
706.2226610243927  905
706.2304173672584  943
706.2381737101241  1039
706.2459300529898  955
706.2536863958555  958
706.2614427387213  888
706.269199081587  1040
706.2769554244527  977
706.2847117673184  1019
706.2924681101841  949
706.3002244530499  1035
706.3079807959156  1039
706.3157371387813  993
706.323493481647  945
706.3312498245127  1034
706.3390061673784  976
706.3467625102442  990
706.3545188531099  881
706.3622751959756  1038
706.3700315388413  977
706.377787881707  1050
706.3855442245728  1045
706.3933005674386  917
706.4010569103043  1052
706.40881325317  937
706.4165695960357  1115
706.4243259389015  1077
706.4320822817672  968
706.4398386246329  958
706.4475949674986  915
706.4553513103643  979
706.46310765323  891
706.4708639960958  977
706.4786203389615  1023
706.4863766818272  964
706.4941330246929  977
706.5018893675586  959
706.5096457104244  974
706.5174020532901  961
706.5251583961558  912
706.5329147390215  945
706.5406710818872  980
706.548427424753  898
706.5561837676187  862
706.5639401104844  984
706.5716964533502  1015
706.579452796216  1039
706.5872091390817  1060
706.5949654819474  939
706.6027218248131  935
706.6104781676788  1024
706.6182345105445  1154
706.6259908534103  991
706.633747196276  943
706.6415035391417  909
706.6492598820074  914
706.6570162248731  981
706.6647725677389  920
706.6725289106046  989
706.6802852534703  926
706.688041596336  987
706.6957979392017  1039
706.7035542820674  977
706.7113106249332  983
706.7190669677989  951
706.7268233106646  1033
706.7345796535303  954
706.742335996396  995
706.7500923392619  906
706.7578486821276  949
706.7656050249933  964
706.773361367859  973
706.7811177107247  1150
706.7888740535905  880
706.7966303964562  846
706.8043867393219  928
706.8121430821876  960
706.8198994250533  947
706.827655767919  921
706.8354121107848  1001
706.8431684536505  1016
706.8509247965162  925
706.8586811393819  931
706.8664374822476  921
706.8741938251134  954
706.8819501679791  944
706.8897065108448  1006
706.8974628537105  1032
706.9052191965762  852
706.912975539442  949
706.9207318823078  954
706.9284882251735  937
706.9362445680392  1039
706.944000910905  1007
706.9517572537707  1008
706.9595135966364  933
706.9672699395021  947
706.9750262823678  989
706.9827826252335  1098
706.9905389680993  1008
706.998295310965  866
707.0060516538307  980
707.0138079966964  904
707.0215643395621  919
707.0293206824279  1099
707.0370770252936  973
707.0448333681593  983
707.052589711025  1004
707.0603460538907  947
707.0681023967564  1035
707.0758587396222  994
707.0836150824879  999
707.0913714253536  851
707.0991277682194  971
707.1068841110852  922
707.1146404539509  926
707.1223967968166  1056
707.1301531396823  1050
707.137909482548  889
707.1456658254137  859
707.1534221682795  955
707.1611785111452  975
707.1689348540109  989
707.1766911968766  1045
707.1844475397423  989
707.192203882608  984
707.1999602254738  957
707.2077165683395  954
707.2154729112052  1005
707.2232292540709  967
707.2309855969366  931
707.2387419398024  1050
707.2464982826681  1034
707.2542546255338  879
707.2620109683995  1015
707.2697673112652  954
707.2775236541311  896
707.2852799969968  897
707.2930363398625  868
707.3007926827282  1063
707.308549025594  878
707.3163053684597  980
707.3240617113254  932
707.3318180541911  892
707.3395743970568  936
707.3473307399225  969
707.3550870827883  1059
707.362843425654  948
707.3705997685197  908
707.3783561113854  912
707.3861124542511  939
707.3938687971169  895
707.4016251399826  919
707.4093814828483  936
707.417137825714  987
707.4248941685797  963
707.4326505114454  1020
707.4404068543112  1024
707.448163197177  983
707.4559195400427  868
707.4636758829084  948
707.4714322257742  877
707.4791885686399  884
707.4869449115056  963
707.4947012543713  1122
707.502457597237  994
707.5102139401027  955
707.5179702829685  1006
707.5257266258342  1047
707.5334829686999  978
707.5412393115656  899
707.5489956544313  929
707.556751997297  963
707.5645083401628  884
707.5722646830285  1013
707.5800210258942  945
707.5877773687599  911
707.5955337116256  840
707.6032900544914  973
707.6110463973571  995
707.6188027402228  970
707.6265590830886  1027
707.6343154259544  951
707.6420717688201  1002
707.6498281116858  872
707.6575844545515  900
707.6653407974172  888
707.673097140283  843
707.6808534831487  1003
707.6886098260144  860
707.6963661688801  910
707.7041225117458  970
707.7118788546115  973
707.7196351974773  972
707.727391540343  912
707.7351478832087  999
707.7429042260744  919
707.7506605689401  933
707.7584169118059  984
707.7661732546716  910
707.7739295975373  951
707.781685940403  935
707.7894422832687  968
707.7971986261344  919
707.8049549690003  989
707.812711311866  876
707.8204676547317  970
707.8282239975974  974
707.8359803404632  937
707.8437366833289  971
707.8514930261946  971
707.8592493690603  1008
707.867005711926  951
707.8747620547917  933
707.8825183976575  887
707.8902747405232  881
707.8980310833889  969
707.9057874262546  984
707.9135437691203  848
707.921300111986  869
707.9290564548518  929
707.9368127977175  862
707.9445691405832  931
707.9523254834489  863
707.9600818263146  900
707.9678381691804  859
707.9755945120462  928
707.9833508549119  999
707.9911071977776  913
707.9988635406434  901
708.0066198835091  973
708.0143762263748  912
708.0221325692405  930
708.0298889121062  869
708.037645254972  830
708.0454015978377  937
708.0531579407034  903
708.0609142835691  831
708.0686706264348  879
708.0764269693005  919
708.0841833121663  936
708.091939655032  932
708.0996959978977  924
708.1074523407634  978
708.1152086836291  819
708.1229650264949  1056
708.1307213693606  991
708.1384777122263  907
708.146234055092  1004
708.1539903979578  768
708.1617467408236  880
708.1695030836893  897
708.177259426555  867
708.1850157694207  953
708.1927721122864  883
708.2005284551522  959
708.2082847980179  842
708.2160411408836  792
708.2237974837493  820
708.231553826615  891
708.2393101694807  926
708.2470665123465  882
708.2548228552122  839
708.2625791980779  825
708.2703355409436  1003
708.2780918838093  860
708.2858482266751  903
708.2936045695408  947
708.3013609124065  871
708.3091172552722  962
708.3168735981379  917
708.3246299410036  903
708.3323862838695  959
708.3401426267352  869
708.3478989696009  865
708.3556553124666  807
708.3634116553324  912
708.3711679981981  938
708.3789243410638  855
708.3866806839295  941
708.3944370267952  943
708.402193369661  898
708.4099497125267  926
708.4177060553924  930
708.4254623982581  896
708.4332187411238  808
708.4409750839895  898
708.4487314268553  971
708.456487769721  841
708.4642441125867  859
708.4720004554524  922
708.4797567983181  876
708.4875131411839  863
708.4952694840496  860
708.5030258269153  965
708.5107821697811  925
708.5185385126468  991
708.5262948555126  868
708.5340511983783  868
708.541807541244  897
708.5495638841097  814
708.5573202269754  891
708.5650765698412  908
708.5728329127069  865
708.5805892555726  844
708.5883455984383  904
708.596101941304  875
708.6038582841697  871
708.6116146270355  844
708.6193709699012  841
708.6271273127669  892
708.6348836556326  893
708.6426399984983  801
708.6503963413641  778
708.6581526842298  866
708.6659090270955  849
708.6736653699612  866
708.681421712827  863
708.6891780556928  847
708.6969343985585  907
708.7046907414242  789
708.7124470842899  818
708.7202034271556  868
708.7279597700214  786
708.7357161128871  833
708.7434724557528  763
708.7512287986185  899
708.7589851414842  893
708.76674148435  852
708.7744978272157  792
708.7822541700814  787
708.7900105129471  824
708.7977668558128  867
708.8055231986785  813
708.8132795415443  856
708.82103588441  851
708.8287922272757  896
708.8365485701414  691
708.8443049130071  823
708.8520612558729  783
708.8598175987387  844
708.8675739416044  787
708.8753302844701  812
708.8830866273358  780
708.8908429702016  875
708.8985993130673  896
708.906355655933  834
708.9141119987987  781
708.9218683416644  771
708.9296246845302  826
708.9373810273959  825
708.9451373702616  764
708.9528937131273  901
708.960650055993  818
708.9684063988587  795
708.9761627417245  739
708.9839190845902  859
708.9916754274559  752
708.9994317703216  825
709.0071881131873  815
709.0149444560531  882
709.0227007989188  692
709.0304571417845  846
709.0382134846503  768
709.045969827516  697
709.0537261703818  728
709.0614825132475  897
709.0692388561132  787
709.0769951989789  768
709.0847515418446  707
709.0925078847104  814
709.1002642275761  803
709.1080205704418  835
709.1157769133075  756
709.1235332561732  677
709.131289599039  745
709.1390459419047  776
709.1468022847704  798
709.1545586276361  787
709.1623149705018  770
709.1700713133675  747
709.1778276562333  783
709.185583999099  820
709.1933403419647  752
709.2010966848304  783
709.2088530276963  736
709.216609370562  842
709.2243657134277  801
709.2321220562934  807
709.2398783991591  803
709.2476347420248  749
709.2553910848906  834
709.2631474277563  810
709.270903770622  660
709.2786601134877  823
709.2864164563534  817
709.2941727992192  768
709.3019291420849  759
709.3096854849506  750
709.3174418278163  781
709.325198170682  692
709.3329545135477  676
709.3407108564135  677
709.3484671992792  714
709.3562235421449  749
709.3639798850106  747
709.3717362278763  881
709.3794925707421  813
709.3872489136079  836
709.3950052564736  817
709.4027615993393  766
709.410517942205  727
709.4182742850708  649
709.4260306279365  701
709.4337869708022  762
709.4415433136679  728
709.4492996565336  772
709.4570559993994  797
709.4648123422651  719
709.4725686851308  759
709.4803250279965  736
709.4880813708622  843
709.495837713728  713
709.5035940565937  722
709.5113503994594  739
709.5191067423251  794
709.5268630851908  674
709.5346194280565  801
709.5423757709223  781
709.550132113788  658
709.5578884566537  688
709.5656447995195  766
709.5734011423853  669
709.581157485251  684
709.5889138281167  704
709.5966701709824  718
709.6044265138481  629
709.6121828567138  702
709.6199391995796  689
709.6276955424453  626
709.635451885311  722
709.6432082281767  699
709.6509645710424  732
709.6587209139082  673
709.6664772567739  771
709.6742335996396  764
709.6819899425053  745
709.689746285371  675
709.6975026282367  666
709.7052589711025  703
709.7130153139682  723
709.7207716568339  681
709.7285279996996  653
709.7362843425655  713
709.7440406854312  627
709.7517970282969  703
709.7595533711626  640
709.7673097140283  681
709.775066056894  725
709.7828223997598  631
709.7905787426255  594
709.7983350854912  670
709.8060914283569  683
709.8138477712226  667
709.8216041140884  650
709.8293604569541  697
709.8371167998198  647
709.8448731426855  635
709.8526294855512  622
709.860385828417  591
709.8681421712827  605
709.8758985141484  618
709.8836548570141  656
709.8914111998798  567
709.8991675427455  625
709.9069238856113  638
709.9146802284771  597
709.9224365713428  596
709.9301929142085  627
709.9379492570743  601
709.94570559994  625
709.9534619428057  648
709.9612182856714  583
709.9689746285371  633
709.9767309714028  608
709.9844873142686  552
709.9922436571343  562
710.0  605
710.0077563428657  627
710.0155126857314  631
710.0232690285972  606
710.0310253714629  535
710.0387817143286  612
710.0465380571943  631
710.05429440006  520
710.0620507429257  571
710.0698070857915  571
710.0775634286572  608
710.0853197715229  555
710.0930761143887  671
710.1008324572545  494
710.1085888001202  581
710.1163451429859  539
710.1241014858516  531
710.1318578287173  564
710.139614171583  585
710.1473705144488  478
710.1551268573145  641
710.1628832001802  569
710.1706395430459  606
710.1783958859116  601
710.1861522287774  604
710.1939085716431  517
710.2016649145088  588
710.2094212573745  652
710.2171776002402  602
710.224933943106  545
710.2326902859717  540
710.2404466288374  590
710.2482029717031  610
710.2559593145688  590
710.2637156574345  602
710.2714720003004  640
710.2792283431661  579
710.2869846860318  563
710.2947410288975  684
710.3024973717633  560
710.310253714629  625
710.3180100574947  651
710.3257664003604  628
710.3335227432261  641
710.3412790860918  666
710.3490354289576  564
710.3567917718233  597
710.364548114689  622
710.3723044575547  498
710.3800608004204  577
710.3878171432862  529
710.3955734861519  548
710.4033298290176  493
710.4110861718833  609
710.418842514749  568
710.4265988576147  581
710.4343552004805  647
710.4421115433463  635
710.449867886212  605
710.4576242290777  473
710.4653805719435  628
710.4731369148092  465
710.4808932576749  599
710.4886496005406  539
710.4964059434063  596
710.504162286272  458
710.5119186291378  558
710.5196749720035  489
710.5274313148692  558
710.5351876577349  533
710.5429440006006  631
710.5507003434664  533
710.5584566863321  545
710.5662130291978  522
710.5739693720635  516
710.5817257149292  564
710.589482057795  547
710.5972384006607  511
710.6049947435264  562
710.6127510863921  558
710.6205074292579  569
710.6282637721237  524
710.6360201149894  456
710.6437764578551  589
710.6515328007208  587
710.6592891435865  512
710.6670454864523  522
710.674801829318  516
710.6825581721837  537
710.6903145150494  491
710.6980708579151  450
710.7058272007808  541
710.7135835436466  449
710.7213398865123  579
710.729096229378  477
710.7368525722437  517
710.7446089151094  558
710.7523652579752  522
710.7601216008409  482
710.7678779437066  564
710.7756342865723  554
710.783390629438  414
710.7911469723037  531
710.7989033151696  451
710.8066596580353  418
710.814416000901  481
710.8221723437667  434
710.8299286866325  431
710.8376850294982  497
710.8454413723639  448
710.8531977152296  549
710.8609540580953  555
710.868710400961  466
710.8764667438268  494
710.8842230866925  453
710.8919794295582  530
710.8997357724239  521
710.9074921152896  500
710.9152484581554  538
710.9230048010211  487
710.9307611438868  578
710.9385174867525  461
710.9462738296182  365
710.954030172484  579
710.9617865153497  383
710.9695428582155  430
710.9772992010812  396
710.9850555439469  537
710.9928118868127  460
711.0005682296784  459
711.0083245725441  462
711.0160809154098  525
711.0238372582755  394
711.0315936011413  522
711.039349944007  413
711.0471062868727  444
711.0548626297384  395
711.0626189726041  449
711.0703753154698  430
711.0781316583356  508
711.0858880012013  387
711.093644344067  425
711.1014006869327  402
711.1091570297984  436
711.1169133726642  368
711.1246697155299  512
711.1324260583956  481
711.1401824012613  428
711.1479387441271  460
711.1556950869929  414
711.1634514298586  402
711.1712077727243  501
711.17896411559  469
711.1867204584557  491
711.1944768013215  405
711.2022331441872  394
711.2099894870529  446
711.2177458299186  465
711.2255021727843  398
711.23325851565  481
711.2410148585158  362
711.2487712013815  416
711.2565275442472  387
711.2642838871129  459
711.2720402299786  400
711.2797965728444  428
711.2875529157101  373
711.2953092585758  369
711.3030656014415  419
711.3108219443072  385
711.318578287173  427
711.3263346300388  429
711.3340909729045  375
711.3418473157702  413
711.3496036586359  341
711.3573600015017  350
711.3651163443674  393
711.3728726872331  447
711.3806290300988  384
711.3883853729645  496
711.3961417158303  384
711.403898058696  367
711.4116544015617  348
711.4194107444274  383
711.4271670872931  408
711.4349234301588  401
711.4426797730246  447
711.4504361158903  343
711.458192458756  351
711.4659488016217  353
711.4737051444874  377
711.4814614873532  488
711.4892178302189  416
711.4969741730847  418
711.5047305159504  343
711.5124868588161  360
711.5202432016819  398
711.5279995445476  353
711.5357558874133  349
711.543512230279  360
711.5512685731447  426
711.5590249160105  408
711.5667812588762  376
711.5745376017419  404
711.5822939446076  352
711.5900502874733  389
711.597806630339  338
711.6055629732048  394
711.6133193160705  377
711.6210756589362  304
711.6288320018019  348
711.6365883446676  380
711.6443446875334  401
711.6521010303991  388
711.6598573732648  332
711.6676137161305  289
711.6753700589964  325
711.6831264018621  380
711.6908827447278  397
711.6986390875935  365
711.7063954304592  400
711.7141517733249  302
711.7219081161907  354
711.7296644590564  320
711.7374208019221  384
711.7451771447878  285
711.7529334876535  317
711.7606898305193  364
711.768446173385  340
711.7762025162507  415
711.7839588591164  370
711.7917152019821  384
711.7994715448478  302
711.8072278877136  376
711.8149842305793  331
711.822740573445  324
711.8304969163107  331
711.8382532591764  383
711.8460096020422  303
711.853765944908  367
711.8615222877737  322
711.8692786306394  394
711.8770349735051  381
711.8847913163709  314
711.8925476592366  272
711.9003040021023  368
711.908060344968  393
711.9158166878337  321
711.9235730306995  367
711.9313293735652  322
711.9390857164309  336
711.9468420592966  291
711.9545984021623  318
711.962354745028  318
711.9701110878938  352
711.9778674307595  354
711.9856237736252  285
711.9933801164909  284
712.0011364593566  371
712.0088928022224  280
712.0166491450881  378
712.0244054879538  339
712.0321618308196  319
712.0399181736854  298
712.0476745165511  308
712.0554308594168  375
712.0631872022825  371
712.0709435451482  347
712.078699888014  295
712.0864562308797  334
712.0942125737454  332
712.1019689166111  297
712.1097252594768  315
712.1174816023425  257
712.1252379452083  305
712.132994288074  292
712.1407506309397  377
712.1485069738054  311
712.1562633166711  244
712.1640196595368  287
712.1717760024026  348
712.1795323452683  319
712.187288688134  316
712.1950450309997  295
712.2028013738656  271
712.2105577167313  299
712.218314059597  306
712.2260704024627  304
712.2338267453284  240
712.2415830881941  317
712.2493394310599  257
712.2570957739256  264
712.2648521167913  263
712.272608459657  235
712.2803648025227  254
712.2881211453885  298
712.2958774882542  277
712.3036338311199  266
712.3113901739856  255
712.3191465168513  304
712.326902859717  309
712.3346592025828  232
712.3424155454485  291
712.3501718883142  267
712.3579282311799  316
712.3656845740456  256
712.3734409169114  241
712.3811972597772  317
712.3889536026429  255
712.3967099455086  313
712.4044662883744  277
712.4122226312401  296
712.4199789741058  346
712.4277353169715  241
712.4354916598372  275
712.443248002703  367
712.4510043455687  158
712.4587606884344  287
712.4665170313001  333
712.4742733741658  228
712.4820297170315  245
712.4897860598973  216
712.497542402763  266
712.5052987456287  282
712.5130550884944  272
712.5208114313601  259
712.5285677742258  239
712.5363241170916  280
712.5440804599573  209
712.551836802823  292
712.5595931456888  263
712.5673494885546  289
712.5751058314203  259
712.582862174286  204
712.5906185171517  303
712.5983748600174  267
712.6061312028831  281
712.6138875457489  314
712.6216438886146  319
712.6294002314803  270
712.637156574346  270
712.6449129172117  213
712.6526692600775  272
712.6604256029432  224
712.6681819458089  229
712.6759382886746  352
712.6836946315403  243
712.691450974406  300
712.6992073172718  265
712.7069636601375  275
712.7147200030032  267
712.7224763458689  227
712.7302326887348  228
712.7379890316005  248
712.7457453744662  261
712.7535017173319  243
712.7612580601976  234
712.7690144030634  248
712.7767707459291  192
712.7845270887948  245
712.7922834316605  167
712.8000397745262  220
712.807796117392  222
712.8155524602577  242
712.8233088031234  261
712.8310651459891  235
712.8388214888548  236
712.8465778317205  241
712.8543341745863  228
712.862090517452  232
712.8698468603177  256
712.8776032031834  267
712.8853595460491  194
712.8931158889148  231
712.9008722317806  234
712.9086285746464  206
712.9163849175121  234
712.9241412603778  241
712.9318976032436  189
712.9396539461093  255
712.947410288975  216
712.9551666318407  210
712.9629229747064  244
712.9706793175721  261
712.9784356604379  189
712.9861920033036  244
712.9939483461693  228
713.001704689035  208
713.0094610319007  213
713.0172173747665  128
713.0249737176322  212
713.0327300604979  208
713.0404864033636  158
713.0482427462293  234
713.055999089095  199
713.0637554319608  194
713.0715117748265  190
713.0792681176922  259
713.087024460558  215
713.0947808034238  161
713.1025371462895  191
713.1102934891552  226
713.1180498320209  221
713.1258061748866  291
713.1335625177524  231
713.1413188606181  281
713.1490752034838  206
713.1568315463495  243
713.1645878892152  183
713.172344232081  231
713.1801005749467  243
713.1878569178124  213
713.1956132606781  149
713.2033696035438  258
713.2111259464095  203
713.2188822892753  193
713.226638632141  172
713.2343949750067  218
713.2421513178724  179
713.2499076607381  206
713.257664003604  191
713.2654203464697  190
713.2731766893354  179
713.2809330322011  248
713.2886893750668  235
713.2964457179326  209
713.3042020607983  220
713.311958403664  227
713.3197147465297  227
713.3274710893954  174
713.3352274322611  244
713.3429837751269  129
713.3507401179926  119
713.3584964608583  159
713.366252803724  186
713.3740091465897  157
713.3817654894555  165
713.3895218323212  157
713.3972781751869  155
713.4050345180526  195
713.4127908609183  181
713.420547203784  163
713.4283035466498  133
713.4360598895156  157
713.4438162323813  186
713.451572575247  188
713.4593289181128  123
713.4670852609785  148
713.4748416038442  142
713.4825979467099  160
713.4903542895756  185
713.4981106324414  155
713.5058669753071  191
713.5136233181728  153
713.5213796610385  128
713.5291360039042  196
713.53689234677  213
713.5446486896357  177
713.5524050325014  174
713.5601613753671  159
713.5679177182328  167
713.5756740610985  152
713.5834304039643  222
713.59118674683  178
713.5989430896957  188
713.6066994325614  202
713.6144557754272  160
713.622212118293  164
713.6299684611587  165
713.6377248040244  197
713.6454811468901  155
713.6532374897558  119
713.6609938326216  114
713.6687501754873  215
713.676506518353  178
713.6842628612187  176
713.6920192040844  158
713.6997755469501  148
713.7075318898159  186
713.7152882326816  187
713.7230445755473  130
713.730800918413  211
713.7385572612787  162
713.7463136041445  157
713.7540699470102  234
713.7618262898759  142
713.7695826327416  209
713.7773389756073  156
713.7850953184732  146
713.7928516613389  181
713.8006080042046  123
713.8083643470703  154
713.816120689936  103
713.8238770328018  177
713.8316333756675  204
713.8393897185332  175
713.8471460613989  159
713.8549024042646  181
713.8626587471304  124
713.8704150899961  161
713.8781714328618  109
713.8859277757275  223
713.8936841185932  127
713.901440461459  181
713.9091968043247  135
713.9169531471904  128
713.9247094900561  154
713.9324658329218  110
713.9402221757875  83
713.9479785186533  132
713.955734861519  113
713.9634912043848  169
713.9712475472505  66
713.9790038901162  201
713.986760232982  142
713.9945165758477  120
714.0022729187134  100
714.0100292615791  157
714.0177856044448  132
714.0255419473106  121
714.0332982901763  123
714.041054633042  154
714.0488109759077  169
714.0565673187734  212
714.0643236616392  145
714.0720800045049  131
714.0798363473706  147
714.0875926902363  104
714.095349033102  163
714.1031053759677  128
714.1108617188335  108
714.1186180616992  145
714.1263744045649  152
714.1341307474306  183
714.1418870902964  90
714.1496434331622  119
714.1573997760279  186
714.1651561188936  163
714.1729124617593  93
714.180668804625  180
714.1884251474908  157
714.1961814903565  106
714.2039378332222  138
714.2116941760879  128
714.2194505189536  124
714.2272068618194  148
714.2349632046851  139
714.2427195475508  153
714.2504758904165  161
714.2582322332822  169
714.265988576148  168
714.2737449190137  163
714.2815012618794  99
714.2892576047451  167
714.2970139476108  157
714.3047702904765  178
714.3125266333423  133
714.3202829762081  189
714.3280393190738  95
714.3357956619395  121
714.3435520048052  168
714.351308347671  105
714.3590646905367  90
714.3668210334024  146
714.3745773762681  96
714.3823337191338  107
714.3900900619996  154
714.3978464048653  98
714.405602747731  129
714.4133590905967  91
714.4211154334624  162
714.4288717763282  153
714.4366281191939  144
714.4443844620596  124
714.4521408049253  141
714.459897147791  132
714.4676534906567  136
714.4754098335225  106
714.4831661763882  105
714.490922519254  175
714.4986788621197  98
714.5064352049855  127
714.5141915478512  137
714.5219478907169  116
714.5297042335826  96
714.5374605764483  136
714.545216919314  172
714.5529732621798  154
714.5607296050455  133
714.5684859479112  73
714.5762422907769  135
714.5839986336426  105
714.5917549765084  109
714.5995113193741  119
714.6072676622398  60
714.6150240051055  181
714.6227803479712  126
714.630536690837  165
714.6382930337027  98
714.6460493765684  101
714.6538057194341  170
714.6615620622998  47
714.6693184051657  110
714.6770747480314  146
714.6848310908971  112
714.6925874337628  152
714.7003437766285  105
714.7081001194942  152
714.71585646236  71
714.7236128052257  119
714.7313691480914  128
714.7391254909571  154
714.7468818338228  107
714.7546381766886  125
714.7623945195543  84
714.77015086242  71
714.7779072052857  101
714.7856635481514  113
714.7934198910172  95
714.8011762338829  140
714.8089325767486  114
714.8166889196143  123
714.82444526248  108
714.8322016053457  117
714.8399579482115  81
714.8477142910773  73
714.855470633943  95
714.8632269768087  116
714.8709833196745  133
714.8787396625402  91
714.8864960054059  109
714.8942523482716  125
714.9020086911373  65
714.909765034003  137
714.9175213768688  87
714.9252777197345  76
714.9330340626002  103
714.9407904054659  85
714.9485467483316  91
714.9563030911974  116
714.9640594340631  68
714.9718157769288  104
714.9795721197945  125
714.9873284626602  83
714.995084805526  88
715.0028411483917  116
715.0105974912574  120
715.0183538341232  101
715.0261101769889  37
715.0338665198547  82
715.0416228627204  120
715.0493792055861  128
715.0571355484518  137
715.0648918913175  109
715.0726482341832  61
715.080404577049  72
715.0881609199147  82
715.0959172627804  89
715.1036736056461  121
715.1114299485118  114
715.1191862913776  57
715.1269426342433  111
715.134698977109  82
715.1424553199747  87
715.1502116628404  46
715.1579680057062  153
715.1657243485719  75
715.1734806914376  82
715.1812370343033  71
715.188993377169  99
715.1967497200349  72
715.2045060629006  100
715.2122624057663  128
715.220018748632  46
715.2277750914977  113
715.2355314343635  98
715.2432877772292  95
715.2510441200949  106
715.2588004629606  74
715.2665568058263  147
715.274313148692  64
715.2820694915578  55
715.2898258344235  76
715.2975821772892  66
715.3053385201549  65
715.3130948630206  124
715.3208512058864  91
715.3286075487521  116
715.3363638916178  56
715.3441202344835  140
715.3518765773492  104
715.359632920215  93
715.3673892630807  46
715.3751456059465  92
715.3829019488122  88
715.3906582916779  71
715.3984146345437  75
715.4061709774094  101
715.4139273202751  69
715.4216836631408  109
715.4294400060065  96
715.4371963488722  149
715.444952691738  46
715.4527090346037  106
715.4604653774694  120
715.4682217203351  81
715.4759780632008  37
715.4837344060666  103
715.4914907489323  71
715.499247091798  105
715.5070034346637  108
715.5147597775294  74
715.5225161203952  48
715.5302724632609  108
715.5380288061266  90
715.5457851489923  115
715.5535414918581  43
715.5612978347239  83
715.5690541775896  85
715.5768105204553  99
715.584566863321  26
715.5923232061867  121
715.6000795490525  64
715.6078358919182  136
715.6155922347839  21
715.6233485776496  108
715.6311049205153  88
715.638861263381  89
715.6466176062468  30
715.6543739491125  35
715.6621302919782  76
715.6698866348439  56
715.6776429777096  62
715.6853993205754  47
715.6931556634411  71
715.7009120063068  68
715.7086683491725  91
715.7164246920382  74
715.7241810349041  78
715.7319373777698  108
715.7396937206355  96
715.7474500635012  87
715.7552064063669  46
715.7629627492327  97
715.7707190920984  76
715.7784754349641  51
715.7862317778298  100
715.7939881206955  65
715.8017444635612  62
715.809500806427  53
715.8172571492927  79
715.8250134921584  85
715.8327698350241  78
715.8405261778898  42
715.8482825207556  76
715.8560388636213  108
715.863795206487  98
715.8715515493527  66
715.8793078922184  78
715.8870642350842  106
715.8948205779499  21
715.9025769208157  81
715.9103332636814  105
715.9180896065471  99
715.9258459494129  53
715.9336022922786  105
715.9413586351443  55
715.94911497801  21
715.9568713208757  33
715.9646276637415  110
715.9723840066072  75
715.9801403494729  48
715.9878966923386  111
715.9956530352043  57
716.00340937807  68
716.0111657209358  71
716.0189220638015  72
716.0266784066672  88
716.0344347495329  33
716.0421910923986  58
716.0499474352644  88
716.0577037781301  45
716.0654601209958  81
716.0732164638616  116
716.0809728067273  30
716.0887291495931  63
716.0964854924588  61
716.1042418353245  28
716.1119981781902  76
716.1197545210559  87
716.1275108639217  75
716.1352672067874  49
716.1430235496531  72
716.1507798925188  49
716.1585362353845  101
716.1662925782502  48
716.174048921116  94
716.1818052639817  119
716.1895616068474  28
716.1973179497131  17
716.2050742925788  58
716.2128306354446  83
716.2205869783103  58
716.228343321176  52
716.2360996640417  49
716.2438560069074  49
716.2516123497733  74
716.259368692639  14
716.2671250355047  57
716.2748813783704  81
716.2826377212361  47
716.2903940641019  64
716.2981504069676  72
716.3059067498333  37
716.313663092699  77
716.3214194355647  68
716.3291757784305  103
716.3369321212962  71
716.3446884641619  95
716.3524448070276  75
716.3602011498933  46
716.367957492759  53
716.3757138356248  13
716.3834701784905  95
716.3912265213562  20
716.3989828642219  107
716.4067392070876  84
716.4144955499534  76
716.4222518928191  65
716.4300082356849  85
716.4377645785506  64
716.4455209214163  92
716.4532772642821  90
716.4610336071478  90
716.4687899500135  7
716.4765462928792  49
716.4843026357449  42
716.4920589786107  46
716.4998153214764  31
716.5075716643421  63
716.5153280072078  50
716.5230843500735  75
716.5308406929393  58
716.538597035805  97
716.5463533786707  88
716.5541097215364  97
716.5618660644021  31
716.5696224072678  57
716.5773787501336  45
716.5851350929993  81
716.592891435865  51
716.6006477787307  69
716.6084041215965  91
716.6161604644623  40
716.623916807328  52
716.6316731501937  60
716.6394294930594  53
716.6471858359251  30
716.6549421787909  80
716.6626985216566  60
716.6704548645223  10
716.678211207388  75
716.6859675502537  91
716.6937238931195  43
716.7014802359852  35
716.7092365788509  92
716.7169929217166  101
716.7247492645823  24
716.732505607448  101
716.7402619503138  53
716.7480182931795  -8
716.7557746360452  48
716.7635309789109  12
716.7712873217766  83
716.7790436646425  64
716.7868000075082  59
716.7945563503739  14
716.8023126932396  75
716.8100690361053  57
716.8178253789711  16
716.8255817218368  85
716.8333380647025  75
716.8410944075682  30
716.8488507504339  45
716.8566070932997  76
716.8643634361654  52
716.8721197790311  63
716.8798761218968  26
716.8876324647625  43
716.8953888076283  97
716.903145150494  32
716.9109014933597  47
716.9186578362254  46
716.9264141790911  45
716.9341705219568  63
716.9419268648226  83
716.9496832076883  36
716.9574395505541  44
716.9651958934198  57
716.9729522362856  36
716.9807085791513  88
716.988464922017  58
716.9962212648827  61
717.0039776077484  101
717.0117339506141  63
717.0194902934799  96
717.0272466363456  35
717.0350029792113  55
717.042759322077  57
717.0505156649427  52
717.0582720078085  44
717.0660283506742  39
717.0737846935399  44
717.0815410364056  88
717.0892973792713  14
717.097053722137  34
717.1048100650028  27
717.1125664078685  61
717.1203227507342  32
717.1280790935999  51
717.1358354364658  -12
717.1435917793315  48
717.1513481221972  79
717.1591044650629  90
717.1668608079286  36
717.1746171507943  13
717.1823734936601  18
717.1901298365258  81
717.1978861793915  25
717.2056425222572  58
717.2133988651229  43
717.2211552079887  61
717.2289115508544  28
717.2366678937201  66
717.2444242365858  21
717.2521805794515  69
717.2599369223173  67
717.267693265183  36
717.2754496080487  42
717.2832059509144  34
717.2909622937801  32
717.2987186366458  -13
717.3064749795117  24
717.3142313223774  57
717.3219876652431  50
717.3297440081088  52
717.3375003509746  63
717.3452566938403  27
717.353013036706  82
717.3607693795717  82
717.3685257224374  25
717.3762820653031  56
717.3840384081689  65
717.3917947510346  51
717.3995510939003  48
717.407307436766  57
717.4150637796317  34
717.4228201224975  92
717.4305764653632  32
717.4383328082289  40
717.4460891510946  20
717.4538454939603  19
717.461601836826  68
717.4693581796918  33
717.4771145225575  77
717.4848708654233  44
717.492627208289  64
717.5003835511548  73
717.5081398940205  47
717.5158962368862  28
717.5236525797519  20
717.5314089226176  34
717.5391652654833  41
717.5469216083491  37
717.5546779512148  0
717.5624342940805  39
717.5701906369462  7
717.5779469798119  25
717.5857033226777  18
717.5934596655434  24
717.6012160084091  76
717.6089723512748  14
717.6167286941405  10
717.6244850370063  14
717.632241379872  41
717.6399977227377  79
717.6477540656034  28
717.6555104084691  47
717.663266751335  12
717.6710230942007  31
717.6787794370664  49
717.6865357799321  60
717.6942921227978  11
717.7020484656636  55
717.7098048085293  34
717.717561151395  87
717.7253174942607  50
717.7330738371264  41
717.7408301799921  31
717.7485865228579  55
717.7563428657236  5
717.7640992085893  31
717.771855551455  12
717.7796118943207  65
717.7873682371865  32
717.7951245800522  9
717.8028809229179  29
717.8106372657836  47
717.8183936086493  5
717.826149951515  11
717.8339062943808  31
717.8416626372466  56
717.8494189801123  20
717.857175322978  43
717.8649316658438  56
717.8726880087095  40
717.8804443515752  55
717.8882006944409  14
717.8959570373066  26
717.9037133801723  24
717.9114697230381  31
717.9192260659038  13
717.9269824087695  31
717.9347387516352  27
717.9424950945009  56
717.9502514373667  55
717.9580077802324  39
717.9657641230981  -9
717.9735204659638  5
717.9812768088295  -22
717.9890331516953  -4
717.996789494561  36
718.0045458374267  8
718.0123021802925  39
718.0200585231582  19
718.027814866024  40
718.0355712088897  4
718.0433275517554  26
718.0510838946211  68
718.0588402374868  29
718.0665965803526  0
718.0743529232183  51
718.082109266084  11
718.0898656089497  39
718.0976219518154  40
718.1053782946811  61
718.1131346375469  -5
718.1208909804126  50
718.1286473232783  20
718.136403666144  28
718.1441600090097  37
718.1519163518755  31
718.1596726947412  19
718.1674290376069  34
718.1751853804726  16
718.1829417233383  27
718.1906980662042  5
718.1984544090699  16
718.2062107519356  35
718.2139670948013  15
718.221723437667  34
718.2294797805328  40
718.2372361233985  53
718.2449924662642  48
718.2527488091299  26
718.2605051519956  49
718.2682614948613  -14
718.2760178377271  61
718.2837741805928  32
718.2915305234585  28
718.2992868663242  18
718.3070432091899  59
718.3147995520557  -3
718.3225558949214  32
718.3303122377871  0
718.3380685806528  -11
718.3458249235185  25
718.3535812663843  50
718.3613376092501  29
718.3690939521158  21
718.3768502949815  44
718.3846066378472  -6
718.392362980713  -6
718.4001193235787  14
718.4078756664444  27
718.4156320093101  78
718.4233883521758  40
718.4311446950416  34
718.4389010379073  41
718.446657380773  58
718.4544137236387  15
718.4621700665044  17
718.4699264093701  28
718.4776827522359  35
718.4854390951016  43
718.4931954379673  31
718.500951780833  53
718.5087081236987  4
718.5164644665645  27
718.5242208094302  36
718.5319771522959  51
718.5397334951617  4
718.5474898380274  75
718.5552461808932  63
718.5630025237589  19
718.5707588666246  55
718.5785152094903  31
718.586271552356  7
718.5940278952218  -18
718.6017842380875  41
718.6095405809532  50
718.6172969238189  46
718.6250532666846  57
718.6328096095503  5
718.6405659524161  32
718.6483222952818  20
718.6560786381475  10
718.6638349810132  23
718.6715913238789  40
718.6793476667447  47
718.6871040096104  43
718.6948603524761  13
718.7026166953418  50
718.7103730382075  -4
718.7181293810734  3
718.7258857239391  31
718.7336420668048  57
718.7413984096705  28
718.7491547525362  -22
718.756911095402  -5
718.7646674382677  36
718.7724237811334  37
718.7801801239991  39
718.7879364668648  30
718.7956928097306  1
718.8034491525963  11
718.811205495462  31
718.8189618383277  32
718.8267181811934  50
718.8344745240591  47
718.8422308669249  19
718.8499872097906  58
718.8577435526563  13
718.865499895522  0
718.8732562383877  30
718.8810125812535  28
718.8887689241192  11
718.896525266985  2
718.9042816098507  2
718.9120379527164  12
718.9197942955822  26
718.9275506384479  55
718.9353069813136  19
718.9430633241793  56
718.950819667045  16
718.9585760099108  57
718.9663323527765  17
718.9740886956422  18
718.9818450385079  9
718.9896013813736  -4
718.9973577242394  28
719.0051140671051  8
719.0128704099708  4
719.0206267528365  15
719.0283830957022  45
719.036139438568  68
719.0438957814337  16
719.0516521242994  33
719.0594084671651  21
719.0671648100308  4
719.0749211528966  27
719.0826774957624  1
719.0904338386281  24
719.0981901814938  -3
719.1059465243595  13
719.1137028672252  8
719.121459210091  45
719.1292155529567  63
719.1369718958224  33
719.1447282386881  19
719.1524845815538  -1
719.1602409244196  7
719.1679972672853  -5
719.175753610151  9
719.1835099530167  46
719.1912662958824  13
719.1990226387481  45
719.2067789816139  -2
719.2145353244796  -1
719.2222916673453  -18
719.230048010211  13
719.2378043530767  2
719.2455606959426  -4
719.2533170388083  33
719.261073381674  -29
719.2688297245397  2
719.2765860674054  29
719.2843424102712  23
719.2920987531369  -5
719.2998550960026  -11
719.3076114388683  17
719.315367781734  -6
719.3231241245998  40
719.3308804674655  45
719.3386368103312  16
719.3463931531969  29
719.3541494960626  27
719.3619058389284  5
719.3696621817941  -70
719.3774185246598  2
719.3851748675255  44
719.3929312103912  35
719.400687553257  44
719.4084438961227  -11
719.4162002389884  -9
719.4239565818542  8
719.4317129247199  49
719.4394692675857  58
719.4472256104514  15
719.4549819533171  8
719.4627382961828  20
719.4704946390485  28
719.4782509819142  25
719.48600732478  28
719.4937636676457  20
719.5015200105114  17
719.5092763533771  45
719.5170326962428  -3
719.5247890391086  21
719.5325453819743  5
719.54030172484  47
719.5480580677057  45
719.5558144105714  51
719.5635707534371  43
719.5713270963029  27
719.5790834391686  39
719.5868397820343  5
719.5945961249001  -12
719.6023524677659  25
719.6101088106316  51
719.6178651534973  -3
719.625621496363  -6
719.6333778392287  3
719.6411341820944  -9
719.6488905249602  35
719.6566468678259  7
719.6644032106916  19
719.6721595535573  -1
719.679915896423  16
719.6876722392888  9
719.6954285821545  -21
719.7031849250202  1
719.7109412678859  39
719.7186976107516  -18
719.7264539536174  35
719.7342102964831  -5
719.7419666393488  -13
719.7497229822145  10
719.7574793250802  -31
719.765235667946  25
719.7729920108118  11
719.7807483536775  5
719.7885046965432  83
719.7962610394089  0
719.8040173822747  10
719.8117737251404  23
719.8195300680061  -17
719.8272864108718  34
719.8350427537375  25
719.8427990966032  30
719.850555439469  -23
719.8583117823347  42
719.8660681252004  5
719.8738244680661  36
719.8815808109318  13
719.8893371537976  -7
719.8970934966633  -16
719.904849839529  11
719.9126061823947  2
719.9203625252604  18
719.9281188681261  14
719.9358752109919  -22
719.9436315538576  -33
719.9513878967234  -25
719.9591442395891  -9
719.9669005824549  -16
719.9746569253206  21
719.9824132681863  -9
719.990169611052  -24
719.9979259539177  -41
720.0056822967834  18
720.0134386396492  1
720.0211949825149  -7
720.0289513253806  74
720.0367076682463  -28
720.044464011112  50
720.0522203539778  -7
720.0599766968435  -1
720.0677330397092  4
720.0754893825749  13
720.0832457254406  24
720.0910020683064  51
720.0987584111721  -3
720.1065147540378  19
720.1142710969035  -29
720.1220274397692  46
720.1297837826351  26
720.1375401255008  -11
720.1452964683665  8
720.1530528112322  7
720.1608091540979  43
720.1685654969637  2
720.1763218398294  25
720.1840781826951  43
720.1918345255608  29
720.1995908684265  0
720.2073472112922  8
720.215103554158  7
720.2228598970237  -16
720.2306162398894  -11
720.2383725827551  -24
720.2461289256208  -48
720.2538852684866  -3
720.2616416113523  14
720.269397954218  -14
720.2771542970837  15
720.2849106399494  4
720.2926669828151  31
720.300423325681  -6
720.3081796685467  -19
720.3159360114124  -6
720.3236923542781  33
720.3314486971439  -34
720.3392050400096  -19
720.3469613828753  23
720.354717725741  -34
720.3624740686067  -54
720.3702304114724  27
720.3779867543382  29
720.3857430972039  -15
720.3934994400696  -14
720.4012557829353  33
720.409012125801  15
720.4167684686668  3
720.4245248115325  -6
720.4322811543982  9
720.4400374972639  12
720.4477938401296  -23
720.4555501829954  2
720.4633065258611  5
720.4710628687268  -51
720.4788192115926  3
720.4865755544583  45
720.4943318973241  23
720.5020882401898  -6
720.5098445830555  -23
720.5176009259212  -24
720.5253572687869  27
720.5331136116527  -28
720.5408699545184  16
720.5486262973841  19
720.5563826402498  19
720.5641389831155  18
720.5718953259812  13
720.579651668847  -14
720.5874080117127  -1
720.5951643545784  41
720.6029206974441  -13
720.6106770403098  -23
720.6184333831756  -22
720.6261897260413  7
720.633946068907  20
720.6417024117727  -2
720.6494587546385  12
720.6572150975043  -21
720.66497144037  12
720.6727277832357  -14
720.6804841261014  -25
720.6882404689671  -8
720.6959968118329  -36
720.7037531546986  -11
720.7115094975643  31
720.71926584043  -15
720.7270221832957  -11
720.7347785261614  -2
720.7425348690272  -2
720.7502912118929  23
720.7580475547586  10
720.7658038976243  -14
720.77356024049  23
720.7813165833558  -3
720.7890729262215  10
720.7968292690872  25
720.8045856119529  20
720.8123419548186  39
720.8200982976844  12
720.8278546405502  -13
720.8356109834159  9
720.8433673262816  -6
720.8511236691473  11
720.8588800120131  5
720.8666363548788  4
720.8743926977445  5
720.8821490406102  -14
720.8899053834759  46
720.8976617263417  -32
720.9054180692074  -21
720.9131744120731  -8
720.9209307549388  -20
720.9286870978045  25
720.9364434406702  28
720.944199783536  18
720.9519561264017  -38
720.9597124692674  25
720.9674688121331  35
720.9752251549988  9
720.9829814978646  13
720.9907378407303  11
720.998494183596  -1
721.0062505264618  -36
721.0140068693275  -13
721.0217632121933  -18
721.029519555059  -2
721.0372758979247  -9
721.0450322407904  1
721.0527885836561  13
721.0605449265219  -21
721.0683012693876  20
721.0760576122533  -38
721.083813955119  45
721.0915702979847  8
721.0993266408504  48
721.1070829837162  -18
721.1148393265819  25
721.1225956694476  -16
721.1303520123133  -1
721.138108355179  -19
721.1458646980448  7
721.1536210409105  -2
721.1613773837762  25
721.1691337266419  0
721.1768900695076  -17
721.1846464123735  -6
721.1924027552392  20
721.2001590981049  -16
721.2079154409706  29
721.2156717838363  32
721.2234281267021  26
721.2311844695678  -23
721.2389408124335  5
721.2466971552992  -24
721.2544534981649  5
721.2622098410307  -3
721.2699661838964  9
721.2777225267621  -14
721.2854788696278  18
721.2932352124935  -24
721.3009915553592  -5
721.308747898225  0
721.3165042410907  0
721.3242605839564  8
721.3320169268221  28
721.3397732696878  -6
721.3475296125536  20
721.3552859554193  3
721.3630422982851  -15
721.3707986411508  -4
721.3785549840165  -24
721.3863113268823  2
721.394067669748  30
721.4018240126137  3
721.4095803554794  -8
721.4173366983451  -1
721.4250930412109  9
721.4328493840766  -27
721.4406057269423  29
721.448362069808  -14
721.4561184126737  14
721.4638747555395  -29
721.4716310984052  9
721.4793874412709  -28
721.4871437841366  5
721.4949001270023  -24
721.502656469868  -3
721.5104128127338  5
721.5181691555995  21
721.5259254984652  13
721.533681841331  2
721.5414381841967  11
721.5491945270625  33
721.5569508699282  -22
721.5647072127939  8
721.5724635556596  16
721.5802198985253  0
721.5879762413911  -15
721.5957325842568  13
721.6034889271225  -33
721.6112452699882  25
721.6190016128539  33
721.6267579557197  -2
721.6345142985854  -30
721.6422706414511  -12
721.6500269843168  16
721.6577833271825  35
721.6655396700482  -27
721.673296012914  7
721.6810523557797  -12
721.6888086986454  -6
721.6965650415111  9
721.7043213843768  1
721.7120777272427  -32
721.7198340701084  10
721.7275904129741  27
721.7353467558398  -24
721.7431030987055  -31
721.7508594415713  36
721.758615784437  -21
721.7663721273027  10
721.7741284701684  -18
721.7818848130341  -13
721.7896411558999  -20
721.7973974987656  -2
721.8051538416313  -41
721.812910184497  7
721.8206665273627  -4
721.8284228702285  33
721.8361792130942  -14
721.8439355559599  25
721.8516918988256  -43
721.8594482416913  5
721.867204584557  -17
721.8749609274228  11
721.8827172702886  18
721.8904736131543  9
721.89822995602  -15
721.9059862988858  -6
721.9137426417515  -1
721.9214989846172  8
721.9292553274829  0
721.9370116703486  3
721.9447680132143  5
721.9525243560801  -21
721.9602806989458  3
721.9680370418115  9
721.9757933846772  -24
721.9835497275429  20
721.9913060704087  -39
721.9990624132744  29
722.0068187561401  -36
722.0145750990058  13
722.0223314418715  -33
722.0300877847372  -22
722.037844127603  16
722.0456004704687  -25
722.0533568133344  -31
722.0611131562002  -16
722.068869499066  -18
722.0766258419317  -14
722.0843821847974  20
722.0921385276631  20
722.0998948705288  10
722.1076512133945  -11
722.1154075562603  -22
722.123163899126  -8
722.1309202419917  -31
722.1386765848574  -18
722.1464329277231  18
722.1541892705889  14
722.1619456134546  9
722.1697019563203  25
722.177458299186  -6
722.1852146420517  -9
722.1929709849175  -11
722.2007273277832  -35
722.2084836706489  0
722.2162400135146  16
722.2239963563803  31
722.231752699246  -31
722.2395090421119  -23
722.2472653849776  -2
722.2550217278433  -14
722.262778070709  -30
722.2705344135748  -9
722.2782907564405  1
722.2860470993062  3
722.2938034421719  -17
722.3015597850376  -34
722.3093161279033  -15
722.3170724707691  -21
722.3248288136348  7
722.3325851565005  -1
722.3403414993662  -29
722.3480978422319  -1
722.3558541850977  -24
722.3636105279634  34
722.3713668708291  10
722.3791232136948  -6
722.3868795565605  -9
722.3946358994262  3
722.402392242292  8
722.4101485851577  8
722.4179049280235  -6
722.4256612708892  -50
722.433417613755  -6
722.4411739566207  -13
722.4489302994864  -15
722.4566866423521  -11
722.4644429852178  12
722.4721993280835  3
722.4799556709493  -8
722.487712013815  -13
722.4954683566807  -1
722.5032246995464  -22
722.5109810424121  -69
722.5187373852779  -16
722.5264937281436  11
722.5342500710093  -29
722.542006413875  18
722.5497627567407  -32
722.5575190996065  -32
722.5652754424722  -18
722.5730317853379  12
722.5807881282036  -5
722.5885444710694  14
722.5963008139352  -8
722.6040571568009  4
722.6118134996666  -37
722.6195698425323  3
722.627326185398  25
722.6350825282638  19
722.6428388711295  27
722.6505952139952  -18
722.6583515568609  5
722.6661078997266  -5
722.6738642425923  -24
722.6816205854581  -7
722.6893769283238  -37
722.6971332711895  4
722.7048896140552  -22
722.7126459569209  -14
722.7204022997867  -66
722.7281586426524  -7
722.7359149855181  -16
722.7436713283838  -30
722.7514276712495  -45
722.7591840141152  -6
722.7669403569811  -21
722.7746966998468  -31
722.7824530427125  -24
722.7902093855782  8
722.797965728444  -48
722.8057220713097  -21
722.8134784141754  -12
722.8212347570411  4
722.8289910999068  31
722.8367474427725  -21
722.8445037856383  7
722.852260128504  -2
722.8600164713697  15
722.8677728142354  3
722.8755291571011  -3
722.8832854999669  -23
722.8910418428326  -34
722.8987981856983  8
722.906554528564  35
722.9143108714297  -24
722.9220672142955  7
722.9298235571612  3
722.937579900027  -46
722.9453362428927  15
722.9530925857584  -18
722.9608489286242  1
722.9686052714899  -44
722.9763616143556  21
722.9841179572213  -1
722.991874300087  -20
722.9996306429528  17
723.0073869858185  -31
723.0151433286842  0
723.0228996715499  -2
723.0306560144156  5
723.0384123572813  -2
723.0461687001471  -44
723.0539250430128  -6
723.0616813858785  10
723.0694377287442  4
723.0771940716099  2
723.0849504144757  32
723.0927067573414  -56
723.1004631002071  -21
723.1082194430728  2
723.1159757859386  -5
723.1237321288044  -34
723.1314884716701  0
723.1392448145358  -32
723.1470011574015  -31
723.1547575002672  -31
723.162513843133  -18
723.1702701859987  -13
723.1780265288644  19
723.1857828717301  7
723.1935392145958  14
723.2012955574615  23
723.2090519003273  -51
723.216808243193  -36
723.2245645860587  3
723.2323209289244  -39
723.2400772717901  -13
723.2478336146559  -20
723.2555899575216  -13
723.2633463003873  -17
723.271102643253  13
723.2788589861187  11
723.2866153289845  -46
723.2943716718503  -27
723.302128014716  2
723.3098843575817  -1
723.3176407004474  1
723.3253970433132  -12
723.3331533861789  -35
723.3409097290446  9
723.3486660719103  8
723.356422414776  -6
723.3641787576418  14
723.3719351005075  -15
723.3796914433732  12
723.3874477862389  -24
723.3952041291046  0
723.4029604719703  -32
723.4107168148361  14
723.4184731577018  8
723.4262295005675  3
723.4339858434332  -15
723.4417421862989  11
723.4494985291647  -5
723.4572548720304  7
723.4650112148961  -14
723.4727675577619  -36
723.4805239006276  -35
723.4882802434934  -3
723.4960365863591  -7
723.5037929292248  13
723.5115492720905  -32
723.5193056149562  14
723.527061957822  -4
723.5348183006877  -28
723.5425746435534  -11
723.5503309864191  -2
723.5580873292848  -31
723.5658436721505  32
723.5736000150163  10
723.581356357882  20
723.5891127007477  -9
723.5968690436134  -5
723.6046253864791  -39
723.6123817293449  2
723.6201380722106  -7
723.6278944150763  -36
723.635650757942  -28
723.6434071008077  31
723.6511634436736  -13
723.6589197865393  -38
723.666676129405  12
723.6744324722707  -21
723.6821888151364  -13
723.6899451580022  -14
723.6977015008679  -61
723.7054578437336  11
723.7132141865993  -23
723.720970529465  -27
723.7287268723308  -33
723.7364832151965  0
723.7442395580622  -46
723.7519959009279  -1
723.7597522437936  -17
723.7675085866593  -32
723.7752649295251  7
723.7830212723908  -3
723.7907776152565  -35
723.7985339581222  1
723.8062903009879  -23
723.8140466438537  -33
723.8218029867195  -28
723.8295593295852  8
723.8373156724509  -41
723.8450720153166  20
723.8528283581824  -30
723.8605847010481  -1
723.8683410439138  -49
723.8760973867795  -9
723.8838537296452  21
723.891610072511  -16
723.8993664153767  2
723.9071227582424  3
723.9148791011081  -65
723.9226354439738  -35
723.9303917868396  -24
723.9381481297053  -13
723.945904472571  -38
723.9536608154367  -6
723.9614171583024  -55
723.9691735011681  -27
723.9769298440339  0
723.9846861868996  -7
723.9924425297653  -6
724.0001988726311  28
724.0079552154968  26
724.0157115583626  17
724.0234679012283  -19
724.031224244094  15
724.0389805869597  -18
724.0467369298254  -6
724.0544932726912  -11
724.0622496155569  -41
724.0700059584226  -28
724.0777623012883  -20
724.085518644154  -24
724.0932749870198  -17
724.1010313298855  -34
724.1087876727512  -43
724.1165440156169  -28
724.1243003584826  -13
724.1320567013483  25
724.1398130442141  -41
724.1475693870798  -23
724.1553257299455  -9
724.1630820728112  -60
724.170838415677  -18
724.1785947585428  3
724.1863511014085  -23
724.1941074442742  -21
724.2018637871399  0
724.2096201300056  2
724.2173764728714  -30
724.2251328157371  -28
724.2328891586028  -33
724.2406455014685  7
724.2484018443342  8
724.2561581872  -8
724.2639145300657  14
724.2716708729314  -12
724.2794272157971  0
724.2871835586628  17
724.2949399015286  4
724.3026962443943  -20
724.31045258726  -35
724.3182089301257  -56
724.3259652729914  -17
724.3337216158571  -30
724.3414779587229  16
724.3492343015887  -40
724.3569906444544  -12
724.3647469873201  -39
724.3725033301859  -32
724.3802596730516  -35
724.3880160159173  -43
724.395772358783  10
724.4035287016487  -4
724.4112850445144  -31
724.4190413873802  -5
724.4267977302459  -14
724.4345540731116  0
724.4423104159773  5
724.450066758843  -40
724.4578231017088  7
724.4655794445745  -15
724.4733357874402  -30
724.4810921303059  -24
724.4888484731716  1
724.4966048160373  -32
724.5043611589031  -21
724.5121175017688  -22
724.5198738446345  -31
724.5276301875003  -2
724.535386530366  5
724.5431428732318  -39
724.5508992160975  -36
724.5586555589632  -17
724.5664119018289  -34
724.5741682446946  41
724.5819245875604  -3
724.5896809304261  -25
724.5974372732918  -14
724.6051936161575  -36
724.6129499590232  -11
724.620706301889  -27
724.6284626447547  -8
724.6362189876204  -34
724.6439753304861  -13
724.6517316733518  -3
724.6594880162176  13
724.6672443590833  -6
724.675000701949  -23
724.6827570448147  2
724.6905133876804  -13
724.6982697305461  10
724.706026073412  -59
724.7137824162777  2
