# x-label = Wavelength [nm]
# y-label = Intensity
776.7465157357716  -21
776.7540175695949  12
776.7615194034182  13
776.7690212372414  20
776.7765230710647  28
776.784024904888  8
776.7915267387112  -29
776.7990285725346  -51
776.8065304063579  -8
776.8140322401811  -14
776.8215340740044  7
776.8290359078277  -3
776.836537741651  -19
776.8440395754742  -2
776.8515414092975  5
776.8590432431208  21
776.866545076944  -4
776.8740469107673  11
776.8815487445906  -30
776.8890505784138  17
776.8965524122372  -4
776.9040542460605  33
776.9115560798838  18
776.919057913707  6
776.9265597475303  26
776.9340615813536  -2
776.9415634151768  -2
776.9490652490001  8
776.9565670828234  -45
776.9640689166466  0
776.9715707504699  18
776.9790725842932  2
776.9865744181166  29
776.9940762519398  0
777.0015780857631  0
777.0090799195864  -18
777.0165817534096  19
777.0240835872329  -14
777.0315854210562  39
777.0390872548794  -16
777.0465890887027  8
777.054090922526  -7
777.0615927563493  -9
777.0690945901725  -37
777.0765964239959  35
777.0840982578192  20
777.0916000916424  44
777.0991019254657  -11
777.106603759289  23
777.1141055931122  -23
777.1216074269355  -10
777.1291092607588  10
777.1366110945821  -3
777.1441129284053  -13
777.1516147622286  25
777.159116596052  23
777.1666184298751  -6
777.1741202636985  -14
777.1816220975218  -20
777.189123931345  1
777.1966257651683  -15
777.2041275989916  4
777.2116294328149  6
777.2191312666381  12
777.2266331004614  -2
777.2341349342847  11
777.2416367681079  -8
777.2491386019312  -20
777.2566404357545  -8
777.2641422695777  -15
777.2716441034011  -11
777.2791459372244  -3
777.2866477710477  10
777.2941496048709  2
777.3016514386942  18
777.3091532725175  -15
777.3166551063407  6
777.324156940164  8
777.3316587739873  22
777.3391606078105  -13
777.3466624416338  -22
777.3541642754572  1
777.3616661092805  18
777.3691679431037  4
777.376669776927  11
777.3841716107503  -14
777.3916734445735  -19
777.3991752783968  -25
777.4066771122201  -5
777.4141789460433  -4
777.4216807798666  22
777.4291826136899  17
777.4366844475132  37
777.4441862813364  -23
777.4516881151598  42
777.4591899489831  -13
777.4666917828063  -20
777.4741936166296  -2
777.4816954504529  41
777.4891972842761  8
777.4966991180994  -3
777.5042009519227  2
777.511702785746  17
777.5192046195692  -5
777.5267064533925  29
777.5342082872158  19
777.541710121039  19
777.5492119548624  -13
777.5567137886857  -11
777.5642156225089  0
777.5717174563322  -11
777.5792192901555  9
777.5867211239788  57
777.594222957802  17
777.6017247916253  -37
777.6092266254486  -19
777.6167284592718  -7
777.6242302930951  20
777.6317321269185  27
777.6392339607416  2
777.646735794565  -5
777.6542376283883  -9
777.6617394622116  16
777.6692412960348  1
777.6767431298581  14
777.6842449636814  11
777.6917467975046  18
777.6992486313279  34
777.7067504651512  -23
777.7142522989745  34
777.7217541327977  22
777.729255966621  -14
777.7367578004444  9
777.7442596342676  -27
777.7517614680909  -23
777.7592633019142  3
777.7667651357374  -30
777.7742669695607  10
777.781768803384  8
777.7892706372072  -19
777.7967724710305  -24
777.8042743048538  -38
777.8117761386771  -5
777.8192779725003  -7
777.8267798063237  22
777.834281640147  -3
777.8417834739702  30
777.8492853077935  -20
777.8567871416168  18
777.8642889754401  29
777.8717908092633  23
777.8792926430866  3
777.8867944769099  24
777.8942963107331  6
777.9017981445564  26
777.9092999783797  0
777.916801812203  -41
777.9243036460263  -47
777.9318054798496  20
777.9393073136729  -13
777.9468091474961  -18
777.9543109813194  18
777.9618128151427  5
777.9693146489659  -10
777.9768164827892  7
777.9843183166125  -18
777.9918201504357  13
777.999321984259  33
778.0068238180824  -4
778.0143256519057  -5
778.0218274857289  12
778.0293293195522  -39
778.0368311533755  11
778.0443329871987  -4
778.051834821022  33
778.0593366548453  4
778.0668384886685  12
778.0743403224918  7
778.0818421563151  -10
778.0893439901384  5
778.0968458239616  14
778.104347657785  -3
778.1118494916083  -22
778.1193513254315  -7
778.1268531592548  -10
778.1343549930781  -22
778.1418568269013  -18
778.1493586607246  2
778.1568604945479  -28
778.1643623283712  0
778.1718641621944  13
778.1793659960177  -30
778.186867829841  9
778.1943696636642  21
778.2018714974876  6
778.2093733313109  -13
778.2168751651341  20
778.2243769989574  -12
778.2318788327807  26
778.239380666604  1
778.2468825004272  24
778.2543843342505  -10
778.2618861680738  5
778.269388001897  -10
778.2768898357203  0
778.2843916695437  12
778.2918935033669  112
778.2993953371902  -10
778.3068971710135  -7
778.3143990048368  18
778.32190083866  -6
778.3294026724833  -32
778.3369045063066  26
778.3444063401298  5
778.3519081739531  -16
778.3594100077764  12
778.3669118415996  35
778.3744136754229  35
778.3819155092463  14
778.3894173430696  -4
778.3969191768928  19
778.4044210107161  -20
778.4119228445394  -12
778.4194246783626  19
778.4269265121859  -28
778.4344283460092  -9
778.4419301798324  -6
778.4494320136557  14
778.456933847479  1
778.4644356813023  1
778.4719375151255  18
778.4794393489489  -8
778.4869411827722  7
778.4944430165954  14
778.5019448504187  2
778.509446684242  -25
778.5169485180652  6
778.5244503518885  -15
778.5319521857118  -14
778.5394540195351  -30
778.5469558533583  -3
778.5544576871816  9
778.561959521005  38
778.5694613548281  3
778.5769631886515  10
778.5844650224748  -9
778.591966856298  -7
778.5994686901213  1
778.6069705239446  -16
778.6144723577679  12
778.6219741915911  21
778.6294760254144  1
778.6369778592377  20
778.6444796930609  6
778.6519815268842  1
778.6594833607076  -24
778.6669851945308  10
778.6744870283541  23
778.6819888621774  4
778.6894906960007  5
778.6969925298239  21
778.7044943636472  -16
778.7119961974705  -2
778.7194980312937  19
778.726999865117  5
778.7345016989403  6
778.7420035327635  2
778.7495053665868  14
778.7570072004102  24
778.7645090342335  -22
778.7720108680567  6
778.77951270188  5
778.7870145357033  6
778.7945163695265  -12
778.8020182033498  25
778.8095200371731  -3
778.8170218709963  -20
778.8245237048196  -9
778.8320255386429  -14
778.8395273724663  -21
778.8470292062894  -11
778.8545310401128  -12
778.8620328739361  12
778.8695347077593  7
778.8770365415826  19
778.8845383754059  -36
778.8920402092291  10
778.8995420430524  39
778.9070438768757  13
778.914545710699  -12
778.9220475445222  11
778.9295493783455  26
778.9370512121689  11
778.944553045992  -9
778.9520548798154  34
778.9595567136387  5
778.9670585474619  13
778.9745603812852  3
778.9820622151085  23
778.9895640489318  -24
778.997065882755  -6
779.0045677165783  9
779.0120695504016  18
779.0195713842248  -28
779.0270732180481  -9
779.0345750518715  0
779.0420768856947  -12
779.049578719518  -5
779.0570805533413  -10
779.0645823871646  -4
779.0720842209878  5
779.0795860548111  -2
779.0870878886344  16
779.0945897224576  12
779.1020915562809  20
779.1095933901042  0
779.1170952239274  11
779.1245970577507  10
779.1320988915741  11
779.1396007253974  -22
779.1471025592206  6
779.1546043930439  -5
779.1621062268672  -6
779.1696080606904  27
779.1771098945137  19
779.184611728337  25
779.1921135621602  5
779.1996153959835  -7
779.2071172298068  5
779.2146190636302  -31
779.2221208974534  1
779.2296227312767  18
779.2371245651  78
779.2446263989232  49
779.2521282327465  -19
779.2596300665698  14
779.267131900393  25
779.2746337342163  10
779.2821355680396  12
779.2896374018629  33
779.2971392356861  -5
779.3046410695094  -20
779.3121429033328  13
779.319644737156  23
779.3271465709793  20
779.3346484048026  7
779.3421502386259  -19
779.3496520724491  13
779.3571539062724  4
779.3646557400957  18
779.3721575739189  5
779.3796594077422  -12
779.3871612415655  -12
779.3946630753887  -8
779.402164909212  -5
779.4096667430354  44
779.4171685768586  27
779.4246704106819  -5
779.4321722445052  14
779.4396740783285  22
779.4471759121517  12
779.454677745975  22
779.4621795797983  13
779.4696814136215  20
779.4771832474448  -20
779.4846850812681  6
779.4921869150915  -16
779.4996887489147  33
779.507190582738  -5
779.5146924165613  6
779.5221942503845  1
779.5296960842078  1
779.5371979180311  -5
779.5446997518543  -43
779.5522015856776  28
779.5597034195009  -10
779.5672052533242  8
779.5747070871474  42
779.5822089209707  -24
779.589710754794  8
779.5972125886173  14
779.6047144224406  13
779.6122162562639  19
779.6197180900871  -5
779.6272199239104  33
779.6347217577337  -25
779.642223591557  -2
779.6497254253802  -9
779.6572272592035  2
779.6647290930268  2
779.67223092685  -21
779.6797327606733  28
779.6872345944967  40
779.6947364283199  -3
779.7022382621432  23
779.7097400959665  -15
779.7172419297898  10
779.724743763613  14
779.7322455974363  4
779.7397474312596  -15
779.7472492650828  19
779.7547510989061  13
779.7622529327294  -6
779.7697547665526  36
779.777256600376  7
779.7847584341993  5
779.7922602680226  12
779.7997621018458  21
779.8072639356691  53
779.8147657694924  38
779.8222676033156  -38
779.8297694371389  26
779.8372712709622  23
779.8447731047854  14
779.8522749386087  -15
779.859776772432  -23
779.8672786062554  -15
779.8747804400786  11
779.8822822739019  9
779.8897841077252  -12
779.8972859415484  -25
779.9047877753717  2
779.912289609195  -5
779.9197914430182  13
779.9272932768415  -6
779.9347951106648  6
779.9422969444881  18
779.9497987783113  -10
779.9573006121346  -4
779.964802445958  -7
779.9723042797812  19
779.9798061136045  1
779.9873079474278  20
779.994809781251  19
780.0023116150743  10
780.0098134488976  -3
780.0173152827209  1
780.0248171165441  21
780.0323189503674  7
780.0398207841907  -11
780.0473226180139  13
780.0548244518372  -2
780.0623262856606  8
780.0698281194838  0
780.0773299533071  22
780.0848317871304  -36
780.0923336209537  9
780.0998354547769  3
780.1073372886002  8
780.1148391224235  -9
780.1223409562467  -31
780.12984279007  -7
780.1373446238933  17
780.1448464577165  27
780.1523482915399  29
780.1598501253632  -11
780.1673519591865  11
780.1748537930097  23
780.182355626833  -27
780.1898574606563  0
780.1973592944795  -3
780.2048611283028  -10
780.2123629621261  -12
780.2198647959493  10
780.2273666297726  14
780.234868463596  21
780.2423702974193  7
780.2498721312425  12
780.2573739650658  17
780.2648757988891  -15
780.2723776327123  0
780.2798794665356  -16
780.2873813003589  23
780.2948831341821  23
780.3023849680054  10
780.3098868018287  -5
780.317388635652  -12
780.3248904694752  -10
780.3323923032985  -18
780.3398941371219  20
780.3473959709451  4
780.3548978047684  -19
780.3623996385917  5
780.3699014724149  27
780.3774033062382  35
780.3849051400615  -24
780.3924069738848  7
780.399908807708  23
780.4074106415313  22
780.4149124753546  42
780.4224143091778  14
780.4299161430012  -5
780.4374179768245  3
780.4449198106477  -11
780.452421644471  16
780.4599234782943  6
780.4674253121176  6
780.4749271459408  0
780.4824289797641  6
780.4899308135874  -10
780.4974326474106  46
780.5049344812339  13
780.5124363150572  -24
780.5199381488804  -11
780.5274399827038  -7
780.5349418165271  37
780.5424436503504  34
780.5499454841736  -10
780.5574473179969  36
780.5649491518202  -5
780.5724509856434  -5
780.5799528194667  7
780.58745465329  13
780.5949564871132  -5
780.6024583209365  23
780.6099601547598  39
780.6174619885832  -6
780.6249638224064  7
780.6324656562297  28
780.639967490053  -14
780.6474693238762  16
780.6549711576995  -27
780.6624729915228  -12
780.669974825346  5
780.6774766591693  14
780.6849784929926  -15
780.6924803268159  5
780.6999821606391  0
780.7074839944625  11
780.7149858282858  -9
780.722487662109  5
780.7299894959323  12
780.7374913297556  2
780.7449931635788  10
780.7524949974021  57
780.7599968312254  5
780.7674986650487  39
780.7750004988719  18
780.7825023326952  11
780.7900041665185  -6
780.7975060003417  -14
780.805007834165  26
780.8125096679884  7
780.8200115018116  16
780.8275133356349  -15
780.8350151694582  4
780.8425170032815  -5
780.8500188371047  -10
780.857520670928  4
780.8650225047513  9
780.8725243385745  0
780.8800261723978  5
780.8875280062211  5
780.8950298400443  8
780.9025316738677  24
780.910033507691  -36
780.9175353415143  19
780.9250371753375  -10
780.9325390091608  13
780.9400408429841  12
780.9475426768073  5
780.9550445106306  16
780.9625463444539  -15
780.9700481782772  -23
780.9775500121004  1
780.9850518459237  -18
780.9925536797471  26
781.0000555135703  -8
781.0075573473936  -7
781.0150591812169  13
781.0225610150401  11
781.0300628488634  28
781.0375646826867  0
781.0450665165099  1
781.0525683503332  -12
781.0600701841565  -6
781.0675720179798  13
781.075073851803  4
781.0825756856264  -24
781.0900775194497  9
781.0975793532729  30
781.1050811870962  -6
781.1125830209195  -27
781.1200848547428  10
781.127586688566  18
781.1350885223893  -10
781.1425903562126  25
781.1500921900358  -26
781.1575940238591  37
781.1650958576824  -12
781.1725976915056  -14
781.180099525329  14
781.1876013591523  13
781.1951031929756  -7
781.2026050267988  14
781.2101068606221  10
781.2176086944454  13
781.2251105282686  -6
781.2326123620919  12
781.2401141959152  12
781.2476160297384  17
781.2551178635617  -10
781.262619697385  6
781.2701215312084  -20
781.2776233650316  27
781.2851251988549  2
781.2926270326782  -9
781.3001288665014  20
781.3076307003247  11
781.315132534148  1
781.3226343679712  -23
781.3301362017945  2
781.3376380356178  7
781.3451398694411  57
781.3526417032643  -4
781.3601435370877  -23
781.367645370911  12
781.3751472047342  17
781.3826490385575  5
781.3901508723808  11
781.397652706204  17
781.4051545400273  -10
781.4126563738506  42
781.4201582076739  -6
781.4276600414971  3
781.4351618753204  -20
781.4426637091437  12
781.4501655429669  -13
781.4576673767903  -3
781.4651692106136  18
781.4726710444368  21
781.4801728782601  0
781.4876747120834  3
781.4951765459067  9
781.5026783797299  19
781.5101802135532  33
781.5176820473765  -8
781.5251838811997  0
781.532685715023  10
781.5401875488463  5
781.5476893826695  -11
781.5551912164929  -22
781.5626930503162  24
781.5701948841395  -16
781.5776967179627  14
781.585198551786  12
781.5927003856093  3
781.6002022194325  12
781.6077040532558  36
781.6152058870791  3
781.6227077209023  -14
781.6302095547256  14
781.637711388549  -2
781.6452132223723  26
781.6527150561955  -5
781.6602168900188  -8
781.6677187238421  37
781.6752205576653  -3
781.6827223914886  -25
781.6902242253119  -16
781.6977260591351  16
781.7052278929584  9
781.7127297267817  1
781.720231560605  48
781.7277333944282  20
781.7352352282516  16
781.7427370620749  8
781.7502388958981  4
781.7577407297214  28
781.7652425635447  7
781.7727443973679  1
781.7802462311912  6
781.7877480650145  2
781.7952498988378  -7
781.802751732661  14
781.8102535664843  -7
781.8177554003076  -46
781.8252572341308  -7
781.8327590679542  3
781.8402609017775  -3
781.8477627356007  21
781.855264569424  -3
781.8627664032473  8
781.8702682370706  -2
781.8777700708938  -4
781.8852719047171  25
781.8927737385404  20
781.9002755723636  11
781.9077774061869  17
781.9152792400102  4
781.9227810738334  45
781.9302829076568  12
781.9377847414801  11
781.9452865753034  -28
781.9527884091266  12
781.9602902429499  20
781.9677920767732  1
781.9752939105964  -5
781.9827957444197  4
781.990297578243  -23
781.9977994120662  28
782.0053012458895  -4
782.0128030797129  -14
782.0203049135362  23
782.0278067473594  25
782.0353085811827  -11
782.042810415006  24
782.0503122488292  -30
782.0578140826525  42
782.0653159164758  -11
782.072817750299  -19
782.0803195841223  -6
782.0878214179456  4
782.095323251769  -26
782.1028250855921  22
782.1103269194155  25
782.1178287532388  21
782.125330587062  -11
782.1328324208853  11
782.1403342547086  11
782.1478360885318  35
782.1553379223551  8
782.1628397561784  28
782.1703415900017  1
782.1778434238249  16
782.1853452576482  16
782.1928470914715  17
782.2003489252947  -23
782.2078507591181  -8
782.2153525929414  30
782.2228544267646  19
782.2303562605879  -9
782.2378580944112  -29
782.2453599282345  -23
782.2528617620577  -9
782.260363595881  0
782.2678654297043  30
782.2753672635275  -14
782.2828690973508  8
782.2903709311742  33
782.2978727649974  19
782.3053745988207  44
782.312876432644  7
782.3203782664673  -12
782.3278801002905  11
782.3353819341138  -7
782.3428837679371  30
782.3503856017603  36
782.3578874355836  -5
782.3653892694069  -3
782.3728911032301  13
782.3803929370534  5
782.3878947708768  -28
782.3953966047001  53
782.4028984385233  12
782.4104002723466  -27
782.4179021061699  -12
782.4254039399931  6
782.4329057738164  2
782.4404076076397  -22
782.4479094414629  30
782.4554112752862  3
782.4629131091095  4
782.4704149429328  4
782.477916776756  -12
782.4854186105794  20
782.4929204444027  -10
782.5004222782259  23
782.5079241120492  -20
782.5154259458725  13
782.5229277796957  19
782.530429613519  -6
782.5379314473423  14
782.5454332811656  22
782.5529351149888  7
782.5604369488121  -5
782.5679387826355  -3
782.5754406164586  23
782.582942450282  18
782.5904442841053  -24
782.5979461179286  33
782.6054479517518  14
782.6129497855751  -12
782.6204516193984  13
782.6279534532216  3
782.6354552870449  4
782.6429571208682  22
782.6504589546914  26
782.6579607885147  0
782.665462622338  21
782.6729644561613  16
782.6804662899846  0
782.6879681238079  1
782.6954699576312  35
782.7029717914544  9
782.7104736252777  -12
782.717975459101  29
782.7254772929242  13
782.7329791267475  10
782.7404809605708  4
782.7479827943941  20
782.7554846282173  6
782.7629864620407  0
782.770488295864  22
782.7779901296872  -9
782.7854919635105  -6
782.7929937973338  5
782.800495631157  -5
782.8079974649803  42
782.8154992988036  11
782.8230011326268  -5
782.8305029664501  3
782.8380048002734  17
782.8455066340968  18
782.85300846792  6
782.8605103017433  35
782.8680121355666  3
782.8755139693898  26
782.8830158032131  9
782.8905176370364  -20
782.8980194708597  -7
782.9055213046829  21
782.9130231385062  18
782.9205249723295  12
782.9280268061527  9
782.935528639976  28
782.9430304737994  -4
782.9505323076226  27
782.9580341414459  37
782.9655359752692  21
782.9730378090925  -2
782.9805396429157  22
782.988041476739  16
782.9955433105623  -4
783.0030451443855  50
783.0105469782088  11
783.0180488120321  38
783.0255506458553  -10
783.0330524796786  30
783.040554313502  17
783.0480561473253  11
783.0555579811485  -22
783.0630598149718  13
783.0705616487951  12
783.0780634826183  10
783.0855653164416  28
783.0930671502649  36
783.1005689840881  51
783.1080708179114  0
783.1155726517347  0
783.123074485558  -25
783.1305763193812  20
783.1380781532046  10
783.1455799870279  1
783.1530818208511  17
783.1605836546744  35
783.1680854884977  26
783.1755873223209  -3
783.1830891561442  12
783.1905909899675  -9
783.1980928237908  11
783.205594657614  -8
783.2130964914373  24
783.2205983252607  24
783.2281001590839  9
783.2356019929072  25
783.2431038267305  39
783.2506056605537  4
783.258107494377  32
783.2656093282003  9
783.2731111620236  -10
783.2806129958468  32
783.2881148296701  24
783.2956166634934  14
783.3031184973166  9
783.31062033114  -37
783.3181221649633  18
783.3256239987865  -5
783.3331258326098  -21
783.3406276664331  -28
783.3481295002564  59
783.3556313340796  13
783.3631331679029  26
783.3706350017262  -5
783.3781368355494  2
783.3856386693727  -14
783.393140503196  34
783.4006423370192  -11
783.4081441708425  17
783.4156460046659  -2
783.4231478384892  7
783.4306496723124  33
783.4381515061357  44
783.445653339959  -6
783.4531551737822  30
783.4606570076055  22
783.4681588414288  37
783.475660675252  37
783.4831625090753  54
783.4906643428986  19
783.498166176722  52
783.5056680105452  -5
783.5131698443685  38
783.5206716781918  -8
783.528173512015  23
783.5356753458383  6
783.5431771796616  -8
783.5506790134848  -2
783.5581808473081  40
783.5656826811314  -8
783.5731845149547  23
783.5806863487779  24
783.5881881826012  8
783.5956900164246  -13
783.6031918502478  18
783.6106936840711  28
783.6181955178944  43
783.6256973517176  19
783.6331991855409  2
783.6407010193642  26
783.6482028531875  17
783.6557046870107  27
783.663206520834  32
783.6707083546573  17
783.6782101884805  42
783.6857120223038  1
783.6932138561272  33
783.7007156899504  50
783.7082175237737  14
783.715719357597  41
783.7232211914203  6
783.7307230252435  -13
783.7382248590668  21
783.7457266928901  -10
783.7532285267133  3
783.7607303605366  -51
783.7682321943599  29
783.7757340281831  3
783.7832358620064  18
783.7907376958298  57
783.7982395296531  3
783.8057413634763  -3
783.8132431972996  21
783.8207450311229  -15
783.8282468649461  26
783.8357486987694  -23
783.8432505325927  38
783.8507523664159  41
783.8582542002392  1
783.8657560340625  -18
783.8732578678859  37
783.880759701709  -14
783.8882615355324  9
783.8957633693557  9
783.9032652031789  8
783.9107670370022  21
783.9182688708255  -8
783.9257707046487  5
783.933272538472  25
783.9407743722953  36
783.9482762061186  2
783.9557780399418  -7
783.9632798737651  -18
783.9707817075885  10
783.9782835414117  -9
783.985785375235  10
783.9932872090583  12
784.0007890428815  51
784.0082908767048  8
784.0157927105281  42
784.0232945443514  4
784.0307963781746  -15
784.0382982119979  19
784.0458000458212  21
784.0533018796444  16
784.0608037134677  7
784.0683055472911  49
784.0758073811143  36
784.0833092149376  5
784.0908110487609  13
784.0983128825842  56
784.1058147164074  5
784.1133165502307  7
784.120818384054  11
784.1283202178772  43
784.1358220517005  -2
784.1433238855238  51
784.150825719347  4
784.1583275531704  22
784.1658293869937  21
784.173331220817  6
784.1808330546402  65
784.1883348884635  35
784.1958367222868  10
784.20333855611  24
784.2108403899333  0
784.2183422237566  1
784.2258440575798  59
784.2333458914031  13
784.2408477252264  13
784.2483495590498  12
784.255851392873  11
784.2633532266963  13
784.2708550605196  28
784.2783568943428  20
784.2858587281661  -8
784.2933605619894  11
784.3008623958126  -6
784.3083642296359  -5
784.3158660634592  25
784.3233678972825  49
784.3308697311057  9
784.338371564929  13
784.3458733987524  38
784.3533752325756  8
784.3608770663989  -8
784.3683789002222  4
784.3758807340455  42
784.3833825678687  -2
784.390884401692  9
784.3983862355153  11
784.4058880693385  19
784.4133899031618  1
784.4208917369851  12
784.4283935708083  26
784.4358954046317  25
784.443397238455  65
784.4508990722783  -46
784.4584009061015  20
784.4659027399248  1
784.4734045737481  -6
784.4809064075713  6
784.4884082413946  26
784.4959100752179  13
784.5034119090411  -11
784.5109137428644  6
784.5184155766877  16
784.525917410511  -3
784.5334192443343  37
784.5409210781576  22
784.5484229119809  1
784.5559247458041  35
784.5634265796274  44
784.5709284134507  3
784.5784302472739  5
784.5859320810972  3
784.5934339149205  1
784.6009357487438  -3
784.608437582567  5
784.6159394163903  26
784.6234412502137  12
784.6309430840369  34
784.6384449178602  27
784.6459467516835  -8
784.6534485855067  8
784.66095041933  20
784.6684522531533  48
784.6759540869766  -21
784.6834559207998  5
784.6909577546231  -5
784.6984595884464  10
784.7059614222696  1
784.713463256093  13
784.7209650899163  28
784.7284669237395  81
784.7359687575628  9
784.7434705913861  25
784.7509724252094  -2
784.7584742590326  12
784.7659760928559  13
784.7734779266792  -7
784.7809797605024  11
784.7884815943257  -15
784.795983428149  42
784.8034852619722  49
784.8109870957956  17
784.8184889296189  45
784.8259907634422  29
784.8334925972654  18
784.8409944310887  3
784.848496264912  21
784.8559980987352  7
784.8634999325585  17
784.8710017663818  26
784.878503600205  23
784.8860054340283  9
784.8935072678516  17
784.901009101675  -25
784.9085109354982  -9
784.9160127693215  21
784.9235146031448  45
784.931016436968  -8
784.9385182707913  30
784.9460201046146  50
784.9535219384378  36
784.9610237722611  19
784.9685256060844  16
784.9760274399077  -9
784.9835292737309  38
784.9910311075542  -5
784.9985329413776  42
785.0060347752008  11
785.0135366090241  33
785.0210384428474  51
785.0285402766706  26
785.0360421104939  28
785.0435439443172  24
785.0510457781405  -3
785.0585476119637  33
785.066049445787  32
785.0735512796103  32
785.0810531134335  26
785.0885549472569  28
785.0960567810802  52
785.1035586149034  3
785.1110604487267  23
785.11856228255  -14
785.1260641163733  -4
785.1335659501965  27
785.1410677840198  35
785.1485696178431  36
785.1560714516663  40
785.1635732854896  8
785.171075119313  -3
785.1785769531361  18
785.1860787869595  41
785.1935806207828  13
785.2010824546061  27
785.2085842884293  27
785.2160861222526  24
785.2235879560759  24
785.2310897898991  28
785.2385916237224  -12
785.2460934575457  38
785.2535952913689  34
785.2610971251922  23
785.2685989590155  0
785.2761007928389  55
785.2836026266621  8
785.2911044604854  -2
785.2986062943087  22
785.3061081281319  17
785.3136099619552  22
785.3211117957785  -2
785.3286136296017  21
785.336115463425  16
785.3436172972483  12
785.3511191310716  -3
785.3586209648948  66
785.3661227987182  10
785.3736246325415  22
785.3811264663647  58
785.388628300188  24
785.3961301340113  24
785.4036319678345  30
785.4111338016578  2
785.4186356354811  13
785.4261374693044  65
785.4336393031276  35
785.4411411369509  26
785.4486429707742  23
785.4561448045974  23
785.4636466384208  27
785.4711484722441  42
785.4786503060673  40
785.4861521398906  13
785.4936539737139  42
785.5011558075372  -7
785.5086576413604  88
785.5161594751837  57
785.523661309007  13
785.5311631428302  18
785.5386649766535  20
785.5461668104768  19
785.5536686443  22
785.5611704781234  23
785.5686723119467  64
785.57617414577  -6
785.5836759795932  43
785.5911778134165  1
785.5986796472398  9
785.606181481063  -12
785.6136833148863  24
785.6211851487096  16
785.6286869825328  22
785.6361888163561  71
785.6436906501795  57
785.6511924840028  -42
785.658694317826  57
785.6661961516493  14
785.6736979854726  14
785.6811998192958  -12
785.6887016531191  19
785.6962034869424  38
785.7037053207656  -25
785.7112071545889  32
785.7187089884122  5
785.7262108222355  54
785.7337126560587  45
785.741214489882  36
785.7487163237054  19
785.7562181575286  21
785.7637199913519  52
785.7712218251752  10
785.7787236589984  45
785.7862254928217  19
785.793727326645  37
785.8012291604683  21
785.8087309942915  -3
785.8162328281148  6
785.8237346619381  -4
785.8312364957613  12
785.8387383295847  51
785.846240163408  -15
785.8537419972312  44
785.8612438310545  46
785.8687456648778  76
785.8762474987011  18
785.8837493325243  24
785.8912511663476  1
785.8987530001709  8
785.9062548339941  26
785.9137566678174  35
785.9212585016408  54
785.928760335464  36
785.9362621692873  32
785.9437640031106  26
785.9512658369339  27
785.9587676707571  38
785.9662695045804  51
785.9737713384037  46
785.9812731722269  25
785.9887750060502  13
785.9962768398735  76
786.0037786736968  45
786.01128050752  27
786.0187823413434  17
786.0262841751667  48
786.0337860089899  62
786.0412878428132  38
786.0487896766365  26
786.0562915104597  -3
786.063793344283  21
786.0712951781063  33
786.0787970119295  23
786.0862988457528  32
786.0938006795761  35
786.1013025133994  20
786.1088043472226  39
786.116306181046  12
786.1238080148693  56
786.1313098486925  19
786.1388116825158  8
786.1463135163391  3
786.1538153501624  57
786.1613171839856  56
786.1688190178089  17
786.1763208516322  41
786.1838226854554  51
786.1913245192787  9
786.198826353102  46
786.2063281869252  19
786.2138300207486  80
786.2213318545719  1
786.2288336883952  57
786.2363355222184  0
786.2438373560417  27
786.251339189865  49
786.2588410236882  24
786.2663428575115  42
786.2738446913348  25
786.281346525158  60
786.2888483589813  25
786.2963501928047  25
786.303852026628  36
786.3113538604512  24
786.3188556942745  49
786.3263575280978  16
786.333859361921  23
786.3413611957443  50
786.3488630295676  27
786.3563648633908  50
786.3638666972141  61
786.3713685310374  10
786.3788703648607  26
786.386372198684  23
786.3938740325073  53
786.4013758663306  39
786.4088777001538  45
786.4163795339771  53
786.4238813678004  70
786.4313832016236  36
786.4388850354469  69
786.4463868692702  37
786.4538887030935  67
786.4613905369167  58
786.46889237074  27
786.4763942045633  43
786.4838960383865  -3
786.4913978722099  39
786.4988997060332  19
786.5064015398564  29
786.5139033736797  43
786.521405207503  54
786.5289070413263  51
786.5364088751495  40
786.5439107089728  23
786.5514125427961  70
786.5589143766193  36
786.5664162104426  26
786.573918044266  64
786.5814198780892  70
786.5889217119125  42
786.5964235457358  43
786.6039253795591  19
786.6114272133823  43
786.6189290472056  54
786.6264308810289  59
786.6339327148521  81
786.6414345486754  45
786.6489363824987  64
786.6564382163219  50
786.6639400501452  32
786.6714418839686  53
786.6789437177919  53
786.6864455516151  4
786.6939473854384  68
786.7014492192617  56
786.7089510530849  59
786.7164528869082  24
786.7239547207315  39
786.7314565545547  72
786.738958388378  52
786.7464602222013  6
786.7539620560246  48
786.7614638898478  66
786.7689657236712  59
786.7764675574945  72
786.7839693913177  32
786.791471225141  88
786.7989730589643  30
786.8064748927875  36
786.8139767266108  70
786.8214785604341  25
786.8289803942574  99
786.8364822280806  104
786.8439840619039  68
786.8514858957273  88
786.8589877295504  44
786.8664895633738  77
786.8739913971971  81
786.8814932310203  29
786.8889950648436  58
786.8964968986669  41
786.9039987324902  60
786.9115005663134  83
786.9190024001367  61
786.92650423396  25
786.9340060677832  19
786.9415079016065  36
786.9490097354299  29
786.956511569253  54
786.9640134030764  28
786.9715152368997  50
786.979017070723  76
786.9865189045462  45
786.9940207383695  88
787.0015225721928  57
787.009024406016  40
787.0165262398393  42
787.0240280736626  52
787.0315299074858  35
787.0390317413091  67
787.0465335751325  97
787.0540354089558  99
787.061537242779  50
787.0690390766023  56
787.0765409104256  50
787.0840427442488  86
787.0915445780721  58
787.0990464118954  24
787.1065482457186  83
787.1140500795419  58
787.1215519133652  23
787.1290537471886  46
787.1365555810117  55
787.1440574148351  36
787.1515592486584  48
787.1590610824816  53
787.1665629163049  43
787.1740647501282  62
787.1815665839514  126
787.1890684177747  72
787.196570251598  68
787.2040720854213  62
787.2115739192445  21
787.2190757530678  77
787.2265775868912  13
787.2340794207144  73
787.2415812545377  78
787.249083088361  106
787.2565849221842  86
787.2640867560075  67
787.2715885898308  89
787.2790904236541  41
787.2865922574773  61
787.2940940913006  70
787.3015959251239  60
787.3090977589471  53
787.3165995927704  93
787.3241014265938  30
787.331603260417  98
787.3391050942403  36
787.3466069280636  30
787.3541087618869  62
787.3616105957101  51
787.3691124295334  107
787.3766142633567  78
787.3841160971799  91
787.3916179310032  39
787.3991197648265  77
787.4066215986497  61
787.414123432473  89
787.4216252662964  7
787.4291271001197  81
787.4366289339429  37
787.4441307677662  57
787.4516326015895  98
787.4591344354127  104
787.466636269236  54
787.4741381030593  91
787.4816399368825  42
787.4891417707058  57
787.4966436045291  66
787.5041454383525  61
787.5116472721757  50
787.519149105999  66
787.5266509398223  67
787.5341527736455  56
787.5416546074688  45
787.5491564412921  48
787.5566582751153  52
787.5641601089386  85
787.5716619427619  74
787.5791637765852  66
787.5866656104084  42
787.5941674442317  62
787.601669278055  83
787.6091711118783  125
787.6166729457016  113
787.6241747795249  64
787.6316766133481  124
787.6391784471714  103
787.6466802809947  54
787.654182114818  50
787.6616839486412  90
787.6691857824645  92
787.6766876162878  52
787.684189450111  110
787.6916912839343  51
787.6991931177577  45
787.7066949515809  99
787.7141967854042  106
787.7216986192275  40
787.7292004530508  59
787.736702286874  85
787.7442041206973  115
787.7517059545206  101
787.7592077883438  26
787.7667096221671  82
787.7742114559904  67
787.7817132898138  75
787.789215123637  81
787.7967169574603  53
787.8042187912836  46
787.8117206251068  119
787.8192224589301  19
787.8267242927534  84
787.8342261265766  99
787.8417279603999  120
787.8492297942232  133
787.8567316280465  84
787.8642334618697  116
787.871735295693  71
787.8792371295164  94
787.8867389633396  60
787.8942407971629  75
787.9017426309862  125
787.9092444648094  102
787.9167462986327  70
787.924248132456  53
787.9317499662793  81
787.9392518001025  42
787.9467536339258  115
787.9542554677491  70
787.9617573015723  98
787.9692591353956  68
787.976760969219  120
787.9842628030422  94
787.9917646368655  42
787.9992664706888  78
788.0067683045121  71
788.0142701383353  105
788.0217719721586  89
788.0292738059819  82
788.0367756398051  110
788.0442774736284  108
788.0517793074517  121
788.0592811412749  97
788.0667829750982  103
788.0742848089216  97
788.0817866427449  55
788.0892884765681  61
788.0967903103914  92
788.1042921442147  124
788.1117939780379  76
788.1192958118612  118
788.1267976456845  78
788.1342994795077  103
788.141801313331  61
788.1493031471543  56
788.1568049809777  55
788.1643068148009  108
788.1718086486242  83
788.1793104824475  121
788.1868123162707  43
788.194314150094  69
788.2018159839173  108
788.2093178177405  90
788.2168196515638  74
788.2243214853871  55
788.2318233192104  57
788.2393251530336  67
788.246826986857  98
788.2543288206803  78
788.2618306545035  83
788.2693324883268  92
788.2768343221501  72
788.2843361559733  76
788.2918379897966  70
788.2993398236199  113
788.3068416574432  89
788.3143434912664  35
788.3218453250897  72
788.329347158913  66
788.3368489927362  88
788.3443508265595  118
788.3518526603829  85
788.3593544942061  73
788.3668563280294  120
788.3743581618527  60
788.381859995676  82
788.3893618294992  84
788.3968636633225  116
788.4043654971458  70
788.411867330969  80
788.4193691647923  73
788.4268709986156  58
788.4343728324388  65
788.4418746662622  97
788.4493765000855  73
788.4568783339088  100
788.464380167732  71
788.4718820015553  109
788.4793838353786  70
788.4868856692018  110
788.4943875030251  91
788.5018893368484  81
788.5093911706716  81
788.5168930044949  92
788.5243948383182  66
788.5318966721416  33
788.5393985059648  74
788.5469003397881  103
788.5544021736114  101
788.5619040074346  68
788.5694058412579  105
788.5769076750812  93
788.5844095089044  91
788.5919113427277  77
788.599413176551  128
788.6069150103743  53
788.6144168441975  55
788.6219186780208  94
788.6294205118442  99
788.6369223456674  96
788.6444241794907  66
788.651926013314  109
788.6594278471372  94
788.6669296809605  82
788.6744315147838  144
788.6819333486071  86
788.6894351824303  86
788.6969370162536  49
788.7044388500769  106
788.7119406839001  88
788.7194425177235  123
788.7269443515468  20
788.73444618537  60
788.7419480191933  87
788.7494498530166  102
788.7569516868399  39
788.7644535206631  123
788.7719553544864  43
788.7794571883097  86
788.7869590221329  77
788.7944608559562  69
788.8019626897795  37
788.8094645236027  89
788.816966357426  48
788.8244681912494  75
788.8319700250727  48
788.8394718588959  64
788.8469736927192  87
788.8544755265425  116
788.8619773603657  64
788.869479194189  77
788.8769810280123  69
788.8844828618355  90
788.8919846956588  128
788.8994865294821  62
788.9069883633055  83
788.9144901971287  123
788.921992030952  57
788.9294938647753  50
788.9369956985985  108
788.9444975324218  129
788.9519993662451  117
788.9595012000683  130
788.9670030338916  116
788.9745048677149  101
788.9820067015382  98
788.9895085353614  112
788.9970103691847  68
789.0045122030081  101
789.0120140368313  49
789.0195158706546  83
789.0270177044779  130
789.0345195383011  84
789.0420213721244  121
789.0495232059477  86
789.057025039771  101
789.0645268735942  114
789.0720287074175  68
789.0795305412408  68
789.087032375064  57
789.0945342088874  77
789.1020360427107  74
789.1095378765339  94
789.1170397103572  92
789.1245415441805  78
789.1320433780038  54
789.139545211827  78
789.1470470456503  86
789.1545488794736  89
789.1620507132968  103
789.1695525471201  125
789.1770543809434  58
789.1845562147666  62
789.19205804859  81
789.1995598824133  108
789.2070617162366  101
789.2145635500598  114
789.2220653838831  66
789.2295672177064  101
789.2370690515296  60
789.2445708853529  88
789.2520727191762  86
789.2595745529994  90
789.2670763868227  82
789.274578220646  74
789.2820800544694  86
789.2895818882926  103
789.2970837221159  69
789.3045855559392  96
789.3120873897624  46
789.3195892235857  116
789.327091057409  78
789.3345928912322  106
789.3420947250555  56
789.3495965588788  87
789.3570983927021  49
789.3646002265253  114
789.3721020603487  51
789.379603894172  70
789.3871057279952  92
789.3946075618185  99
789.4021093956418  82
789.4096112294651  103
789.4171130632883  61
789.4246148971116  100
789.4321167309349  96
789.4396185647581  108
789.4471203985814  80
789.4546222324047  94
789.462124066228  53
789.4696259000513  56
789.4771277338746  51
789.4846295676979  130
789.4921314015211  97
789.4996332353444  98
789.5071350691677  123
789.5146369029909  108
789.5221387368142  78
789.5296405706375  97
789.5371424044607  88
789.544644238284  74
789.5521460721073  93
789.5596479059307  122
789.5671497397539  99
789.5746515735772  109
789.5821534074005  90
789.5896552412237  109
789.597157075047  113
789.6046589088703  85
789.6121607426935  80
789.6196625765168  98
789.6271644103401  69
789.6346662441634  94
789.6421680779866  80
789.64966991181  101
789.6571717456333  78
789.6646735794565  156
789.6721754132798  72
789.6796772471031  117
789.6871790809263  146
789.6946809147496  99
789.7021827485729  125
789.7096845823962  139
789.7171864162194  107
789.7246882500427  99
789.732190083866  76
789.7396919176892  108
789.7471937515126  136
789.7546955853359  82
789.7621974191591  90
789.7696992529824  97
789.7772010868057  72
789.784702920629  149
789.7922047544522  114
789.7997065882755  77
789.8072084220988  96
789.814710255922  107
789.8222120897453  132
789.8297139235686  104
789.8372157573918  107
789.8447175912152  84
789.8522194250385  73
789.8597212588618  133
789.867223092685  90
789.8747249265083  103
789.8822267603316  66
789.8897285941548  61
789.8972304279781  121
789.9047322618014  121
789.9122340956246  87
789.9197359294479  87
789.9272377632713  107
789.9347395970946  87
789.9422414309178  114
789.9497432647411  75
789.9572450985644  81
789.9647469323876  126
789.9722487662109  62
789.9797506000342  118
789.9872524338574  81
789.9947542676807  86
790.002256101504  86
790.0097579353273  65
790.0172597691505  107
790.0247616029739  103
790.0322634367972  96
790.0397652706204  126
790.0472671044437  66
790.054768938267  120
790.0622707720902  100
790.0697726059135  116
790.0772744397368  104
790.0847762735601  94
790.0922781073833  90
790.0997799412066  58
790.10728177503  105
790.1147836088531  103
790.1222854426765  106
790.1297872764998  132
790.137289110323  97
790.1447909441463  102
790.1522927779696  130
790.1597946117929  109
790.1672964456161  98
790.1747982794394  97
790.1823001132627  70
790.1898019470859  118
790.1973037809092  110
790.2048056147325  88
790.2123074485557  118
790.2198092823791  85
790.2273111162024  124
790.2348129500257  114
790.2423147838489  54
790.2498166176722  118
790.2573184514955  87
790.2648202853187  96
790.272322119142  73
790.2798239529653  108
790.2873257867885  64
790.2948276206118  98
790.3023294544352  169
790.3098312882585  97
790.3173331220817  107
790.324834955905  92
790.3323367897283  88
790.3398386235515  83
790.3473404573748  103
790.3548422911981  96
790.3623441250213  66
790.3698459588446  82
790.3773477926679  69
790.3848496264912  71
790.3923514603144  78
790.3998532941378  118
790.4073551279611  118
790.4148569617843  129
790.4223587956076  84
790.4298606294309  67
790.4373624632541  57
790.4448642970774  161
790.4523661309007  105
790.459867964724  109
790.4673697985472  118
790.4748716323705  102
790.4823734661938  120
790.489875300017  152
790.4973771338404  118
790.5048789676637  122
790.5123808014869  118
790.5198826353102  86
790.5273844691335  98
790.5348863029568  85
790.54238813678  99
790.5498899706033  84
790.5573918044266  68
790.5648936382498  62
790.5723954720731  86
790.5798973058965  116
790.5873991397197  126
790.594900973543  91
790.6024028073663  86
790.6099046411896  96
790.6174064750128  110
790.6249083088361  124
790.6324101426594  100
790.6399119764826  107
790.6474138103059  116
790.6549156441292  102
790.6624174779524  77
790.6699193117757  94
790.677421145599  113
790.6849229794224  124
790.6924248132456  113
790.6999266470689  74
790.7074284808922  81
790.7149303147154  137
790.7224321485387  104
790.729933982362  99
790.7374358161852  78
790.7449376500085  78
790.7524394838318  83
790.7599413176551  125
790.7674431514783  78
790.7749449853017  123
790.782446819125  136
790.7899486529482  145
790.7974504867715  83
790.8049523205948  75
790.812454154418  94
790.8199559882413  117
790.8274578220646  89
790.8349596558879  101
790.8424614897111  102
790.8499633235344  119
790.8574651573578  97
790.864966991181  105
790.8724688250043  98
790.8799706588276  156
790.8874724926508  121
790.8949743264741  114
790.9024761602974  145
790.9099779941207  116
790.9174798279439  146
790.9249816617672  139
790.9324834955905  97
790.9399853294137  161
790.947487163237  116
790.9549889970604  114
790.9624908308836  89
790.9699926647069  114
790.9774944985302  61
790.9849963323535  120
790.9924981661767  58
791.0  183
791.0075018338233  142
791.0150036676465  128
791.0225055014698  81
791.0300073352931  110
791.0375091691164  121
791.0450110029396  107
791.052512836763  109
791.0600146705863  116
791.0675165044095  101
791.0750183382328  183
791.0825201720561  115
791.0900220058793  86
791.0975238397026  142
791.1050256735259  78
791.1125275073492  114
791.1200293411724  118
791.1275311749957  120
791.135033008819  142
791.1425348426422  106
791.1500366764656  128
791.1575385102889  105
791.1650403441121  136
791.1725421779354  138
791.1800440117587  163
791.187545845582  73
791.1950476794052  147
791.2025495132285  121
791.2100513470518  100
791.217553180875  109
791.2250550146983  106
791.2325568485217  101
791.2400586823449  93
791.2475605161682  117
791.2550623499915  129
791.2625641838148  105
791.270066017638  122
791.2775678514613  83
791.2850696852846  141
791.2925715191078  115
791.3000733529311  129
791.3075751867544  190
791.3150770205776  118
791.322578854401  109
791.3300806882243  116
791.3375825220476  81
791.3450843558708  112
791.3525861896941  137
791.3600880235174  98
791.3675898573406  107
791.3750916911639  113
791.3825935249872  131
791.3900953588104  146
791.3975971926337  114
791.405099026457  88
791.4126008602803  141
791.4201026941035  119
791.4276045279269  99
791.4351063617502  112
791.4426081955734  121
791.4501100293967  101
791.45761186322  119
791.4651136970432  126
791.4726155308665  60
791.4801173646898  126
791.4876191985131  98
791.4951210323363  104
791.5026228661596  113
791.510124699983  118
791.5176265338062  110
791.5251283676295  128
791.5326302014528  201
791.540132035276  136
791.5476338690993  97
791.5551357029226  129
791.5626375367459  115
791.5701393705691  165
791.5776412043924  92
791.5851430382157  151
791.5926448720389  138
791.6001467058622  124
791.6076485396856  132
791.6151503735088  183
791.6226522073321  147
791.6301540411554  124
791.6376558749787  108
791.6451577088019  117
791.6526595426252  117
791.6601613764485  98
791.6676632102717  170
791.675165044095  129
791.6826668779183  231
791.6901687117415  149
791.6976705455648  106
791.7051723793882  160
791.7126742132115  164
791.7201760470347  122
791.727677880858  160
791.7351797146813  151
791.7426815485045  158
791.7501833823278  114
791.7576852161511  118
791.7651870499743  133
791.7726888837976  126
791.7801907176209  147
791.7876925514443  141
791.7951943852675  115
791.8026962190908  151
791.8101980529141  118
791.8176998867373  150
791.8252017205606  132
791.8327035543839  148
791.8402053882071  106
791.8477072220304  121
791.8552090558537  144
791.862710889677  155
791.8702127235002  141
791.8777145573235  154
791.8852163911469  119
791.89271822497  135
791.9002200587934  132
791.9077218926167  138
791.9152237264399  174
791.9227255602632  128
791.9302273940865  147
791.9377292279098  131
791.945231061733  206
791.9527328955563  153
791.9602347293796  144
791.9677365632028  98
791.9752383970261  137
791.9827402308495  92
791.9902420646727  153
791.997743898496  108
792.0052457323193  157
792.0127475661426  128
792.0202493999658  172
792.0277512337891  147
792.0352530676124  195
792.0427549014356  173
792.0502567352589  171
792.0577585690822  171
792.0652604029054  182
792.0727622367287  116
792.0802640705521  190
792.0877659043754  138
792.0952677381986  171
792.1027695720219  137
792.1102714058452  155
792.1177732396684  115
792.1252750734917  137
792.132776907315  131
792.1402787411382  188
792.1477805749615  152
792.1552824087848  179
792.1627842426082  123
792.1702860764314  134
792.1777879102547  156
792.185289744078  147
792.1927915779012  139
792.2002934117245  189
792.2077952455478  119
792.215297079371  185
792.2227989131943  202
792.2303007470176  153
792.2378025808409  221
792.2453044146641  202
792.2528062484874  229
792.2603080823108  174
792.267809916134  227
792.2753117499573  139
792.2828135837806  144
792.2903154176038  168
792.2978172514271  182
792.3053190852504  177
792.3128209190737  193
792.3203227528969  212
792.3278245867202  158
792.3353264205435  200
792.3428282543667  228
792.35033008819  201
792.3578319220134  220
792.3653337558366  195
792.3728355896599  184
792.3803374234832  201
792.3878392573065  163
792.3953410911297  171
792.402842924953  135
792.4103447587763  145
792.4178465925995  166
792.4253484264228  186
792.4328502602461  183
792.4403520940693  230
792.4478539278927  206
792.455355761716  302
792.4628575955393  274
792.4703594293625  169
792.4778612631858  238
792.4853630970091  228
792.4928649308323  174
792.5003667646556  237
792.5078685984789  234
792.5153704323021  246
792.5228722661254  209
792.5303740999487  214
792.537875933772  220
792.5453777675953  206
792.5528796014186  182
792.5603814352419  242
792.5678832690651  202
792.5753851028884  230
792.5828869367117  240
792.5903887705349  220
792.5978906043582  173
792.6053924381815  202
792.6128942720048  162
792.620396105828  181
792.6278979396513  227
792.6353997734747  234
792.6429016072979  172
792.6504034411212  249
792.6579052749445  215
792.6654071087678  269
792.672908942591  197
792.6804107764143  242
792.6879126102376  216
792.6954144440608  224
792.7029162778841  219
792.7104181117074  209
792.7179199455306  224
792.725421779354  226
792.7329236131773  197
792.7404254470006  227
792.7479272808238  221
792.7554291146471  254
792.7629309484704  272
792.7704327822936  262
792.7779346161169  202
792.7854364499402  286
792.7929382837634  248
792.8004401175867  225
792.80794195141  246
792.8154437852334  285
792.8229456190566  197
792.8304474528799  282
792.8379492867032  228
792.8454511205264  251
792.8529529543497  205
792.860454788173  278
792.8679566219962  292
792.8754584558195  241
792.8829602896428  231
792.8904621234661  261
792.8979639572893  249
792.9054657911126  205
792.912967624936  260
792.9204694587592  230
792.9279712925825  261
792.9354731264058  295
792.942974960229  262
792.9504767940523  243
792.9579786278756  216
792.9654804616989  247
792.9729822955221  195
792.9804841293454  279
792.9879859631687  227
792.9954877969919  242
793.0029896308153  212
793.0104914646386  182
793.0179932984618  202
793.0254951322851  231
793.0329969661084  249
793.0404987999317  246
793.0480006337549  283
793.0555024675782  195
793.0630043014015  310
793.0705061352247  254
793.078007969048  231
793.0855098028713  275
793.0930116366945  273
793.1005134705179  214
793.1080153043412  242
793.1155171381645  243
793.1230189719877  261
793.130520805811  290
793.1380226396343  291
793.1455244734575  286
793.1530263072808  261
793.1605281411041  259
793.1680299749273  277
793.1755318087506  265
793.183033642574  225
793.1905354763973  229
793.1980373102205  202
793.2055391440438  249
793.2130409778671  299
793.2205428116903  240
793.2280446455136  247
793.2355464793369  244
793.2430483131601  264
793.2505501469834  241
793.2580519808067  199
793.26555381463  251
793.2730556484532  247
793.2805574822765  283
793.2880593160999  228
793.2955611499231  261
793.3030629837464  285
793.3105648175697  210
793.3180666513929  278
793.3255684852162  279
793.3330703190395  286
793.3405721528628  231
793.348073986686  226
793.3555758205093  262
793.3630776543326  235
793.3705794881558  301
793.3780813219792  274
793.3855831558025  230
793.3930849896257  242
793.400586823449  281
793.4080886572723  224
793.4155904910956  307
793.4230923249188  266
793.4305941587421  258
793.4380959925654  314
793.4455978263886  284
793.4530996602119  276
793.4606014940352  261
793.4681033278584  289
793.4756051616818  264
793.4831069955051  272
793.4906088293284  280
793.4981106631516  246
793.5056124969749  230
793.5131143307982  208
793.5206161646214  279
793.5281179984447  242
793.535619832268  248
793.5431216660912  203
793.5506234999145  273
793.5581253337378  222
793.5656271675612  275
793.5731290013844  269
793.5806308352077  327
793.588132669031  243
793.5956345028542  301
793.6031363366775  298
793.6106381705008  296
793.618140004324  252
793.6256418381473  254
793.6331436719706  307
793.6406455057939  292
793.6481473396171  227
793.6556491734405  190
793.6631510072638  275
793.670652841087  293
793.6781546749103  236
793.6856565087336  290
793.6931583425568  292
793.7006601763801  276
793.7081620102034  270
793.7156638440267  268
793.7231656778499  254
793.7306675116732  304
793.7381693454965  235
793.7456711793197  270
793.753173013143  275
793.7606748469664  318
793.7681766807896  331
793.7756785146129  302
793.7831803484362  272
793.7906821822595  363
793.7981840160827  257
793.805685849906  290
793.8131876837293  298
793.8206895175525  267
793.8281913513758  272
793.8356931851991  284
793.8431950190223  245
793.8506968528457  285
793.858198686669  313
793.8657005204923  286
793.8732023543155  297
793.8807041881388  302
793.8882060219621  340
793.8957078557853  307
793.9032096896086  343
793.9107115234319  206
793.9182133572551  272
793.9257151910784  237
793.9332170249018  273
793.9407188587251  269
793.9482206925483  214
793.9557225263716  233
793.9632243601949  268
793.9707261940181  267
793.9782280278414  288
793.9857298616647  329
793.9932316954879  262
794.0007335293112  299
794.0082353631345  243
794.0157371969578  277
794.023239030781  323
794.0307408646044  249
794.0382426984277  256
794.0457445322509  249
794.0532463660742  309
794.0607481998975  329
794.0682500337207  311
794.075751867544  242
794.0832537013673  299
794.0907555351906  274
794.0982573690138  221
794.1057592028371  321
794.1132610366604  269
794.1207628704836  262
794.128264704307  323
794.1357665381303  341
794.1432683719535  219
794.1507702057768  248
794.1582720396001  293
794.1657738734234  254
794.1732757072466  295
794.1807775410699  244
794.1882793748932  280
794.1957812087164  278
794.2032830425397  190
794.210784876363  283
794.2182867101862  312
794.2257885440096  257
794.2332903778329  285
794.2407922116562  252
794.2482940454794  265
794.2557958793027  293
794.263297713126  340
794.2707995469492  272
794.2783013807725  246
794.2858032145958  340
794.2933050484191  260
794.3008068822423  323
794.3083087160657  278
794.315810549889  281
794.3233123837122  261
794.3308142175355  243
794.3383160513588  266
794.345817885182  189
794.3533197190053  220
794.3608215528286  292
794.3683233866519  249
794.3758252204751  217
794.3833270542984  244
794.3908288881217  324
794.398330721945  276
794.4058325557683  304
794.4133343895916  267
794.4208362234148  309
794.4283380572381  276
794.4358398910614  342
794.4433417248847  284
794.4508435587079  280
794.4583453925312  286
794.4658472263545  268
794.4733490601777  236
794.480850894001  247
794.4883527278243  213
794.4958545616475  248
794.5033563954709  305
794.5108582292942  342
794.5183600631175  294
794.5258618969407  268
794.533363730764  265
794.5408655645873  181
794.5483673984105  291
794.5558692322338  266
794.5633710660571  234
794.5708728998803  313
794.5783747337036  337
794.585876567527  252
794.5933784013503  327
794.6008802351735  231
794.6083820689968  286
794.6158839028201  294
794.6233857366433  273
794.6308875704666  279
794.6383894042899  246
794.6458912381131  269
794.6533930719364  246
794.6608949057597  325
794.668396739583  237
794.6758985734062  353
794.6834004072296  278
794.6909022410529  276
794.6984040748761  263
794.7059059086994  305
794.7134077425227  215
794.7209095763459  273
794.7284114101692  313
794.7359132439925  278
794.7434150778158  325
794.750916911639  224
794.7584187454623  266
794.7659205792856  244
794.7734224131088  222
794.7809242469322  273
794.7884260807555  296
794.7959279145787  296
794.803429748402  301
794.8109315822253  200
794.8184334160486  262
794.8259352498718  330
794.8334370836951  231
794.8409389175184  283
794.8484407513416  258
794.8559425851649  311
794.8634444189883  266
794.8709462528114  241
794.8784480866348  258
794.8859499204581  324
794.8934517542814  199
794.9009535881046  261
794.9084554219279  325
794.9159572557512  318
794.9234590895744  349
794.9309609233977  282
794.938462757221  266
794.9459645910442  265
794.9534664248675  302
794.9609682586909  311
794.9684700925142  276
794.9759719263374  251
794.9834737601607  277
794.990975593984  279
794.9984774278072  340
795.0059792616305  312
795.0134810954538  222
795.020982929277  281
795.0284847631003  307
795.0359865969236  296
795.043488430747  232
795.0509902645701  300
795.0584920983935  269
795.0659939322168  291
795.07349576604  274
795.0809975998633  313
795.0884994336866  230
795.0960012675098  292
795.1035031013331  263
795.1110049351564  320
795.1185067689797  268
795.1260086028029  299
795.1335104366262  293
795.1410122704496  249
795.1485141042727  248
795.1560159380961  313
795.1635177719194  296
795.1710196057426  257
795.1785214395659  263
795.1860232733892  290
795.1935251072125  274
795.2010269410357  262
795.208528774859  294
795.2160306086823  229
795.2235324425055  294
795.2310342763288  273
795.2385361101522  310
795.2460379439754  297
795.2535397777987  279
795.261041611622  249
795.2685434454453  261
795.2760452792685  227
795.2835471130918  266
795.2910489469151  276
795.2985507807383  299
795.3060526145616  260
795.3135544483849  252
795.3210562822081  315
795.3285581160314  324
795.3360599498548  342
795.3435617836781  325
795.3510636175013  252
795.3585654513246  232
795.3660672851479  301
795.3735691189711  281
795.3810709527944  322
795.3885727866177  304
795.3960746204409  254
795.4035764542642  293
795.4110782880875  371
795.4185801219108  312
795.426081955734  347
795.4335837895574  307
795.4410856233807  309
795.4485874572039  331
795.4560892910272  302
795.4635911248505  324
795.4710929586737  272
795.478594792497  330
795.4860966263203  307
795.4935984601436  283
795.5011002939668  354
795.5086021277901  355
795.5161039616135  274
795.5236057954367  323
795.53110762926  362
795.5386094630833  320
795.5461112969065  324
795.5536131307298  300
795.5611149645531  305
795.5686167983764  328
795.5761186321996  349
795.5836204660229  412
795.5911222998462  362
795.5986241336694  318
795.6061259674927  323
795.613627801316  369
795.6211296351393  329
795.6286314689626  332
795.6361333027859  358
795.6436351366092  286
795.6511369704324  311
795.6586388042557  354
795.666140638079  274
795.6736424719022  293
795.6811443057255  290
795.6886461395488  395
795.696147973372  338
795.7036498071953  322
795.7111516410187  327
795.718653474842  318
795.7261553086652  311
795.7336571424885  350
795.7411589763118  337
795.748660810135  334
795.7561626439583  361
795.7636644777816  325
795.7711663116048  289
795.7786681454281  322
795.7861699792514  360
795.7936718130748  422
795.801173646898  354
795.8086754807213  313
795.8161773145446  360
795.8236791483678  466
795.8311809821911  345
795.8386828160144  322
795.8461846498376  364
795.8536864836609  411
795.8611883174842  370
795.8686901513075  372
795.8761919851307  387
795.883693818954  424
795.8911956527774  395
795.8986974866006  310
795.9061993204239  418
795.9137011542472  387
795.9212029880705  402
795.9287048218937  400
795.936206655717  451
795.9437084895403  419
795.9512103233635  453
795.9587121571868  376
795.9662139910101  364
795.9737158248333  444
795.9812176586566  405
795.98871949248  420
795.9962213263032  438
796.0037231601265  391
796.0112249939498  437
796.0187268277731  322
796.0262286615963  430
796.0337304954196  392
796.0412323292429  377
796.0487341630661  364
796.0562359968894  400
796.0637378307127  425
796.071239664536  340
796.0787414983592  433
796.0862433321826  373
796.0937451660059  491
796.1012469998291  434
796.1087488336524  478
796.1162506674757  418
796.1237525012989  373
796.1312543351222  401
796.1387561689455  436
796.1462580027688  323
796.153759836592  418
796.1612616704153  329
796.1687635042387  420
796.1762653380619  499
796.1837671718852  551
796.1912690057085  452
796.1987708395317  369
796.206272673355  423
796.2137745071783  425
796.2212763410016  453
796.2287781748248  329
796.2362800086481  466
796.2437818424714  366
796.2512836762946  401
796.258785510118  356
796.2662873439413  395
796.2737891777645  410
796.2812910115878  464
796.2887928454111  397
796.2962946792344  481
796.3037965130576  350
796.3112983468809  453
796.3188001807042  394
796.3263020145274  416
796.3338038483507  404
796.341305682174  452
796.3488075159972  541
796.3563093498205  469
796.3638111836439  396
796.3713130174672  476
796.3788148512904  509
796.3863166851137  442
796.393818518937  416
796.4013203527602  522
796.4088221865835  398
796.4163240204068  425
796.42382585423  453
796.4313276880533  467
796.4388295218766  448
796.4463313557  466
796.4538331895232  429
796.4613350233465  433
796.4688368571698  390
796.476338690993  450
796.4838405248163  363
796.4913423586396  368
796.4988441924628  418
796.5063460262861  452
796.5138478601094  524
796.5213496939327  436
796.5288515277559  472
796.5363533615792  448
796.5438551954026  374
796.5513570292258  481
796.5588588630491  442
796.5663606968724  443
796.5738625306956  442
796.5813643645189  462
796.5888661983422  530
796.5963680321655  551
796.6038698659887  446
796.611371699812  529
796.6188735336353  452
796.6263753674585  459
796.6338772012818  453
796.6413790351052  442
796.6488808689284  417
796.6563827027517  432
796.663884536575  448
796.6713863703983  457
796.6788882042215  475
796.6863900380448  497
796.6938918718681  519
796.7013937056913  493
796.7088955395146  437
796.7163973733379  518
796.7238992071611  437
796.7314010409845  442
796.7389028748078  520
796.7464047086311  523
796.7539065424543  576
796.7614083762776  480
796.7689102101009  425
796.7764120439241  403
796.7839138777474  459
796.7914157115707  470
796.7989175453939  468
796.8064193792172  405
796.8139212130405  465
796.8214230468639  453
796.828924880687  440
796.8364267145104  520
796.8439285483337  450
796.8514303821569  452
796.8589322159802  472
796.8664340498035  449
796.8739358836267  485
796.88143771745  462
796.8889395512733  478
796.8964413850966  548
796.9039432189198  521
796.9114450527431  429
796.9189468865665  407
796.9264487203897  451
796.933950554213  587
796.9414523880363  499
796.9489542218595  497
796.9564560556828  421
796.9639578895061  454
796.9714597233294  521
796.9789615571526  544
796.9864633909759  526
796.9939652247992  438
797.0014670586224  538
797.0089688924458  455
797.0164707262691  514
797.0239725600923  461
797.0314743939156  477
797.0389762277389  493
797.0464780615622  475
797.0539798953854  448
797.0614817292087  485
797.068983563032  489
797.0764853968552  525
797.0839872306785  501
797.0914890645018  534
797.098990898325  514
797.1064927321484  532
797.1139945659717  493
797.121496399795  459
797.1289982336182  525
797.1365000674415  532
797.1440019012648  512
797.151503735088  472
797.1590055689113  481
797.1665074027346  513
797.1740092365578  544
797.1815110703811  476
797.1890129042044  546
797.1965147380278  529
797.204016571851  530
797.2115184056743  464
797.2190202394976  452
797.2265220733208  530
797.2340239071441  454
797.2415257409674  572
797.2490275747906  499
797.2565294086139  504
797.2640312424372  478
797.2715330762605  430
797.2790349100837  549
797.286536743907  488
797.2940385777304  449
797.3015404115536  533
797.3090422453769  467
797.3165440792002  443
797.3240459130234  492
797.3315477468467  546
797.33904958067  491
797.3465514144933  467
797.3540532483165  490
797.3615550821398  518
797.3690569159631  506
797.3765587497863  480
797.3840605836097  454
797.391562417433  440
797.3990642512562  429
797.4065660850795  478
797.4140679189028  489
797.4215697527261  501
797.4290715865493  500
797.4365734203726  417
797.4440752541959  547
797.4515770880191  499
797.4590789218424  478
797.4665807556657  546
797.474082589489  471
797.4815844233123  484
797.4890862571356  551
797.4965880909589  484
797.5040899247821  531
797.5115917586054  477
797.5190935924287  483
797.5265954262519  490
797.5340972600752  551
797.5415990938985  517
797.5491009277217  465
797.556602761545  496
797.5641045953683  473
797.5716064291917  451
797.5791082630149  466
797.5866100968382  467
797.5941119306615  477
797.6016137644847  509
797.609115598308  430
797.6166174321313  469
797.6241192659545  460
797.6316210997778  422
797.6391229336011  474
797.6466247674244  413
797.6541266012476  444
797.661628435071  428
797.6691302688943  400
797.6766321027175  514
797.6841339365408  504
797.6916357703641  480
797.6991376041874  514
797.7066394380106  397
797.7141412718339  490
797.7216431056572  455
797.7291449394804  489
797.7366467733037  616
797.744148607127  482
797.7516504409502  513
797.7591522747736  490
797.7666541085969  477
797.7741559424202  513
797.7816577762434  437
797.7891596100667  496
797.79666144389  413
797.8041632777132  452
797.8116651115365  474
797.8191669453598  449
797.826668779183  493
797.8341706130063  418
797.8416724468296  401
797.849174280653  505
797.8566761144762  429
797.8641779482995  477
797.8716797821228  525
797.879181615946  476
797.8866834497693  435
797.8941852835926  493
797.9016871174158  445
797.9091889512391  413
797.9166907850624  416
797.9241926188857  450
797.9316944527089  445
797.9391962865323  418
797.9466981203556  378
797.9541999541788  435
797.9617017880021  418
797.9692036218254  416
797.9767054556486  519
797.9842072894719  391
797.9917091232952  410
797.9992109571185  424
798.0067127909417  436
798.014214624765  449
798.0217164585883  464
798.0292182924115  506
798.0367201262349  449
798.0442219600582  400
798.0517237938814  377
798.0592256277047  410
798.066727461528  369
798.0742292953513  396
798.0817311291745  472
798.0892329629978  437
798.0967347968211  445
798.1042366306443  370
798.1117384644676  371
798.119240298291  397
798.1267421321141  465
798.1342439659375  410
798.1417457997608  445
798.1492476335841  462
798.1567494674073  436
798.1642513012306  395
798.1717531350539  388
798.1792549688771  485
798.1867568027004  334
798.1942586365237  409
798.2017604703469  457
798.2092623041702  404
798.2167641379936  395
798.2242659718169  365
798.2317678056401  434
798.2392696394634  377
798.2467714732867  465
798.2542733071099  370
798.2617751409332  432
798.2692769747565  486
798.2767788085797  382
798.284280642403  393
798.2917824762263  393
798.2992843100496  373
798.3067861438728  377
798.3142879776962  434
798.3217898115195  430
798.3292916453427  317
798.336793479166  371
798.3442953129893  439
798.3517971468125  380
798.3592989806358  410
798.3668008144591  434
798.3743026482824  369
798.3818044821056  420
798.3893063159289  406
798.3968081497522  418
798.4043099835754  388
798.4118118173988  352
798.4193136512221  348
798.4268154850453  334
798.4343173188686  412
798.4418191526919  325
798.4493209865152  363
798.4568228203384  372
798.4643246541617  381
798.471826487985  378
798.4793283218082  397
798.4868301556315  419
798.4943319894548  313
798.501833823278  464
798.5093356571014  438
798.5168374909247  347
798.524339324748  298
798.5318411585712  338
798.5393429923945  322
798.5468448262178  409
798.554346660041  405
798.5618484938643  275
798.5693503276876  354
798.5768521615108  416
798.5843539953341  372
798.5918558291575  393
798.5993576629808  333
798.606859496804  398
798.6143613306273  332
798.6218631644506  298
798.6293649982738  375
798.6368668320971  403
798.6443686659204  387
798.6518704997436  356
798.6593723335669  366
798.6668741673902  296
798.6743760012135  314
798.6818778350367  409
798.68937966886  248
798.6968815026834  318
798.7043833365066  327
798.7118851703299  372
798.7193870041532  381
798.7268888379764  334
798.7343906717997  342
798.741892505623  340
798.7493943394463  349
798.7568961732695  333
798.7643980070928  301
798.7718998409161  338
798.7794016747393  333
798.7869035085627  349
798.794405342386  352
798.8019071762092  333
798.8094090100325  293
798.8169108438558  310
798.8244126776791  385
798.8319145115023  345
798.8394163453256  365
798.8469181791489  342
798.8544200129721  340
798.8619218467954  295
798.8694236806188  330
798.876925514442  264
798.8844273482653  369
798.8919291820886  298
798.8994310159119  264
798.9069328497351  240
798.9144346835584  322
798.9219365173817  309
798.9294383512049  326
798.9369401850282  342
798.9444420188515  298
798.9519438526747  297
798.959445686498  292
798.9669475203214  284
798.9744493541447  265
798.9819511879679  285
798.9894530217912  308
798.9969548556145  261
799.0044566894377  347
799.011958523261  246
799.0194603570843  350
799.0269621909075  346
799.0344640247308  333
799.0419658585541  235
799.0494676923774  327
799.0569695262006  300
799.064471360024  293
799.0719731938473  333
799.0794750276705  344
799.0869768614938  344
799.0944786953171  268
799.1019805291403  241
799.1094823629636  212
799.1169841967869  215
799.1244860306102  305
799.1319878644334  288
799.1394896982567  305
799.14699153208  286
799.1544933659032  240
799.1619951997266  284
799.1694970335499  299
799.1769988673732  272
799.1845007011964  204
799.1920025350197  232
799.199504368843  269
799.2070062026662  237
799.2145080364895  264
799.2220098703128  216
799.229511704136  213
799.2370135379593  272
799.2445153717827  265
799.2520172056059  295
799.2595190394292  256
799.2670208732525  270
799.2745227070758  308
799.282024540899  302
799.2895263747223  252
799.2970282085456  203
799.3045300423688  224
799.3120318761921  299
799.3195337100154  203
799.3270355438387  220
799.334537377662  250
799.3420392114853  273
799.3495410453086  215
799.3570428791318  305
799.3645447129551  195
799.3720465467784  225
799.3795483806016  232
799.3870502144249  204
799.3945520482482  202
799.4020538820714  231
799.4095557158947  217
799.417057549718  236
799.4245593835414  245
799.4320612173645  173
799.4395630511879  219
799.4470648850112  225
799.4545667188344  257
799.4620685526577  231
799.469570386481  184
799.4770722203043  220
799.4845740541275  247
799.4920758879508  206
799.4995777217741  267
799.5070795555973  266
799.5145813894206  230
799.522083223244  244
799.5295850570672  208
799.5370868908905  264
799.5445887247138  227
799.5520905585371  195
799.5595923923603  148
799.5670942261836  216
799.5745960600069  225
799.5820978938301  183
799.5895997276534  252
799.5971015614767  231
799.6046033952999  180
799.6121052291232  158
799.6196070629466  174
799.6271088967699  215
799.6346107305931  162
799.6421125644164  193
799.6496143982397  186
799.6571162320629  163
799.6646180658862  160
799.6721198997095  203
799.6796217335327  165
799.687123567356  201
799.6946254011793  204
799.7021272350026  248
799.7096290688258  178
799.7171309026492  137
799.7246327364725  187
799.7321345702957  195
799.739636404119  173
799.7471382379423  178
799.7546400717655  162
799.7621419055888  171
799.7696437394121  160
799.7771455732354  161
799.7846474070586  139
799.7921492408819  158
799.7996510747053  125
799.8071529085285  163
799.8146547423518  169
799.8221565761751  165
799.8296584099983  156
799.8371602438216  117
799.8446620776449  183
799.8521639114682  134
799.8596657452914  147
799.8671675791147  176
799.874669412938  144
799.8821712467612  120
799.8896730805845  139
799.8971749144079  183
799.904676748231  105
799.9121785820544  189
799.9196804158777  166
799.927182249701  155
799.9346840835242  181
799.9421859173475  87
799.9496877511708  120
799.957189584994  116
799.9646914188173  77
799.9721932526406  109
799.9796950864638  166
799.9871969202871  183
799.9946987541105  138
800.0022005879338  99
800.009702421757  161
800.0172042555803  131
800.0247060894036  137
800.0322079232268  117
800.0397097570501  177
800.0472115908734  131
800.0547134246966  140
800.0622152585199  94
800.0697170923432  104
800.0772189261666  116
800.0847207599898  157
800.0922225938131  146
800.0997244276364  86
800.1072262614596  131
800.1147280952829  98
800.1222299291062  162
800.1297317629294  98
800.1372335967527  178
800.144735430576  108
800.1522372643993  118
800.1597390982225  90
800.1672409320458  137
800.1747427658692  164
800.1822445996924  97
800.1897464335157  73
800.197248267339  82
800.2047501011622  139
800.2122519349855  116
800.2197537688088  98
800.2272556026321  122
800.2347574364553  108
800.2422592702786  189
800.2497611041019  144
800.2572629379251  108
800.2647647717484  43
800.2722666055718  122
800.279768439395  90
800.2872702732183  138
800.2947721070416  72
800.3022739408649  81
800.3097757746881  109
800.3172776085114  119
800.3247794423347  110
800.3322812761579  106
800.3397831099812  96
800.3472849438045  102
800.3547867776277  92
800.362288611451  103
800.3697904452744  105
800.3772922790977  108
800.3847941129209  52
800.3922959467442  73
800.3997977805675  82
800.4072996143907  88
800.414801448214  64
800.4223032820373  68
800.4298051158605  51
800.4373069496838  82
800.4448087835071  89
800.4523106173305  129
800.4598124511537  88
800.467314284977  122
800.4748161188003  100
800.4823179526235  105
800.4898197864468  78
800.4973216202701  81
800.5048234540933  62
800.5123252879166  73
800.5198271217399  116
800.5273289555632  98
800.5348307893864  82
800.5423326232097  112
800.5498344570331  85
800.5573362908563  110
800.5648381246796  81
800.5723399585029  107
800.5798417923261  72
800.5873436261494  80
800.5948454599727  91
800.602347293796  122
800.6098491276192  83
800.6173509614425  109
800.6248527952658  53
800.632354629089  96
800.6398564629123  43
800.6473582967357  61
800.6548601305589  96
800.6623619643822  105
800.6698637982055  118
800.6773656320288  4
800.684867465852  65
800.6923692996753  51
800.6998711334986  113
800.7073729673218  72
800.7148748011451  76
800.7223766349684  72
800.7298784687916  21
800.737380302615  85
800.7448821364383  92
800.7523839702616  37
800.7598858040848  97
800.7673876379081  48
800.7748894717314  72
800.7823913055546  35
800.7898931393779  30
800.7973949732012  80
800.8048968070244  67
800.8123986408477  101
800.819900474671  61
800.8274023084944  92
800.8349041423176  62
800.8424059761409  90
800.8499078099642  81
800.8574096437874  51
800.8649114776107  60
800.872413311434  70
800.8799151452572  70
800.8874169790805  99
800.8949188129038  71
800.9024206467271  99
800.9099224805503  87
800.9174243143736  68
800.924926148197  94
800.9324279820202  83
800.9399298158435  10
800.9474316496668  54
800.9549334834901  59
800.9624353173133  92
800.9699371511366  134
800.9774389849599  45
800.9849408187831  2
800.9924426526064  66
800.9999444864297  52
801.0074463202529  28
801.0149481540763  39
801.0224499878996  82
801.0299518217228  36
801.0374536555461  45
801.0449554893694  53
801.0524573231927  130
801.0599591570159  62
801.0674609908392  87
801.0749628246625  52
801.0824646584857  50
801.089966492309  96
801.0974683261323  93
801.1049701599557  72
801.1124719937789  62
801.1199738276022  27
801.1274756614255  58
801.1349774952487  66
801.142479329072  101
801.1499811628953  57
801.1574829967185  60
801.1649848305418  65
801.1724866643651  75
801.1799884981884  69
801.1874903320116  76
801.194992165835  25
801.2024939996583  141
801.2099958334815  9
801.2174976673048  96
801.2249995011281  64
801.2325013349513  75
801.2400031687746  70
801.2475050025979  26
801.2550068364212  42
801.2625086702444  77
801.2700105040677  57
801.277512337891  27
801.2850141717142  44
801.2925160055375  70
801.3000178393609  7
801.3075196731841  49
801.3150215070074  75
801.3225233408307  29
801.330025174654  49
801.3375270084772  73
801.3450288423005  37
801.3525306761238  71
801.360032509947  43
801.3675343437703  78
801.3750361775936  77
801.3825380114168  51
801.3900398452402  60
801.3975416790635  68
801.4050435128868  69
801.41254534671  46
801.4200471805333  53
801.4275490143566  39
801.4350508481798  23
801.4425526820031  60
801.4500545158264  43
801.4575563496496  48
801.4650581834729  48
801.4725600172962  97
801.4800618511196  60
801.4875636849428  55
801.4950655187661  33
801.5025673525894  21
801.5100691864126  45
801.5175710202359  51
801.5250728540592  75
801.5325746878824  20
801.5400765217057  57
801.547578355529  40
801.5550801893523  30
801.5625820231755  29
801.5700838569988  44
801.5775856908222  55
801.5850875246454  33
801.5925893584687  46
801.600091192292  43
801.6075930261152  19
801.6150948599385  16
801.6225966937618  44
801.6300985275851  33
801.6376003614083  26
801.6451021952316  54
801.6526040290549  34
801.6601058628781  42
801.6676076967015  74
801.6751095305248  13
801.682611364348  27
801.6901131981713  22
801.6976150319946  22
801.7051168658179  27
801.7126186996411  52
801.7201205334644  60
801.7276223672877  70
801.7351242011109  51
801.7426260349342  5
801.7501278687575  35
801.7576297025807  80
801.765131536404  61
801.7726333702274  32
801.7801352040507  0
801.7876370378739  91
801.7951388716972  -10
801.8026407055205  42
801.8101425393437  74
801.817644373167  33
801.8251462069903  33
801.8326480408135  50
801.8401498746368  54
801.8476517084601  64
801.8551535422835  10
801.8626553761067  62
801.87015720993  37
801.8776590437533  24
801.8851608775765  6
801.8926627113998  36
801.9001645452231  37
801.9076663790463  24
801.9151682128696  77
801.9226700466929  38
801.9301718805162  51
801.9376737143394  21
801.9451755481628  10
801.9526773819861  28
801.9601792158093  -7
801.9676810496326  42
801.9751828834559  22
801.9826847172791  46
801.9901865511024  42
801.9976883849257  97
802.005190218749  28
802.0126920525722  44
802.0201938863955  17
802.0276957202188  65
802.035197554042  27
802.0426993878654  43
802.0502012216887  51
802.0577030555119  11
802.0652048893352  27
802.0727067231585  14
802.0802085569818  14
802.087710390805  6
802.0952122246283  70
802.1027140584516  20
802.1102158922748  36
802.1177177260981  22
802.1252195599214  -21
802.1327213937446  37
802.140223227568  -6
802.1477250613913  42
802.1552268952146  7
802.1627287290378  61
802.1702305628611  22
802.1777323966844  25
802.1852342305076  42
802.1927360643309  52
802.2002378981542  56
802.2077397319774  49
802.2152415658007  56
802.222743399624  39
802.2302452334474  -2
802.2377470672706  52
802.2452489010939  6
802.2527507349172  -13
802.2602525687404  16
802.2677544025637  36
802.275256236387  59
802.2827580702102  12
802.2902599040335  3
802.2977617378568  60
802.3052635716801  11
802.3127654055033  25
802.3202672393267  19
802.32776907315  65
802.3352709069732  39
802.3427727407965  34
802.3502745746198  58
802.357776408443  33
802.3652782422663  30
802.3727800760896  1
802.3802819099129  33
802.3877837437361  20
802.3952855775594  5
802.4027874113827  25
802.410289245206  17
802.4177910790293  78
802.4252929128526  26
802.4327947466758  42
802.4402965804991  27
802.4477984143224  44
802.4553002481457  29
802.4628020819689  7
802.4703039157922  13
802.4778057496155  32
802.4853075834387  23
802.492809417262  58
802.5003112510853  0
802.5078130849085  17
802.5153149187319  -8
802.5228167525552  19
802.5303185863785  34
802.5378204202017  28
802.545322254025  37
802.5528240878483  -5
802.5603259216715  43
802.5678277554948  42
802.5753295893181  -20
802.5828314231414  28
802.5903332569646  34
802.597835090788  18
802.6053369246113  35
802.6128387584345  14
802.6203405922578  16
802.6278424260811  10
802.6353442599043  3
802.6428460937276  6
802.6503479275509  49
802.6578497613741  22
802.6653515951974  19
802.6728534290207  7
802.680355262844  32
802.6878570966672  22
802.6953589304906  -18
802.7028607643139  19
802.7103625981371  36
802.7178644319604  30
802.7253662657837  1
802.732868099607  39
802.7403699334302  -3
802.7478717672535  39
802.7553736010768  20
802.7628754349  12
802.7703772687233  42
802.7778791025466  29
802.7853809363698  0
802.7928827701932  40
802.8003846040165  38
802.8078864378398  -15
802.815388271663  45
802.8228901054863  22
802.8303919393096  11
802.8378937731328  48
802.8453956069561  25
802.8528974407794  3
802.8603992746026  -5
802.8679011084259  18
802.8754029422493  24
802.8829047760726  11
802.8904066098958  7
802.8979084437191  42
802.9054102775424  2
802.9129121113656  27
802.9204139451889  26
802.9279157790122  30
802.9354176128354  -35
802.9429194466587  48
802.950421280482  35
802.9579231143053  -3
802.9654249481285  37
802.9729267819519  22
802.9804286157752  57
802.9879304495984  33
802.9954322834217  4
803.002934117245  6
803.0104359510682  21
803.0179377848915  35
803.0254396187148  60
803.0329414525381  53
803.0404432863613  14
803.0479451201846  7
803.055446954008  16
803.0629487878311  0
803.0704506216545  -7
803.0779524554778  76
803.085454289301  -8
803.0929561231243  23
803.1004579569476  19
803.1079597907709  13
803.1154616245941  26
803.1229634584174  36
803.1304652922407  25
803.1379671260639  30
803.1454689598872  -13
803.1529707937106  29
803.1604726275337  5
803.1679744613571  6
803.1754762951804  -20
803.1829781290037  -6
803.1904799628269  29
803.1979817966502  22
803.2054836304735  11
803.2129854642967  26
803.22048729812  29
803.2279891319433  -9
803.2354909657665  12
803.2429927995898  3
803.2504946334132  10
803.2579964672365  1
803.2654983010597  36
803.273000134883  6
803.2805019687063  5
803.2880038025295  39
803.2955056363528  20
803.3030074701761  35
803.3105093039993  49
803.3180111378226  -7
803.3255129716459  25
803.3330148054692  -13
803.3405166392924  -5
803.3480184731158  46
803.3555203069391  -27
803.3630221407623  32
803.3705239745856  12
803.3780258084089  20
803.3855276422321  16
803.3930294760554  34
803.4005313098787  -24
803.408033143702  18
803.4155349775252  24
803.4230368113485  38
803.4305386451719  38
803.438040478995  25
803.4455423128184  9
803.4530441466417  4
803.4605459804649  -16
803.4680478142882  1
803.4755496481115  10
803.4830514819348  1
803.490553315758  26
803.4980551495813  37
803.5055569834046  25
803.5130588172278  52
803.5205606510511  22
803.5280624848745  34
803.5355643186977  61
803.543066152521  18
803.5505679863443  17
803.5580698201676  9
803.5655716539908  -3
803.5730734878141  5
803.5805753216374  36
803.5880771554606  1
803.5955789892839  32
803.6030808231072  36
803.6105826569304  12
803.6180844907537  52
803.6255863245771  0
803.6330881584004  23
803.6405899922236  12
803.6480918260469  22
803.6555936598702  19
803.6630954936934  1
803.6705973275167  16
803.67809916134  29
803.6856009951632  18
803.6931028289865  13
803.7006046628098  20
803.7081064966331  27
803.7156083304563  51
803.7231101642797  19
803.730611998103  25
803.7381138319262  26
803.7456156657495  20
803.7531174995728  34
803.760619333396  -4
803.7681211672193  -24
803.7756230010426  8
803.7831248348659  -9
803.7906266686891  20
803.7981285025124  16
803.8056303363358  57
803.813132170159  12
803.8206340039823  29
803.8281358378056  9
803.8356376716288  -29
803.8431395054521  17
803.8506413392754  -10
803.8581431730987  -7
803.8656450069219  52
803.8731468407452  33
803.8806486745685  6
803.8881505083917  43
803.895652342215  -3
803.9031541760384  16
803.9106560098616  19
803.9181578436849  21
803.9256596775082  13
803.9331615113315  45
803.9406633451547  26
803.948165178978  22
803.9556670128013  16
803.9631688466245  28
803.9706706804478  -22
803.9781725142711  5
803.9856743480943  5
803.9931761819176  16
804.000678015741  19
804.0081798495643  20
804.0156816833875  -10
804.0231835172108  34
804.0306853510341  27
804.0381871848573  41
804.0456890186806  20
804.0531908525039  33
804.0606926863271  2
804.0681945201504  28
804.0756963539737  6
804.083198187797  -8
804.0907000216203  2
804.0982018554436  7
804.1057036892669  4
804.1132055230901  46
804.1207073569134  16
804.1282091907367  -3
804.1357110245599  -8
804.1432128583832  8
804.1507146922065  16
804.1582165260298  37
804.165718359853  17
804.1732201936763  42
804.1807220274997  28
804.1882238613229  54
804.1957256951462  -3
804.2032275289695  36
804.2107293627928  18
804.218231196616  12
804.2257330304393  -23
804.2332348642626  -28
804.2407366980858  3
804.2482385319091  11
804.2557403657324  70
804.2632421995556  -7
804.270744033379  14
804.2782458672023  46
804.2857477010255  45
804.2932495348488  -5
804.3007513686721  20
804.3082532024954  14
804.3157550363186  6
804.3232568701419  35
804.3307587039652  0
804.3382605377884  3
804.3457623716117  24
804.353264205435  39
804.3607660392584  4
804.3682678730815  12
804.3757697069049  32
804.3832715407282  19
804.3907733745514  -11
804.3982752083747  33
804.405777042198  24
804.4132788760212  -9
804.4207807098445  8
804.4282825436678  -16
804.4357843774911  -9
804.4432862113143  10
804.4507880451376  7
804.458289878961  32
804.4657917127842  8
804.4732935466075  38
804.4807953804308  -41
804.488297214254  -24
804.4957990480773  37
804.5033008819006  3
804.5108027157239  40
804.5183045495471  -22
804.5258063833704  -4
804.5333082171937  10
804.5408100510169  -5
804.5483118848402  24
804.5558137186636  37
804.5633155524868  -11
804.5708173863101  18
804.5783192201334  30
804.5858210539567  -2
804.5933228877799  43
804.6008247216032  21
804.6083265554265  30
804.6158283892497  27
804.623330223073  8
804.6308320568963  10
804.6383338907195  13
804.6458357245428  6
804.6533375583662  12
804.6608393921895  12
804.6683412260127  9
804.675843059836  -11
804.6833448936593  21
804.6908467274825  -9
804.6983485613058  8
804.7058503951291  -11
804.7133522289523  23
804.7208540627756  7
804.7283558965989  6
804.7358577304223  -16
804.7433595642455  -13
804.7508613980688  35
804.7583632318921  40
804.7658650657153  22
804.7733668995386  55
804.7808687333619  -7
804.7883705671851  16
804.7958724010084  12
804.8033742348317  8
804.810876068655  -13
804.8183779024782  24
804.8258797363015  19
804.8333815701249  -2
804.840883403948  54
804.8483852377714  21
804.8558870715947  5
804.8633889054179  -4
804.8708907392412  5
804.8783925730645  26
804.8858944068878  -8
804.893396240711  12
804.9008980745343  26
804.9083999083576  23
804.9159017421808  19
804.9234035760041  29
804.9309054098275  12
804.9384072436507  -27
804.945909077474  -2
804.9534109112973  -4
804.9609127451206  3
804.9684145789438  -4
804.9759164127671  -20
804.9834182465904  4
804.9909200804136  22
804.9984219142369  2
805.0059237480602  23
805.0134255818834  20
805.0209274157068  22
805.0284292495301  25
805.0359310833534  13
805.0434329171766  27
805.0509347509999  16
805.0584365848232  29
805.0659384186464  -4
805.0734402524697  39
805.080942086293  -6
805.0884439201162  24
805.0959457539395  -4
805.1034475877628  -2
805.1109494215862  18
805.1184512554094  11
805.1259530892327  -37
805.133454923056  34
805.1409567568792  1
805.1484585907025  14
805.1559604245258  30
805.163462258349  17
805.1709640921723  17
805.1784659259956  10
805.1859677598189  12
805.1934695936421  0
805.2009714274654  28
805.2084732612888  21
805.215975095112  -5
805.2234769289353  -10
805.2309787627586  11
