# x-label = Wavelength [nm]
# y-label = Intensity
776.7465157357716  12
776.7540175695949  14
776.7615194034182  1
776.7690212372414  -4
776.7765230710647  25
776.784024904888  4
776.7915267387112  -14
776.7990285725346  24
776.8065304063579  5
776.8140322401811  34
776.8215340740044  12
776.8290359078277  2
776.836537741651  -34
776.8440395754742  8
776.8515414092975  -12
776.8590432431208  18
776.866545076944  9
776.8740469107673  -11
776.8815487445906  17
776.8890505784138  -15
776.8965524122372  2
776.9040542460605  30
776.9115560798838  13
776.919057913707  13
776.9265597475303  3
776.9340615813536  20
776.9415634151768  -14
776.9490652490001  40
776.9565670828234  4
776.9640689166466  -10
776.9715707504699  -2
776.9790725842932  5
776.9865744181166  -5
776.9940762519398  19
777.0015780857631  3
777.0090799195864  17
777.0165817534096  26
777.0240835872329  3
777.0315854210562  -3
777.0390872548794  -14
777.0465890887027  1
777.054090922526  21
777.0615927563493  -8
777.0690945901725  12
777.0765964239959  14
777.0840982578192  -11
777.0916000916424  -3
777.0991019254657  26
777.106603759289  6
777.1141055931122  -11
777.1216074269355  21
777.1291092607588  23
777.1366110945821  -4
777.1441129284053  13
777.1516147622286  2
777.159116596052  -24
777.1666184298751  20
777.1741202636985  18
777.1816220975218  -2
777.189123931345  -4
777.1966257651683  -5
777.2041275989916  36
777.2116294328149  -1
777.2191312666381  7
777.2266331004614  -4
777.2341349342847  -15
777.2416367681079  1
777.2491386019312  27
777.2566404357545  3
777.2641422695777  15
777.2716441034011  3
777.2791459372244  -6
777.2866477710477  27
777.2941496048709  9
777.3016514386942  -11
777.3091532725175  6
777.3166551063407  -1
777.324156940164  -14
777.3316587739873  -15
777.3391606078105  -17
777.3466624416338  8
777.3541642754572  23
777.3616661092805  -8
777.3691679431037  24
777.376669776927  -28
777.3841716107503  -25
777.3916734445735  -23
777.3991752783968  -5
777.4066771122201  -13
777.4141789460433  -12
777.4216807798666  -9
777.4291826136899  -2
777.4366844475132  -25
777.4441862813364  2
777.4516881151598  -4
777.4591899489831  8
777.4666917828063  26
777.4741936166296  -36
777.4816954504529  18
777.4891972842761  4
777.4966991180994  -10
777.5042009519227  3
777.511702785746  14
777.5192046195692  25
777.5267064533925  -9
777.5342082872158  29
777.541710121039  -10
777.5492119548624  30
777.5567137886857  -12
777.5642156225089  11
777.5717174563322  -28
777.5792192901555  23
777.5867211239788  49
777.594222957802  -2
777.6017247916253  -10
777.6092266254486  -17
777.6167284592718  -3
777.6242302930951  12
777.6317321269185  -5
777.6392339607416  28
777.646735794565  -8
777.6542376283883  -3
777.6617394622116  -31
777.6692412960348  3
777.6767431298581  -26
777.6842449636814  20
777.6917467975046  27
777.6992486313279  18
777.7067504651512  -34
777.7142522989745  27
777.7217541327977  -23
777.729255966621  41
777.7367578004444  -20
777.7442596342676  -9
777.7517614680909  8
777.7592633019142  -22
777.7667651357374  -10
777.7742669695607  -4
777.781768803384  -5
777.7892706372072  10
777.7967724710305  28
777.8042743048538  12
777.8117761386771  -17
777.8192779725003  -17
777.8267798063237  33
777.834281640147  -2
777.8417834739702  -39
777.8492853077935  -13
777.8567871416168  26
777.8642889754401  -9
777.8717908092633  -7
777.8792926430866  13
777.8867944769099  17
777.8942963107331  4
777.9017981445564  10
777.9092999783797  -11
777.916801812203  -28
777.9243036460263  9
777.9318054798496  -13
777.9393073136729  -19
777.9468091474961  -15
777.9543109813194  10
777.9618128151427  -13
777.9693146489659  -13
777.9768164827892  3
777.9843183166125  -4
777.9918201504357  11
777.999321984259  -10
778.0068238180824  24
778.0143256519057  1
778.0218274857289  -24
778.0293293195522  -7
778.0368311533755  -34
778.0443329871987  -41
778.051834821022  -14
778.0593366548453  8
778.0668384886685  28
778.0743403224918  3
778.0818421563151  -19
778.0893439901384  10
778.0968458239616  -9
778.104347657785  23
778.1118494916083  -5
778.1193513254315  19
778.1268531592548  -5
778.1343549930781  -7
778.1418568269013  -2
778.1493586607246  -17
778.1568604945479  2
778.1643623283712  4
778.1718641621944  -6
778.1793659960177  23
778.186867829841  4
778.1943696636642  6
778.2018714974876  -13
778.2093733313109  -41
778.2168751651341  4
778.2243769989574  6
778.2318788327807  -5
778.239380666604  -10
778.2468825004272  -11
778.2543843342505  15
778.2618861680738  2
778.269388001897  -6
778.2768898357203  -10
778.2843916695437  3
778.2918935033669  17
778.2993953371902  -10
778.3068971710135  -21
778.3143990048368  19
778.32190083866  -45
778.3294026724833  1
778.3369045063066  2
778.3444063401298  39
778.3519081739531  2
778.3594100077764  13
778.3669118415996  -19
778.3744136754229  -15
778.3819155092463  26
778.3894173430696  25
778.3969191768928  12
778.4044210107161  20
778.4119228445394  -14
778.4194246783626  25
778.4269265121859  -9
778.4344283460092  -9
778.4419301798324  -9
778.4494320136557  -6
778.456933847479  -8
778.4644356813023  -8
778.4719375151255  -3
778.4794393489489  2
778.4869411827722  -27
778.4944430165954  4
778.5019448504187  -15
778.509446684242  9
778.5169485180652  -8
778.5244503518885  8
778.5319521857118  2
778.5394540195351  -1
778.5469558533583  30
778.5544576871816  -13
778.561959521005  -5
778.5694613548281  -14
778.5769631886515  -23
778.5844650224748  38
778.591966856298  -3
778.5994686901213  29
778.6069705239446  7
778.6144723577679  5
778.6219741915911  26
778.6294760254144  -17
778.6369778592377  -20
778.6444796930609  34
778.6519815268842  15
778.6594833607076  27
778.6669851945308  -12
778.6744870283541  1
778.6819888621774  2
778.6894906960007  -6
778.6969925298239  -19
778.7044943636472  -2
778.7119961974705  20
778.7194980312937  -28
778.726999865117  -14
778.7345016989403  29
778.7420035327635  -24
778.7495053665868  2
778.7570072004102  -19
778.7645090342335  -4
778.7720108680567  -9
778.77951270188  23
778.7870145357033  -1
778.7945163695265  11
778.8020182033498  11
778.8095200371731  35
778.8170218709963  4
778.8245237048196  -7
778.8320255386429  -2
778.8395273724663  6
778.8470292062894  33
778.8545310401128  14
778.8620328739361  6
778.8695347077593  21
778.8770365415826  11
778.8845383754059  -14
778.8920402092291  -3
778.8995420430524  9
778.9070438768757  8
778.914545710699  4
778.9220475445222  6
778.9295493783455  -13
778.9370512121689  -7
778.944553045992  5
778.9520548798154  -24
778.9595567136387  24
778.9670585474619  35
778.9745603812852  1
778.9820622151085  -1
778.9895640489318  -21
778.997065882755  -3
779.0045677165783  26
779.0120695504016  9
779.0195713842248  1
779.0270732180481  -15
779.0345750518715  14
779.0420768856947  52
779.049578719518  -3
779.0570805533413  7
779.0645823871646  14
779.0720842209878  -4
779.0795860548111  -3
779.0870878886344  -6
779.0945897224576  4
779.1020915562809  13
779.1095933901042  -3
779.1170952239274  -26
779.1245970577507  29
779.1320988915741  17
779.1396007253974  -17
779.1471025592206  23
779.1546043930439  10
779.1621062268672  -3
779.1696080606904  10
779.1771098945137  1
779.184611728337  28
779.1921135621602  -28
779.1996153959835  33
779.2071172298068  7
779.2146190636302  24
779.2221208974534  15
779.2296227312767  25
779.2371245651  -1
779.2446263989232  11
779.2521282327465  18
779.2596300665698  14
779.267131900393  -8
779.2746337342163  26
779.2821355680396  2
779.2896374018629  30
779.2971392356861  -3
779.3046410695094  29
779.3121429033328  -38
779.319644737156  -19
779.3271465709793  -36
779.3346484048026  14
779.3421502386259  20
779.3496520724491  8
779.3571539062724  -13
779.3646557400957  46
779.3721575739189  -7
779.3796594077422  -6
779.3871612415655  -31
779.3946630753887  -9
779.402164909212  -34
779.4096667430354  9
779.4171685768586  -24
779.4246704106819  6
779.4321722445052  -41
779.4396740783285  -14
779.4471759121517  -4
779.454677745975  29
779.4621795797983  1
779.4696814136215  -6
779.4771832474448  11
779.4846850812681  38
779.4921869150915  -34
779.4996887489147  -13
779.507190582738  -24
779.5146924165613  -18
779.5221942503845  5
779.5296960842078  -18
779.5371979180311  21
779.5446997518543  15
779.5522015856776  -9
779.5597034195009  -13
779.5672052533242  -11
779.5747070871474  31
779.5822089209707  33
779.589710754794  6
779.5972125886173  -11
779.6047144224406  28
779.6122162562639  -15
779.6197180900871  -6
779.6272199239104  -9
779.6347217577337  -31
779.642223591557  -7
779.6497254253802  33
779.6572272592035  -1
779.6647290930268  31
779.67223092685  -38
779.6797327606733  -3
779.6872345944967  -42
779.6947364283199  23
779.7022382621432  -10
779.7097400959665  22
779.7172419297898  -20
779.724743763613  -13
779.7322455974363  -6
779.7397474312596  3
779.7472492650828  -14
779.7547510989061  -21
779.7622529327294  7
779.7697547665526  -14
779.777256600376  -29
779.7847584341993  5
779.7922602680226  -3
779.7997621018458  30
779.8072639356691  -15
779.8147657694924  -3
779.8222676033156  -24
779.8297694371389  1
779.8372712709622  17
779.8447731047854  20
779.8522749386087  -34
779.859776772432  37
779.8672786062554  13
779.8747804400786  20
779.8822822739019  -3
779.8897841077252  25
779.8972859415484  5
779.9047877753717  14
779.912289609195  14
779.9197914430182  -7
779.9272932768415  -1
779.9347951106648  22
779.9422969444881  1
779.9497987783113  6
779.9573006121346  -6
779.964802445958  36
779.9723042797812  -15
779.9798061136045  -22
779.9873079474278  15
779.994809781251  49
780.0023116150743  17
780.0098134488976  14
780.0173152827209  18
780.0248171165441  21
780.0323189503674  -2
780.0398207841907  2
780.0473226180139  27
780.0548244518372  12
780.0623262856606  4
780.0698281194838  -4
780.0773299533071  -49
780.0848317871304  31
780.0923336209537  -5
780.0998354547769  -9
780.1073372886002  -2
780.1148391224235  20
780.1223409562467  -4
780.12984279007  14
780.1373446238933  -19
780.1448464577165  9
780.1523482915399  3
780.1598501253632  12
780.1673519591865  -35
780.1748537930097  4
780.182355626833  23
780.1898574606563  23
780.1973592944795  17
780.2048611283028  39
780.2123629621261  -2
780.2198647959493  9
780.2273666297726  -8
780.234868463596  -3
780.2423702974193  -13
780.2498721312425  -13
780.2573739650658  12
780.2648757988891  -17
780.2723776327123  1
780.2798794665356  -2
780.2873813003589  -52
780.2948831341821  6
780.3023849680054  -7
780.3098868018287  27
780.317388635652  8
780.3248904694752  4
780.3323923032985  6
780.3398941371219  -5
780.3473959709451  -2
780.3548978047684  31
780.3623996385917  14
780.3699014724149  20
780.3774033062382  2
780.3849051400615  56
780.3924069738848  -23
780.399908807708  23
780.4074106415313  33
780.4149124753546  -2
780.4224143091778  -37
780.4299161430012  12
780.4374179768245  2
780.4449198106477  37
780.452421644471  -8
780.4599234782943  10
780.4674253121176  -8
780.4749271459408  -5
780.4824289797641  -43
780.4899308135874  28
780.4974326474106  22
780.5049344812339  35
780.5124363150572  -7
780.5199381488804  23
780.5274399827038  9
780.5349418165271  11
780.5424436503504  -17
780.5499454841736  35
780.5574473179969  -26
780.5649491518202  -8
780.5724509856434  1
780.5799528194667  18
780.58745465329  -10
780.5949564871132  4
780.6024583209365  -21
780.6099601547598  -1
780.6174619885832  11
780.6249638224064  20
780.6324656562297  -6
780.639967490053  7
780.6474693238762  -6
780.6549711576995  -1
780.6624729915228  -14
780.669974825346  5
780.6774766591693  1
780.6849784929926  27
780.6924803268159  -7
780.6999821606391  28
780.7074839944625  29
780.7149858282858  15
780.722487662109  -7
780.7299894959323  18
780.7374913297556  11
780.7449931635788  12
780.7524949974021  -12
780.7599968312254  10
780.7674986650487  -9
780.7750004988719  -4
780.7825023326952  3
780.7900041665185  -11
780.7975060003417  6
780.805007834165  13
780.8125096679884  -12
780.8200115018116  -1
780.8275133356349  -9
780.8350151694582  9
780.8425170032815  18
780.8500188371047  26
780.857520670928  -11
780.8650225047513  25
780.8725243385745  2
780.8800261723978  -7
780.8875280062211  12
780.8950298400443  40
780.9025316738677  11
780.910033507691  -12
780.9175353415143  17
780.9250371753375  2
780.9325390091608  -20
780.9400408429841  21
780.9475426768073  19
780.9550445106306  -3
780.9625463444539  -22
780.9700481782772  12
780.9775500121004  -26
780.9850518459237  -10
780.9925536797471  11
781.0000555135703  -11
781.0075573473936  4
781.0150591812169  -23
781.0225610150401  43
781.0300628488634  -7
781.0375646826867  -3
781.0450665165099  -12
781.0525683503332  -10
781.0600701841565  5
781.0675720179798  -4
781.075073851803  -2
781.0825756856264  -3
781.0900775194497  41
781.0975793532729  -9
781.1050811870962  -1
781.1125830209195  6
781.1200848547428  29
781.127586688566  -26
781.1350885223893  14
781.1425903562126  -20
781.1500921900358  39
781.1575940238591  -11
781.1650958576824  6
781.1725976915056  -29
781.180099525329  -3
781.1876013591523  -4
781.1951031929756  -6
781.2026050267988  -4
781.2101068606221  -5
781.2176086944454  -15
781.2251105282686  38
781.2326123620919  18
781.2401141959152  -12
781.2476160297384  18
781.2551178635617  -6
781.262619697385  26
781.2701215312084  14
781.2776233650316  12
781.2851251988549  37
781.2926270326782  13
781.3001288665014  -25
781.3076307003247  -4
781.315132534148  14
781.3226343679712  -3
781.3301362017945  14
781.3376380356178  -11
781.3451398694411  33
781.3526417032643  5
781.3601435370877  20
781.367645370911  10
781.3751472047342  22
781.3826490385575  1
781.3901508723808  2
781.397652706204  -8
781.4051545400273  26
781.4126563738506  13
781.4201582076739  2
781.4276600414971  -6
781.4351618753204  4
781.4426637091437  34
781.4501655429669  -3
781.4576673767903  -8
781.4651692106136  7
781.4726710444368  23
781.4801728782601  19
781.4876747120834  7
781.4951765459067  12
781.5026783797299  -12
781.5101802135532  17
781.5176820473765  7
781.5251838811997  -6
781.532685715023  21
781.5401875488463  36
781.5476893826695  26
781.5551912164929  17
781.5626930503162  -15
781.5701948841395  2
781.5776967179627  19
781.585198551786  28
781.5927003856093  15
781.6002022194325  3
781.6077040532558  4
781.6152058870791  22
781.6227077209023  30
781.6302095547256  22
781.637711388549  -10
781.6452132223723  -7
781.6527150561955  8
781.6602168900188  27
781.6677187238421  -10
781.6752205576653  -12
781.6827223914886  -1
781.6902242253119  -4
781.6977260591351  -1
781.7052278929584  1
781.7127297267817  19
781.720231560605  24
781.7277333944282  2
781.7352352282516  -8
781.7427370620749  -10
781.7502388958981  3
781.7577407297214  15
781.7652425635447  12
781.7727443973679  11
781.7802462311912  12
781.7877480650145  -21
781.7952498988378  9
781.802751732661  -12
781.8102535664843  -5
781.8177554003076  1
781.8252572341308  24
781.8327590679542  -5
781.8402609017775  21
781.8477627356007  13
781.855264569424  47
781.8627664032473  17
781.8702682370706  -1
781.8777700708938  -19
781.8852719047171  11
781.8927737385404  -9
781.9002755723636  7
781.9077774061869  8
781.9152792400102  12
781.9227810738334  -52
781.9302829076568  12
781.9377847414801  12
781.9452865753034  -22
781.9527884091266  3
781.9602902429499  33
781.9677920767732  -13
781.9752939105964  42
781.9827957444197  24
781.990297578243  44
781.9977994120662  17
782.0053012458895  24
782.0128030797129  21
782.0203049135362  34
782.0278067473594  28
782.0353085811827  2
782.042810415006  -3
782.0503122488292  6
782.0578140826525  -8
782.0653159164758  27
782.072817750299  4
782.0803195841223  43
782.0878214179456  10
782.095323251769  -8
782.1028250855921  -10
782.1103269194155  18
782.1178287532388  22
782.125330587062  52
782.1328324208853  24
782.1403342547086  30
782.1478360885318  -4
782.1553379223551  22
782.1628397561784  -10
782.1703415900017  -14
782.1778434238249  12
782.1853452576482  9
782.1928470914715  14
782.2003489252947  21
782.2078507591181  -19
782.2153525929414  44
782.2228544267646  -15
782.2303562605879  41
782.2378580944112  18
782.2453599282345  7
782.2528617620577  -3
782.260363595881  5
782.2678654297043  15
782.2753672635275  41
782.2828690973508  -13
782.2903709311742  -2
782.2978727649974  6
782.3053745988207  -30
782.312876432644  3
782.3203782664673  35
782.3278801002905  8
782.3353819341138  13
782.3428837679371  4
782.3503856017603  22
782.3578874355836  2
782.3653892694069  19
782.3728911032301  36
782.3803929370534  -8
782.3878947708768  9
782.3953966047001  9
782.4028984385233  -12
782.4104002723466  9
782.4179021061699  -2
782.4254039399931  24
782.4329057738164  -19
782.4404076076397  10
782.4479094414629  23
782.4554112752862  -46
782.4629131091095  3
782.4704149429328  24
782.477916776756  -14
782.4854186105794  -3
782.4929204444027  -29
782.5004222782259  36
782.5079241120492  -11
782.5154259458725  14
782.5229277796957  -5
782.530429613519  35
782.5379314473423  -22
782.5454332811656  -8
782.5529351149888  -21
782.5604369488121  12
782.5679387826355  -5
782.5754406164586  12
782.582942450282  -5
782.5904442841053  -4
782.5979461179286  -20
782.6054479517518  1
782.6129497855751  -6
782.6204516193984  24
782.6279534532216  -15
782.6354552870449  -42
782.6429571208682  23
782.6504589546914  4
782.6579607885147  -31
782.665462622338  18
782.6729644561613  -2
782.6804662899846  26
782.6879681238079  29
782.6954699576312  -23
782.7029717914544  13
782.7104736252777  21
782.717975459101  20
782.7254772929242  14
782.7329791267475  9
782.7404809605708  9
782.7479827943941  13
782.7554846282173  -8
782.7629864620407  36
782.770488295864  -6
782.7779901296872  31
782.7854919635105  34
782.7929937973338  -15
782.800495631157  -1
782.8079974649803  7
782.8154992988036  18
782.8230011326268  7
782.8305029664501  5
782.8380048002734  -12
782.8455066340968  7
782.85300846792  -28
782.8605103017433  -2
782.8680121355666  -37
782.8755139693898  -4
782.8830158032131  -22
782.8905176370364  1
782.8980194708597  20
782.9055213046829  5
782.9130231385062  36
782.9205249723295  28
782.9280268061527  -11
782.935528639976  25
782.9430304737994  -5
782.9505323076226  37
782.9580341414459  15
782.9655359752692  20
782.9730378090925  -4
782.9805396429157  20
782.988041476739  10
782.9955433105623  -1
783.0030451443855  23
783.0105469782088  20
783.0180488120321  -26
783.0255506458553  -26
783.0330524796786  -18
783.040554313502  23
783.0480561473253  -4
783.0555579811485  10
783.0630598149718  24
783.0705616487951  43
783.0780634826183  9
783.0855653164416  20
783.0930671502649  -6
783.1005689840881  11
783.1080708179114  -10
783.1155726517347  -30
783.123074485558  -5
783.1305763193812  10
783.1380781532046  24
783.1455799870279  31
783.1530818208511  23
783.1605836546744  1
783.1680854884977  1
783.1755873223209  12
783.1830891561442  -10
783.1905909899675  -3
783.1980928237908  -3
783.205594657614  25
783.2130964914373  14
783.2205983252607  70
783.2281001590839  -9
783.2356019929072  8
783.2431038267305  15
783.2506056605537  -7
783.258107494377  45
783.2656093282003  18
783.2731111620236  3
783.2806129958468  4
783.2881148296701  -8
783.2956166634934  4
783.3031184973166  1
783.31062033114  -17
783.3181221649633  -4
783.3256239987865  -5
783.3331258326098  6
783.3406276664331  12
783.3481295002564  2
783.3556313340796  14
783.3631331679029  -9
783.3706350017262  38
783.3781368355494  -38
783.3856386693727  17
783.393140503196  15
783.4006423370192  -21
783.4081441708425  -22
783.4156460046659  5
783.4231478384892  -18
783.4306496723124  5
783.4381515061357  7
783.445653339959  59
783.4531551737822  7
783.4606570076055  23
783.4681588414288  14
783.475660675252  14
783.4831625090753  -3
783.4906643428986  10
783.498166176722  25
783.5056680105452  12
783.5131698443685  6
783.5206716781918  -3
783.528173512015  51
783.5356753458383  22
783.5431771796616  10
783.5506790134848  -12
783.5581808473081  14
783.5656826811314  1
783.5731845149547  -19
783.5806863487779  -7
783.5881881826012  -29
783.5956900164246  14
783.6031918502478  -18
783.6106936840711  38
783.6181955178944  30
783.6256973517176  29
783.6331991855409  -9
783.6407010193642  -12
783.6482028531875  9
783.6557046870107  -23
783.663206520834  31
783.6707083546573  37
783.6782101884805  -3
783.6857120223038  30
783.6932138561272  1
783.7007156899504  33
783.7082175237737  -21
783.715719357597  17
783.7232211914203  -11
783.7307230252435  -13
783.7382248590668  -20
783.7457266928901  4
783.7532285267133  -31
783.7607303605366  -12
783.7682321943599  18
783.7757340281831  4
783.7832358620064  6
783.7907376958298  -12
783.7982395296531  26
783.8057413634763  52
783.8132431972996  -8
783.8207450311229  7
783.8282468649461  -19
783.8357486987694  5
783.8432505325927  -14
783.8507523664159  12
783.8582542002392  10
783.8657560340625  30
783.8732578678859  5
783.880759701709  2
783.8882615355324  -22
783.8957633693557  -6
783.9032652031789  23
783.9107670370022  25
783.9182688708255  5
783.9257707046487  -2
783.933272538472  15
783.9407743722953  -1
783.9482762061186  18
783.9557780399418  -20
783.9632798737651  -13
783.9707817075885  -1
783.9782835414117  -33
783.985785375235  -6
783.9932872090583  10
784.0007890428815  44
784.0082908767048  11
784.0157927105281  7
784.0232945443514  29
784.0307963781746  31
784.0382982119979  -12
784.0458000458212  27
784.0533018796444  55
784.0608037134677  31
784.0683055472911  11
784.0758073811143  9
784.0833092149376  6
784.0908110487609  17
784.0983128825842  -14
784.1058147164074  11
784.1133165502307  -2
784.120818384054  2
784.1283202178772  -24
784.1358220517005  30
784.1433238855238  -4
784.150825719347  -2
784.1583275531704  -21
784.1658293869937  14
784.173331220817  -5
784.1808330546402  -5
784.1883348884635  10
784.1958367222868  8
784.20333855611  49
784.2108403899333  45
784.2183422237566  23
784.2258440575798  19
784.2333458914031  17
784.2408477252264  23
784.2483495590498  24
784.255851392873  28
784.2633532266963  2
784.2708550605196  31
784.2783568943428  10
784.2858587281661  10
784.2933605619894  15
784.3008623958126  9
784.3083642296359  -26
784.3158660634592  2
784.3233678972825  17
784.3308697311057  -9
784.338371564929  28
784.3458733987524  -1
784.3533752325756  10
784.3608770663989  -1
784.3683789002222  5
784.3758807340455  23
784.3833825678687  8
784.390884401692  3
784.3983862355153  -4
784.4058880693385  14
784.4133899031618  -7
784.4208917369851  46
784.4283935708083  17
784.4358954046317  11
784.443397238455  23
784.4508990722783  4
784.4584009061015  27
784.4659027399248  31
784.4734045737481  15
784.4809064075713  3
784.4884082413946  13
784.4959100752179  17
784.5034119090411  13
784.5109137428644  -24
784.5184155766877  13
784.525917410511  34
784.5334192443343  -2
784.5409210781576  43
784.5484229119809  22
784.5559247458041  -21
784.5634265796274  6
784.5709284134507  -2
784.5784302472739  3
784.5859320810972  22
784.5934339149205  27
784.6009357487438  -14
784.608437582567  -6
784.6159394163903  14
784.6234412502137  -8
784.6309430840369  -9
784.6384449178602  34
784.6459467516835  39
784.6534485855067  35
784.66095041933  29
784.6684522531533  -10
784.6759540869766  35
784.6834559207998  24
784.6909577546231  5
784.6984595884464  18
784.7059614222696  57
784.713463256093  4
784.7209650899163  -12
784.7284669237395  17
784.7359687575628  1
784.7434705913861  25
784.7509724252094  39
784.7584742590326  29
784.7659760928559  59
784.7734779266792  -22
784.7809797605024  20
784.7884815943257  18
784.795983428149  60
784.8034852619722  37
784.8109870957956  26
784.8184889296189  26
784.8259907634422  35
784.8334925972654  -18
784.8409944310887  40
784.848496264912  -1
784.8559980987352  13
784.8634999325585  -25
784.8710017663818  45
784.878503600205  15
784.8860054340283  -1
784.8935072678516  -3
784.901009101675  25
784.9085109354982  -13
784.9160127693215  46
784.9235146031448  -12
784.931016436968  28
784.9385182707913  33
784.9460201046146  -2
784.9535219384378  11
784.9610237722611  23
784.9685256060844  45
784.9760274399077  31
784.9835292737309  19
784.9910311075542  71
784.9985329413776  11
785.0060347752008  11
785.0135366090241  -8
785.0210384428474  24
785.0285402766706  -11
785.0360421104939  34
785.0435439443172  10
785.0510457781405  -23
785.0585476119637  -7
785.066049445787  21
785.0735512796103  3
785.0810531134335  38
785.0885549472569  15
785.0960567810802  18
785.1035586149034  17
785.1110604487267  34
785.11856228255  6
785.1260641163733  26
785.1335659501965  34
785.1410677840198  17
785.1485696178431  17
785.1560714516663  8
785.1635732854896  -8
785.171075119313  21
785.1785769531361  17
785.1860787869595  67
785.1935806207828  17
785.2010824546061  53
785.2085842884293  -2
785.2160861222526  17
785.2235879560759  14
785.2310897898991  25
785.2385916237224  6
785.2460934575457  -9
785.2535952913689  1
785.2610971251922  23
785.2685989590155  -26
785.2761007928389  23
785.2836026266621  7
785.2911044604854  -4
785.2986062943087  8
785.3061081281319  -4
785.3136099619552  46
785.3211117957785  30
785.3286136296017  3
785.336115463425  29
785.3436172972483  37
785.3511191310716  43
785.3586209648948  21
785.3661227987182  -22
785.3736246325415  -4
785.3811264663647  43
785.388628300188  15
785.3961301340113  37
785.4036319678345  31
785.4111338016578  44
785.4186356354811  31
785.4261374693044  24
785.4336393031276  -14
785.4411411369509  17
785.4486429707742  -8
785.4561448045974  89
785.4636466384208  -3
785.4711484722441  17
785.4786503060673  -17
785.4861521398906  25
785.4936539737139  15
785.5011558075372  41
785.5086576413604  56
785.5161594751837  31
785.523661309007  -9
785.5311631428302  68
785.5386649766535  47
785.5461668104768  8
785.5536686443  38
785.5611704781234  36
785.5686723119467  30
785.57617414577  22
785.5836759795932  30
785.5911778134165  49
785.5986796472398  4
785.606181481063  19
785.6136833148863  -3
785.6211851487096  45
785.6286869825328  47
785.6361888163561  59
785.6436906501795  51
785.6511924840028  43
785.658694317826  25
785.6661961516493  12
785.6736979854726  61
785.6811998192958  22
785.6887016531191  14
785.6962034869424  61
785.7037053207656  33
785.7112071545889  31
785.7187089884122  22
785.7262108222355  59
785.7337126560587  6
785.741214489882  36
785.7487163237054  3
785.7562181575286  69
785.7637199913519  9
785.7712218251752  67
785.7787236589984  18
785.7862254928217  47
785.793727326645  14
785.8012291604683  7
785.8087309942915  18
785.8162328281148  45
785.8237346619381  10
785.8312364957613  62
785.8387383295847  34
785.846240163408  10
785.8537419972312  -13
785.8612438310545  37
785.8687456648778  11
785.8762474987011  39
785.8837493325243  41
785.8912511663476  14
785.8987530001709  12
785.9062548339941  49
785.9137566678174  39
785.9212585016408  34
785.928760335464  54
785.9362621692873  18
785.9437640031106  -2
785.9512658369339  17
785.9587676707571  17
785.9662695045804  10
785.9737713384037  18
785.9812731722269  43
785.9887750060502  22
785.9962768398735  13
786.0037786736968  -5
786.01128050752  55
786.0187823413434  3
786.0262841751667  27
786.0337860089899  37
786.0412878428132  62
786.0487896766365  29
786.0562915104597  78
786.063793344283  50
786.0712951781063  40
786.0787970119295  61
786.0862988457528  22
786.0938006795761  56
786.1013025133994  43
786.1088043472226  17
786.116306181046  36
786.1238080148693  46
786.1313098486925  20
786.1388116825158  14
786.1463135163391  31
786.1538153501624  35
786.1613171839856  58
786.1688190178089  13
786.1763208516322  24
786.1838226854554  44
786.1913245192787  61
786.198826353102  31
786.2063281869252  40
786.2138300207486  29
786.2213318545719  40
786.2288336883952  35
786.2363355222184  60
786.2438373560417  41
786.251339189865  34
786.2588410236882  30
786.2663428575115  24
786.2738446913348  40
786.281346525158  28
786.2888483589813  56
786.2963501928047  95
786.303852026628  3
786.3113538604512  30
786.3188556942745  23
786.3263575280978  7
786.333859361921  24
786.3413611957443  15
786.3488630295676  20
786.3563648633908  54
786.3638666972141  31
786.3713685310374  88
786.3788703648607  23
786.386372198684  73
786.3938740325073  62
786.4013758663306  65
786.4088777001538  42
786.4163795339771  66
786.4238813678004  17
786.4313832016236  105
786.4388850354469  33
786.4463868692702  49
786.4538887030935  40
786.4613905369167  37
786.46889237074  28
786.4763942045633  44
786.4838960383865  90
786.4913978722099  36
786.4988997060332  49
786.5064015398564  67
786.5139033736797  33
786.521405207503  55
786.5289070413263  19
786.5364088751495  70
786.5439107089728  17
786.5514125427961  40
786.5589143766193  44
786.5664162104426  74
786.573918044266  42
786.5814198780892  33
786.5889217119125  1
786.5964235457358  37
786.6039253795591  46
786.6114272133823  38
786.6189290472056  31
786.6264308810289  104
786.6339327148521  53
786.6414345486754  82
786.6489363824987  37
786.6564382163219  59
786.6639400501452  13
786.6714418839686  77
786.6789437177919  50
786.6864455516151  44
786.6939473854384  54
786.7014492192617  99
786.7089510530849  38
786.7164528869082  36
786.7239547207315  68
786.7314565545547  54
786.738958388378  83
786.7464602222013  35
786.7539620560246  56
786.7614638898478  60
786.7689657236712  45
786.7764675574945  43
786.7839693913177  61
786.791471225141  36
786.7989730589643  39
786.8064748927875  110
786.8139767266108  14
786.8214785604341  66
786.8289803942574  40
786.8364822280806  84
786.8439840619039  59
786.8514858957273  57
786.8589877295504  51
786.8664895633738  70
786.8739913971971  40
786.8814932310203  90
786.8889950648436  58
786.8964968986669  35
786.9039987324902  71
786.9115005663134  74
786.9190024001367  90
786.92650423396  56
786.9340060677832  76
786.9415079016065  83
786.9490097354299  91
786.956511569253  72
786.9640134030764  29
786.9715152368997  50
786.979017070723  19
786.9865189045462  84
786.9940207383695  28
787.0015225721928  31
787.009024406016  58
787.0165262398393  36
787.0240280736626  69
787.0315299074858  53
787.0390317413091  58
787.0465335751325  50
787.0540354089558  23
787.061537242779  71
787.0690390766023  68
787.0765409104256  122
787.0840427442488  15
787.0915445780721  60
787.0990464118954  54
787.1065482457186  108
787.1140500795419  47
787.1215519133652  28
787.1290537471886  56
787.1365555810117  104
787.1440574148351  87
787.1515592486584  72
787.1590610824816  95
787.1665629163049  49
787.1740647501282  51
787.1815665839514  72
787.1890684177747  63
787.196570251598  79
787.2040720854213  91
787.2115739192445  31
787.2190757530678  75
787.2265775868912  71
787.2340794207144  72
787.2415812545377  72
787.249083088361  86
787.2565849221842  61
787.2640867560075  45
787.2715885898308  84
787.2790904236541  62
787.2865922574773  56
787.2940940913006  58
787.3015959251239  45
787.3090977589471  50
787.3165995927704  62
787.3241014265938  40
787.331603260417  106
787.3391050942403  82
787.3466069280636  68
787.3541087618869  11
787.3616105957101  37
787.3691124295334  68
787.3766142633567  107
787.3841160971799  90
787.3916179310032  77
787.3991197648265  54
787.4066215986497  45
787.414123432473  49
787.4216252662964  51
787.4291271001197  95
787.4366289339429  19
787.4441307677662  76
787.4516326015895  60
787.4591344354127  44
787.466636269236  92
787.4741381030593  101
787.4816399368825  76
787.4891417707058  92
787.4966436045291  60
787.5041454383525  51
787.5116472721757  71
787.519149105999  77
787.5266509398223  97
787.5341527736455  82
787.5416546074688  72
787.5491564412921  97
787.5566582751153  36
787.5641601089386  63
787.5716619427619  70
787.5791637765852  33
787.5866656104084  58
787.5941674442317  18
787.601669278055  83
787.6091711118783  62
787.6166729457016  66
787.6241747795249  103
787.6316766133481  98
787.6391784471714  78
787.6466802809947  71
787.654182114818  101
787.6616839486412  45
787.6691857824645  98
787.6766876162878  63
787.684189450111  76
787.6916912839343  66
787.6991931177577  28
787.7066949515809  77
787.7141967854042  90
787.7216986192275  23
787.7292004530508  92
787.736702286874  79
787.7442041206973  67
787.7517059545206  106
787.7592077883438  73
787.7667096221671  86
787.7742114559904  75
787.7817132898138  79
787.789215123637  77
787.7967169574603  120
787.8042187912836  35
787.8117206251068  91
787.8192224589301  47
787.8267242927534  73
787.8342261265766  94
787.8417279603999  100
787.8492297942232  59
787.8567316280465  59
787.8642334618697  74
787.871735295693  103
787.8792371295164  41
787.8867389633396  79
787.8942407971629  90
787.9017426309862  111
787.9092444648094  82
787.9167462986327  126
787.924248132456  57
787.9317499662793  77
787.9392518001025  84
787.9467536339258  88
787.9542554677491  74
787.9617573015723  114
787.9692591353956  130
787.976760969219  103
787.9842628030422  91
787.9917646368655  71
787.9992664706888  107
788.0067683045121  123
788.0142701383353  106
788.0217719721586  63
788.0292738059819  94
788.0367756398051  88
788.0442774736284  88
788.0517793074517  97
788.0592811412749  105
788.0667829750982  100
788.0742848089216  75
788.0817866427449  95
788.0892884765681  97
788.0967903103914  152
788.1042921442147  61
788.1117939780379  70
788.1192958118612  92
788.1267976456845  132
788.1342994795077  54
788.141801313331  95
788.1493031471543  111
788.1568049809777  135
788.1643068148009  88
788.1718086486242  41
788.1793104824475  84
788.1868123162707  82
788.194314150094  81
788.2018159839173  99
788.2093178177405  67
788.2168196515638  143
788.2243214853871  89
788.2318233192104  98
788.2393251530336  73
788.246826986857  60
788.2543288206803  79
788.2618306545035  122
788.2693324883268  88
788.2768343221501  21
788.2843361559733  79
788.2918379897966  102
788.2993398236199  113
788.3068416574432  166
788.3143434912664  52
788.3218453250897  44
788.329347158913  69
788.3368489927362  73
788.3443508265595  100
788.3518526603829  93
788.3593544942061  59
788.3668563280294  102
788.3743581618527  66
788.381859995676  110
788.3893618294992  75
788.3968636633225  105
788.4043654971458  74
788.411867330969  98
788.4193691647923  137
788.4268709986156  85
788.4343728324388  59
788.4418746662622  101
788.4493765000855  93
788.4568783339088  98
788.464380167732  63
788.4718820015553  71
788.4793838353786  59
788.4868856692018  122
788.4943875030251  93
788.5018893368484  99
788.5093911706716  99
788.5168930044949  116
788.5243948383182  82
788.5318966721416  91
788.5393985059648  78
788.5469003397881  53
788.5544021736114  60
788.5619040074346  103
788.5694058412579  60
788.5769076750812  76
788.5844095089044  110
788.5919113427277  103
788.599413176551  69
788.6069150103743  114
788.6144168441975  94
788.6219186780208  88
788.6294205118442  163
788.6369223456674  98
788.6444241794907  66
788.651926013314  72
788.6594278471372  60
788.6669296809605  104
788.6744315147838  90
788.6819333486071  88
788.6894351824303  84
788.6969370162536  65
788.7044388500769  113
788.7119406839001  114
788.7194425177235  82
788.7269443515468  103
788.73444618537  99
788.7419480191933  97
788.7494498530166  67
788.7569516868399  97
788.7644535206631  83
788.7719553544864  67
788.7794571883097  111
788.7869590221329  113
788.7944608559562  101
788.8019626897795  123
788.8094645236027  79
788.816966357426  97
788.8244681912494  71
788.8319700250727  100
788.8394718588959  93
788.8469736927192  89
788.8544755265425  41
788.8619773603657  67
788.869479194189  124
788.8769810280123  69
788.8844828618355  114
788.8919846956588  77
788.8994865294821  88
788.9069883633055  67
788.9144901971287  98
788.921992030952  110
788.9294938647753  76
788.9369956985985  104
788.9444975324218  67
788.9519993662451  47
788.9595012000683  107
788.9670030338916  98
788.9745048677149  33
788.9820067015382  44
788.9895085353614  79
788.9970103691847  88
789.0045122030081  99
789.0120140368313  79
789.0195158706546  68
789.0270177044779  150
789.0345195383011  102
789.0420213721244  76
789.0495232059477  63
789.057025039771  90
789.0645268735942  119
789.0720287074175  141
789.0795305412408  52
789.087032375064  121
789.0945342088874  47
789.1020360427107  162
789.1095378765339  103
789.1170397103572  147
789.1245415441805  76
789.1320433780038  99
789.139545211827  90
789.1470470456503  104
789.1545488794736  84
789.1620507132968  92
789.1695525471201  65
789.1770543809434  105
789.1845562147666  94
789.19205804859  91
789.1995598824133  74
789.2070617162366  88
789.2145635500598  94
789.2220653838831  136
789.2295672177064  93
789.2370690515296  65
789.2445708853529  78
789.2520727191762  118
789.2595745529994  133
789.2670763868227  119
789.274578220646  77
789.2820800544694  111
789.2895818882926  54
789.2970837221159  114
789.3045855559392  117
789.3120873897624  59
789.3195892235857  62
789.327091057409  110
789.3345928912322  73
789.3420947250555  44
789.3495965588788  92
789.3570983927021  44
789.3646002265253  102
789.3721020603487  106
789.379603894172  59
789.3871057279952  95
789.3946075618185  84
789.4021093956418  122
789.4096112294651  122
789.4171130632883  117
789.4246148971116  49
789.4321167309349  111
789.4396185647581  91
789.4471203985814  101
789.4546222324047  126
789.462124066228  76
789.4696259000513  77
789.4771277338746  94
789.4846295676979  81
789.4921314015211  118
789.4996332353444  81
789.5071350691677  104
789.5146369029909  90
789.5221387368142  118
789.5296405706375  94
789.5371424044607  45
789.544644238284  165
789.5521460721073  111
789.5596479059307  154
789.5671497397539  118
789.5746515735772  94
789.5821534074005  93
789.5896552412237  90
789.597157075047  109
789.6046589088703  74
789.6121607426935  67
789.6196625765168  38
789.6271644103401  99
789.6346662441634  86
789.6421680779866  63
789.64966991181  70
789.6571717456333  88
789.6646735794565  130
789.6721754132798  87
789.6796772471031  95
789.6871790809263  115
789.6946809147496  76
789.7021827485729  120
789.7096845823962  71
789.7171864162194  137
789.7246882500427  118
789.732190083866  53
789.7396919176892  116
789.7471937515126  78
789.7546955853359  62
789.7621974191591  133
789.7696992529824  26
789.7772010868057  95
789.784702920629  122
789.7922047544522  177
789.7997065882755  93
789.8072084220988  115
789.814710255922  74
789.8222120897453  106
789.8297139235686  101
789.8372157573918  178
789.8447175912152  65
789.8522194250385  98
789.8597212588618  85
789.867223092685  119
789.8747249265083  83
789.8822267603316  67
789.8897285941548  94
789.8972304279781  110
789.9047322618014  125
789.9122340956246  109
789.9197359294479  81
789.9272377632713  103
789.9347395970946  120
789.9422414309178  66
789.9497432647411  95
789.9572450985644  86
789.9647469323876  98
789.9722487662109  57
789.9797506000342  151
789.9872524338574  121
789.9947542676807  82
790.002256101504  95
790.0097579353273  111
790.0172597691505  103
790.0247616029739  105
790.0322634367972  133
790.0397652706204  77
790.0472671044437  75
790.054768938267  111
790.0622707720902  121
790.0697726059135  109
790.0772744397368  118
790.0847762735601  54
790.0922781073833  69
790.0997799412066  105
790.10728177503  107
790.1147836088531  87
790.1222854426765  104
790.1297872764998  87
790.137289110323  91
790.1447909441463  85
790.1522927779696  121
790.1597946117929  63
790.1672964456161  101
790.1747982794394  98
790.1823001132627  110
790.1898019470859  58
790.1973037809092  78
790.2048056147325  88
790.2123074485557  95
790.2198092823791  88
790.2273111162024  89
790.2348129500257  84
790.2423147838489  68
790.2498166176722  73
790.2573184514955  92
790.2648202853187  76
790.272322119142  97
790.2798239529653  121
790.2873257867885  101
790.2948276206118  109
790.3023294544352  114
790.3098312882585  137
790.3173331220817  134
790.324834955905  63
790.3323367897283  122
790.3398386235515  63
790.3473404573748  104
790.3548422911981  78
790.3623441250213  93
790.3698459588446  102
790.3773477926679  152
790.3848496264912  71
790.3923514603144  90
790.3998532941378  85
790.4073551279611  78
790.4148569617843  81
790.4223587956076  117
790.4298606294309  85
790.4373624632541  151
790.4448642970774  77
790.4523661309007  76
790.459867964724  101
790.4673697985472  149
790.4748716323705  13
790.4823734661938  66
790.489875300017  78
790.4973771338404  87
790.5048789676637  61
790.5123808014869  97
790.5198826353102  57
790.5273844691335  91
790.5348863029568  78
790.54238813678  94
790.5498899706033  66
790.5573918044266  106
790.5648936382498  105
790.5723954720731  99
790.5798973058965  44
790.5873991397197  68
790.594900973543  124
790.6024028073663  91
790.6099046411896  71
790.6174064750128  86
790.6249083088361  99
790.6324101426594  99
790.6399119764826  113
790.6474138103059  91
790.6549156441292  87
790.6624174779524  63
790.6699193117757  10
790.677421145599  101
790.6849229794224  137
790.6924248132456  116
790.6999266470689  87
790.7074284808922  113
790.7149303147154  105
790.7224321485387  70
790.729933982362  76
790.7374358161852  79
790.7449376500085  23
790.7524394838318  120
790.7599413176551  88
790.7674431514783  29
790.7749449853017  63
790.782446819125  90
790.7899486529482  103
790.7974504867715  98
790.8049523205948  70
790.812454154418  129
790.8199559882413  86
790.8274578220646  70
790.8349596558879  100
790.8424614897111  101
790.8499633235344  101
790.8574651573578  111
790.864966991181  158
790.8724688250043  123
790.8799706588276  103
790.8874724926508  163
790.8949743264741  107
790.9024761602974  104
790.9099779941207  110
790.9174798279439  122
790.9249816617672  106
790.9324834955905  142
790.9399853294137  78
790.947487163237  125
790.9549889970604  123
790.9624908308836  125
790.9699926647069  105
790.9774944985302  87
790.9849963323535  101
790.9924981661767  103
791.0  104
791.0075018338233  87
791.0150036676465  82
791.0225055014698  87
791.0300073352931  120
791.0375091691164  121
791.0450110029396  79
791.052512836763  119
791.0600146705863  87
791.0675165044095  183
791.0750183382328  132
791.0825201720561  113
791.0900220058793  86
791.0975238397026  72
791.1050256735259  143
791.1125275073492  107
791.1200293411724  72
791.1275311749957  107
791.135033008819  161
791.1425348426422  99
791.1500366764656  66
791.1575385102889  135
791.1650403441121  104
791.1725421779354  77
791.1800440117587  106
791.187545845582  115
791.1950476794052  65
791.2025495132285  62
791.2100513470518  114
791.217553180875  163
791.2250550146983  143
791.2325568485217  120
791.2400586823449  126
791.2475605161682  116
791.2550623499915  90
791.2625641838148  152
791.270066017638  135
791.2775678514613  119
791.2850696852846  141
791.2925715191078  122
791.3000733529311  106
791.3075751867544  97
791.3150770205776  101
791.322578854401  163
791.3300806882243  114
791.3375825220476  139
791.3450843558708  115
791.3525861896941  70
791.3600880235174  59
791.3675898573406  101
791.3750916911639  142
791.3825935249872  103
791.3900953588104  173
791.3975971926337  89
791.405099026457  106
791.4126008602803  129
791.4201026941035  100
791.4276045279269  138
791.4351063617502  119
791.4426081955734  189
791.4501100293967  108
791.45761186322  153
791.4651136970432  170
791.4726155308665  183
791.4801173646898  108
791.4876191985131  118
791.4951210323363  140
791.5026228661596  141
791.510124699983  98
791.5176265338062  168
791.5251283676295  165
791.5326302014528  171
791.540132035276  141
791.5476338690993  140
791.5551357029226  91
791.5626375367459  105
791.5701393705691  100
791.5776412043924  122
791.5851430382157  140
791.5926448720389  149
791.6001467058622  148
791.6076485396856  125
791.6151503735088  125
791.6226522073321  133
791.6301540411554  145
791.6376558749787  172
791.6451577088019  170
791.6526595426252  123
791.6601613764485  153
791.6676632102717  148
791.675165044095  125
791.6826668779183  136
791.6901687117415  179
791.6976705455648  79
791.7051723793882  95
791.7126742132115  152
791.7201760470347  142
791.727677880858  180
791.7351797146813  169
791.7426815485045  136
791.7501833823278  142
791.7576852161511  149
791.7651870499743  110
791.7726888837976  163
791.7801907176209  85
791.7876925514443  146
791.7951943852675  140
791.8026962190908  157
791.8101980529141  168
791.8176998867373  150
791.8252017205606  141
791.8327035543839  202
791.8402053882071  171
791.8477072220304  108
791.8552090558537  175
791.862710889677  155
791.8702127235002  114
791.8777145573235  195
791.8852163911469  169
791.89271822497  168
791.9002200587934  115
791.9077218926167  135
791.9152237264399  120
791.9227255602632  190
791.9302273940865  161
791.9377292279098  156
791.945231061733  167
791.9527328955563  190
791.9602347293796  154
791.9677365632028  155
791.9752383970261  170
791.9827402308495  163
791.9902420646727  154
791.997743898496  156
792.0052457323193  129
792.0127475661426  148
792.0202493999658  151
792.0277512337891  132
792.0352530676124  142
792.0427549014356  173
792.0502567352589  117
792.0577585690822  190
792.0652604029054  173
792.0727622367287  173
792.0802640705521  137
792.0877659043754  187
792.0952677381986  168
792.1027695720219  149
792.1102714058452  155
792.1177732396684  222
792.1252750734917  136
792.132776907315  149
792.1402787411382  169
792.1477805749615  216
792.1552824087848  203
792.1627842426082  166
792.1702860764314  220
792.1777879102547  200
792.185289744078  180
792.1927915779012  229
792.2002934117245  170
792.2077952455478  157
792.215297079371  213
792.2227989131943  169
792.2303007470176  156
792.2378025808409  177
792.2453044146641  205
792.2528062484874  189
792.2603080823108  169
792.267809916134  220
792.2753117499573  152
792.2828135837806  194
792.2903154176038  164
792.2978172514271  183
792.3053190852504  155
792.3128209190737  139
792.3203227528969  207
792.3278245867202  257
792.3353264205435  184
792.3428282543667  185
792.35033008819  190
792.3578319220134  276
792.3653337558366  186
792.3728355896599  221
792.3803374234832  165
792.3878392573065  206
792.3953410911297  183
792.402842924953  155
792.4103447587763  158
792.4178465925995  188
792.4253484264228  181
792.4328502602461  215
792.4403520940693  191
792.4478539278927  214
792.455355761716  228
792.4628575955393  228
792.4703594293625  190
792.4778612631858  264
792.4853630970091  204
792.4928649308323  146
792.5003667646556  190
792.5078685984789  189
792.5153704323021  219
792.5228722661254  257
792.5303740999487  152
792.537875933772  211
792.5453777675953  252
792.5528796014186  195
792.5603814352419  261
792.5678832690651  261
792.5753851028884  205
792.5828869367117  210
792.5903887705349  190
792.5978906043582  198
792.6053924381815  226
792.6128942720048  260
792.620396105828  145
792.6278979396513  292
792.6353997734747  228
792.6429016072979  280
792.6504034411212  253
792.6579052749445  170
792.6654071087678  247
792.672908942591  264
792.6804107764143  283
792.6879126102376  207
792.6954144440608  219
792.7029162778841  261
792.7104181117074  249
792.7179199455306  278
792.725421779354  264
792.7329236131773  234
792.7404254470006  229
792.7479272808238  261
792.7554291146471  207
792.7629309484704  227
792.7704327822936  282
792.7779346161169  247
792.7854364499402  221
792.7929382837634  260
792.8004401175867  257
792.80794195141  237
792.8154437852334  229
792.8229456190566  312
792.8304474528799  269
792.8379492867032  239
792.8454511205264  213
792.8529529543497  283
792.860454788173  252
792.8679566219962  190
792.8754584558195  220
792.8829602896428  299
792.8904621234661  194
792.8979639572893  289
792.9054657911126  229
792.912967624936  234
792.9204694587592  225
792.9279712925825  258
792.9354731264058  218
792.942974960229  267
792.9504767940523  298
792.9579786278756  262
792.9654804616989  305
792.9729822955221  284
792.9804841293454  245
792.9879859631687  295
792.9954877969919  270
793.0029896308153  289
793.0104914646386  236
793.0179932984618  221
793.0254951322851  298
793.0329969661084  321
793.0404987999317  319
793.0480006337549  258
793.0555024675782  273
793.0630043014015  295
793.0705061352247  235
793.078007969048  283
793.0855098028713  306
793.0930116366945  286
793.1005134705179  291
793.1080153043412  287
793.1155171381645  233
793.1230189719877  280
793.130520805811  237
793.1380226396343  291
793.1455244734575  218
793.1530263072808  245
793.1605281411041  276
793.1680299749273  343
793.1755318087506  283
793.183033642574  290
793.1905354763973  306
793.1980373102205  287
793.2055391440438  265
793.2130409778671  334
793.2205428116903  307
793.2280446455136  252
793.2355464793369  238
793.2430483131601  345
793.2505501469834  237
793.2580519808067  276
793.26555381463  221
793.2730556484532  289
793.2805574822765  300
793.2880593160999  233
793.2955611499231  297
793.3030629837464  290
793.3105648175697  233
793.3180666513929  333
793.3255684852162  216
793.3330703190395  287
793.3405721528628  297
793.348073986686  298
793.3555758205093  292
793.3630776543326  269
793.3705794881558  347
793.3780813219792  262
793.3855831558025  266
793.3930849896257  222
793.400586823449  271
793.4080886572723  314
793.4155904910956  279
793.4230923249188  292
793.4305941587421  285
793.4380959925654  282
793.4455978263886  260
793.4530996602119  291
793.4606014940352  271
793.4681033278584  270
793.4756051616818  252
793.4831069955051  316
793.4906088293284  255
793.4981106631516  297
793.5056124969749  246
793.5131143307982  243
793.5206161646214  250
793.5281179984447  276
793.535619832268  238
793.5431216660912  279
793.5506234999145  294
793.5581253337378  241
793.5656271675612  246
793.5731290013844  217
793.5806308352077  317
793.588132669031  321
793.5956345028542  302
793.6031363366775  283
793.6106381705008  249
793.618140004324  276
793.6256418381473  186
793.6331436719706  273
793.6406455057939  228
793.6481473396171  259
793.6556491734405  247
793.6631510072638  259
793.670652841087  331
793.6781546749103  267
793.6856565087336  248
793.6931583425568  302
793.7006601763801  291
793.7081620102034  268
793.7156638440267  251
793.7231656778499  292
793.7306675116732  296
793.7381693454965  290
793.7456711793197  300
793.753173013143  268
793.7606748469664  310
793.7681766807896  367
793.7756785146129  319
793.7831803484362  271
793.7906821822595  355
793.7981840160827  286
793.805685849906  235
793.8131876837293  350
793.8206895175525  274
793.8281913513758  264
793.8356931851991  293
793.8431950190223  311
793.8506968528457  247
793.858198686669  291
793.8657005204923  297
793.8732023543155  247
793.8807041881388  289
793.8882060219621  274
793.8957078557853  268
793.9032096896086  241
793.9107115234319  275
793.9182133572551  325
793.9257151910784  255
793.9332170249018  306
793.9407188587251  300
793.9482206925483  357
793.9557225263716  254
793.9632243601949  258
793.9707261940181  221
793.9782280278414  302
793.9857298616647  316
793.9932316954879  245
794.0007335293112  281
794.0082353631345  337
794.0157371969578  273
794.023239030781  282
794.0307408646044  263
794.0382426984277  284
794.0457445322509  321
794.0532463660742  282
794.0607481998975  266
794.0682500337207  309
794.075751867544  324
794.0832537013673  250
794.0907555351906  245
794.0982573690138  314
794.1057592028371  289
794.1132610366604  330
794.1207628704836  212
794.128264704307  278
794.1357665381303  236
794.1432683719535  284
794.1507702057768  361
794.1582720396001  252
794.1657738734234  326
794.1732757072466  310
794.1807775410699  281
794.1882793748932  337
794.1957812087164  337
794.2032830425397  301
794.210784876363  267
794.2182867101862  331
794.2257885440096  303
794.2332903778329  259
794.2407922116562  254
794.2482940454794  285
794.2557958793027  254
794.263297713126  287
794.2707995469492  299
794.2783013807725  270
794.2858032145958  303
794.2933050484191  337
794.3008068822423  279
794.3083087160657  312
794.315810549889  269
794.3233123837122  264
794.3308142175355  319
794.3383160513588  381
794.345817885182  237
794.3533197190053  301
794.3608215528286  308
794.3683233866519  251
794.3758252204751  280
794.3833270542984  326
794.3908288881217  312
794.398330721945  343
794.4058325557683  270
794.4133343895916  296
794.4208362234148  327
794.4283380572381  310
794.4358398910614  292
794.4433417248847  383
794.4508435587079  348
794.4583453925312  293
794.4658472263545  299
794.4733490601777  262
794.480850894001  257
794.4883527278243  300
794.4958545616475  245
794.5033563954709  316
794.5108582292942  286
794.5183600631175  286
794.5258618969407  329
794.533363730764  330
794.5408655645873  333
794.5483673984105  305
794.5558692322338  233
794.5633710660571  329
794.5708728998803  325
794.5783747337036  271
794.585876567527  260
794.5933784013503  276
794.6008802351735  313
794.6083820689968  325
794.6158839028201  229
794.6233857366433  346
794.6308875704666  278
794.6383894042899  280
794.6458912381131  326
794.6533930719364  297
794.6608949057597  314
794.668396739583  325
794.6758985734062  252
794.6834004072296  322
794.6909022410529  299
794.6984040748761  263
794.7059059086994  312
794.7134077425227  347
794.7209095763459  232
794.7284114101692  279
794.7359132439925  242
794.7434150778158  279
794.750916911639  275
794.7584187454623  280
794.7659205792856  321
794.7734224131088  310
794.7809242469322  299
794.7884260807555  295
794.7959279145787  235
794.803429748402  356
794.8109315822253  276
794.8184334160486  309
794.8259352498718  316
794.8334370836951  225
794.8409389175184  280
794.8484407513416  269
794.8559425851649  300
794.8634444189883  341
794.8709462528114  324
794.8784480866348  234
794.8859499204581  299
794.8934517542814  259
794.9009535881046  337
794.9084554219279  286
794.9159572557512  244
794.9234590895744  275
794.9309609233977  307
794.938462757221  301
794.9459645910442  220
794.9534664248675  305
794.9609682586909  237
794.9684700925142  338
794.9759719263374  294
794.9834737601607  242
794.990975593984  263
794.9984774278072  283
795.0059792616305  220
795.0134810954538  308
795.020982929277  307
795.0284847631003  295
795.0359865969236  291
795.043488430747  254
795.0509902645701  238
795.0584920983935  300
795.0659939322168  305
795.07349576604  319
795.0809975998633  248
795.0884994336866  295
795.0960012675098  310
795.1035031013331  318
795.1110049351564  257
795.1185067689797  267
795.1260086028029  313
795.1335104366262  376
795.1410122704496  242
795.1485141042727  306
795.1560159380961  284
795.1635177719194  273
795.1710196057426  313
795.1785214395659  254
795.1860232733892  334
795.1935251072125  207
795.2010269410357  267
795.208528774859  374
795.2160306086823  308
795.2235324425055  298
795.2310342763288  319
795.2385361101522  283
795.2460379439754  298
795.2535397777987  285
795.261041611622  223
795.2685434454453  354
795.2760452792685  310
795.2835471130918  254
795.2910489469151  286
795.2985507807383  315
795.3060526145616  279
795.3135544483849  343
795.3210562822081  255
795.3285581160314  322
795.3360599498548  303
795.3435617836781  301
795.3510636175013  285
795.3585654513246  313
795.3660672851479  335
795.3735691189711  319
795.3810709527944  270
795.3885727866177  314
795.3960746204409  273
795.4035764542642  298
795.4110782880875  263
795.4185801219108  337
795.426081955734  267
795.4335837895574  284
795.4410856233807  303
795.4485874572039  319
795.4560892910272  325
795.4635911248505  341
795.4710929586737  250
795.478594792497  326
795.4860966263203  296
795.4935984601436  294
795.5011002939668  258
795.5086021277901  286
795.5161039616135  226
795.5236057954367  329
795.53110762926  299
795.5386094630833  363
795.5461112969065  284
795.5536131307298  356
795.5611149645531  314
795.5686167983764  317
795.5761186321996  310
795.5836204660229  331
795.5911222998462  286
795.5986241336694  295
795.6061259674927  309
795.613627801316  332
795.6211296351393  356
795.6286314689626  318
795.6361333027859  300
795.6436351366092  391
795.6511369704324  306
795.6586388042557  302
795.666140638079  338
795.6736424719022  244
795.6811443057255  382
795.6886461395488  347
795.696147973372  394
795.7036498071953  390
795.7111516410187  338
795.718653474842  307
795.7261553086652  345
795.7336571424885  345
795.7411589763118  321
795.748660810135  345
795.7561626439583  370
795.7636644777816  326
795.7711663116048  341
795.7786681454281  410
795.7861699792514  407
795.7936718130748  329
795.801173646898  366
795.8086754807213  284
795.8161773145446  359
795.8236791483678  380
795.8311809821911  343
795.8386828160144  411
795.8461846498376  369
795.8536864836609  344
795.8611883174842  402
795.8686901513075  348
795.8761919851307  363
795.883693818954  345
795.8911956527774  414
795.8986974866006  472
795.9061993204239  324
795.9137011542472  340
795.9212029880705  331
795.9287048218937  387
795.936206655717  439
795.9437084895403  301
795.9512103233635  287
795.9587121571868  341
795.9662139910101  307
795.9737158248333  358
795.9812176586566  380
795.98871949248  388
795.9962213263032  375
796.0037231601265  355
796.0112249939498  394
796.0187268277731  394
796.0262286615963  392
796.0337304954196  365
796.0412323292429  412
796.0487341630661  392
796.0562359968894  379
796.0637378307127  417
796.071239664536  450
796.0787414983592  434
796.0862433321826  415
796.0937451660059  334
796.1012469998291  338
796.1087488336524  395
796.1162506674757  462
796.1237525012989  418
796.1312543351222  433
796.1387561689455  354
796.1462580027688  418
796.153759836592  455
796.1612616704153  454
796.1687635042387  318
796.1762653380619  411
796.1837671718852  367
796.1912690057085  356
796.1987708395317  443
796.206272673355  462
796.2137745071783  363
796.2212763410016  385
796.2287781748248  405
796.2362800086481  452
796.2437818424714  414
796.2512836762946  397
796.258785510118  329
796.2662873439413  438
796.2737891777645  520
796.2812910115878  381
796.2887928454111  319
796.2962946792344  359
796.3037965130576  412
796.3112983468809  402
796.3188001807042  442
796.3263020145274  396
796.3338038483507  399
796.341305682174  417
796.3488075159972  375
796.3563093498205  380
796.3638111836439  419
796.3713130174672  407
796.3788148512904  419
796.3863166851137  444
796.393818518937  398
796.4013203527602  374
796.4088221865835  429
796.4163240204068  399
796.42382585423  491
796.4313276880533  419
796.4388295218766  470
796.4463313557  467
796.4538331895232  378
796.4613350233465  415
796.4688368571698  427
796.476338690993  392
796.4838405248163  430
796.4913423586396  406
796.4988441924628  481
796.5063460262861  430
796.5138478601094  453
796.5213496939327  423
796.5288515277559  471
796.5363533615792  359
796.5438551954026  473
796.5513570292258  392
796.5588588630491  426
796.5663606968724  469
796.5738625306956  494
796.5813643645189  436
796.5888661983422  446
796.5963680321655  407
796.6038698659887  434
796.611371699812  413
796.6188735336353  377
796.6263753674585  433
796.6338772012818  362
796.6413790351052  383
796.6488808689284  404
796.6563827027517  390
796.663884536575  443
796.6713863703983  415
796.6788882042215  371
796.6863900380448  405
796.6938918718681  494
796.7013937056913  409
796.7088955395146  467
796.7163973733379  419
796.7238992071611  483
796.7314010409845  425
796.7389028748078  441
796.7464047086311  441
796.7539065424543  489
796.7614083762776  476
796.7689102101009  460
796.7764120439241  366
796.7839138777474  492
796.7914157115707  434
796.7989175453939  500
796.8064193792172  483
796.8139212130405  423
796.8214230468639  423
796.828924880687  428
796.8364267145104  495
796.8439285483337  457
796.8514303821569  412
796.8589322159802  491
796.8664340498035  470
796.8739358836267  447
796.88143771745  476
796.8889395512733  486
796.8964413850966  487
796.9039432189198  551
796.9114450527431  410
796.9189468865665  484
796.9264487203897  440
796.933950554213  481
796.9414523880363  430
796.9489542218595  475
796.9564560556828  437
796.9639578895061  499
796.9714597233294  502
796.9789615571526  527
796.9864633909759  438
796.9939652247992  452
797.0014670586224  442
797.0089688924458  526
797.0164707262691  507
797.0239725600923  463
797.0314743939156  451
797.0389762277389  441
797.0464780615622  466
797.0539798953854  499
797.0614817292087  486
797.068983563032  499
797.0764853968552  516
797.0839872306785  478
797.0914890645018  510
797.098990898325  470
797.1064927321484  474
797.1139945659717  469
797.121496399795  503
797.1289982336182  538
797.1365000674415  470
797.1440019012648  521
797.151503735088  529
797.1590055689113  456
797.1665074027346  481
797.1740092365578  419
797.1815110703811  520
797.1890129042044  454
797.1965147380278  401
797.204016571851  443
797.2115184056743  478
797.2190202394976  547
797.2265220733208  459
797.2340239071441  461
797.2415257409674  462
797.2490275747906  428
797.2565294086139  573
797.2640312424372  543
797.2715330762605  466
797.2790349100837  455
797.286536743907  502
797.2940385777304  547
797.3015404115536  461
797.3090422453769  522
797.3165440792002  525
797.3240459130234  501
797.3315477468467  460
797.33904958067  446
797.3465514144933  526
797.3540532483165  514
797.3615550821398  479
797.3690569159631  531
797.3765587497863  441
797.3840605836097  411
797.391562417433  429
797.3990642512562  407
797.4065660850795  440
797.4140679189028  463
797.4215697527261  443
797.4290715865493  548
797.4365734203726  403
797.4440752541959  473
797.4515770880191  553
797.4590789218424  429
797.4665807556657  408
797.474082589489  514
797.4815844233123  501
797.4890862571356  487
797.4965880909589  509
797.5040899247821  499
797.5115917586054  467
797.5190935924287  434
797.5265954262519  487
797.5340972600752  575
797.5415990938985  457
797.5491009277217  538
797.556602761545  471
797.5641045953683  376
797.5716064291917  481
797.5791082630149  380
797.5866100968382  458
797.5941119306615  456
797.6016137644847  500
797.609115598308  566
797.6166174321313  436
797.6241192659545  436
797.6316210997778  481
797.6391229336011  425
797.6466247674244  441
797.6541266012476  478
797.661628435071  501
797.6691302688943  502
797.6766321027175  459
797.6841339365408  393
797.6916357703641  471
797.6991376041874  523
797.7066394380106  423
797.7141412718339  423
797.7216431056572  440
797.7291449394804  499
797.7366467733037  481
797.744148607127  482
797.7516504409502  517
797.7591522747736  531
797.7666541085969  389
797.7741559424202  408
797.7816577762434  405
797.7891596100667  500
797.79666144389  489
797.8041632777132  508
797.8116651115365  453
797.8191669453598  482
797.826668779183  491
797.8341706130063  530
797.8416724468296  367
797.849174280653  492
797.8566761144762  513
797.8641779482995  436
797.8716797821228  459
797.879181615946  518
797.8866834497693  407
797.8941852835926  447
797.9016871174158  393
797.9091889512391  441
797.9166907850624  376
797.9241926188857  459
797.9316944527089  403
797.9391962865323  467
797.9466981203556  513
797.9541999541788  476
797.9617017880021  396
797.9692036218254  553
797.9767054556486  381
797.9842072894719  386
797.9917091232952  360
797.9992109571185  546
798.0067127909417  406
798.014214624765  417
798.0217164585883  423
798.0292182924115  441
798.0367201262349  499
798.0442219600582  435
798.0517237938814  466
798.0592256277047  478
798.066727461528  442
798.0742292953513  394
798.0817311291745  376
798.0892329629978  435
798.0967347968211  439
798.1042366306443  457
798.1117384644676  420
798.119240298291  441
798.1267421321141  345
798.1342439659375  533
798.1417457997608  475
798.1492476335841  389
798.1567494674073  442
798.1642513012306  443
798.1717531350539  445
798.1792549688771  422
798.1867568027004  437
798.1942586365237  457
798.2017604703469  391
798.2092623041702  457
798.2167641379936  329
798.2242659718169  453
798.2317678056401  387
798.2392696394634  431
798.2467714732867  371
798.2542733071099  410
798.2617751409332  504
798.2692769747565  498
798.2767788085797  366
798.284280642403  345
798.2917824762263  441
798.2992843100496  460
798.3067861438728  363
798.3142879776962  435
798.3217898115195  437
798.3292916453427  373
798.336793479166  373
798.3442953129893  410
798.3517971468125  462
798.3592989806358  424
798.3668008144591  366
798.3743026482824  369
798.3818044821056  330
798.3893063159289  420
798.3968081497522  377
798.4043099835754  487
798.4118118173988  386
798.4193136512221  332
798.4268154850453  427
798.4343173188686  413
798.4418191526919  405
798.4493209865152  393
798.4568228203384  409
798.4643246541617  398
798.471826487985  373
798.4793283218082  330
798.4868301556315  356
798.4943319894548  434
798.501833823278  429
798.5093356571014  314
798.5168374909247  397
798.524339324748  366
798.5318411585712  330
798.5393429923945  411
798.5468448262178  380
798.554346660041  387
798.5618484938643  374
798.5693503276876  363
798.5768521615108  371
798.5843539953341  422
798.5918558291575  355
798.5993576629808  414
798.606859496804  356
798.6143613306273  397
798.6218631644506  296
798.6293649982738  316
798.6368668320971  421
798.6443686659204  388
798.6518704997436  277
798.6593723335669  358
798.6668741673902  351
798.6743760012135  329
798.6818778350367  327
798.68937966886  391
798.6968815026834  321
798.7043833365066  371
798.7118851703299  356
798.7193870041532  330
798.7268888379764  333
798.7343906717997  324
798.741892505623  360
798.7493943394463  333
798.7568961732695  275
798.7643980070928  355
798.7718998409161  375
798.7794016747393  382
798.7869035085627  297
798.794405342386  298
798.8019071762092  349
798.8094090100325  313
798.8169108438558  294
798.8244126776791  299
798.8319145115023  326
798.8394163453256  344
798.8469181791489  363
798.8544200129721  275
798.8619218467954  280
798.8694236806188  329
798.876925514442  319
798.8844273482653  340
798.8919291820886  313
798.8994310159119  275
798.9069328497351  265
798.9144346835584  313
798.9219365173817  273
798.9294383512049  314
798.9369401850282  330
798.9444420188515  300
798.9519438526747  294
798.959445686498  300
798.9669475203214  344
798.9744493541447  325
798.9819511879679  369
798.9894530217912  357
798.9969548556145  333
799.0044566894377  275
799.011958523261  308
799.0194603570843  276
799.0269621909075  356
799.0344640247308  298
799.0419658585541  298
799.0494676923774  287
799.0569695262006  219
799.064471360024  308
799.0719731938473  310
799.0794750276705  309
799.0869768614938  211
799.0944786953171  343
799.1019805291403  279
799.1094823629636  313
799.1169841967869  235
799.1244860306102  308
799.1319878644334  306
799.1394896982567  269
799.14699153208  276
799.1544933659032  257
799.1619951997266  289
799.1694970335499  309
799.1769988673732  303
799.1845007011964  298
799.1920025350197  206
799.199504368843  242
799.2070062026662  235
799.2145080364895  296
799.2220098703128  276
799.229511704136  217
799.2370135379593  253
799.2445153717827  201
799.2520172056059  273
799.2595190394292  261
799.2670208732525  246
799.2745227070758  301
799.282024540899  247
799.2895263747223  290
799.2970282085456  266
799.3045300423688  292
799.3120318761921  307
799.3195337100154  223
799.3270355438387  196
799.334537377662  275
799.3420392114853  227
799.3495410453086  293
799.3570428791318  321
799.3645447129551  233
799.3720465467784  199
799.3795483806016  215
799.3870502144249  203
799.3945520482482  203
799.4020538820714  247
799.4095557158947  229
799.417057549718  248
799.4245593835414  181
799.4320612173645  189
799.4395630511879  263
799.4470648850112  250
799.4545667188344  264
799.4620685526577  210
799.469570386481  220
799.4770722203043  247
799.4845740541275  260
799.4920758879508  226
799.4995777217741  219
799.5070795555973  193
799.5145813894206  175
799.522083223244  247
799.5295850570672  258
799.5370868908905  186
799.5445887247138  195
799.5520905585371  250
799.5595923923603  204
799.5670942261836  193
799.5745960600069  158
799.5820978938301  216
799.5895997276534  203
799.5971015614767  191
799.6046033952999  169
799.6121052291232  179
799.6196070629466  164
799.6271088967699  187
799.6346107305931  214
799.6421125644164  199
799.6496143982397  166
799.6571162320629  163
799.6646180658862  219
799.6721198997095  121
799.6796217335327  182
799.687123567356  196
799.6946254011793  213
799.7021272350026  173
799.7096290688258  202
799.7171309026492  164
799.7246327364725  155
799.7321345702957  181
799.739636404119  174
799.7471382379423  223
799.7546400717655  261
799.7621419055888  201
799.7696437394121  177
799.7771455732354  165
799.7846474070586  211
799.7921492408819  168
799.7996510747053  169
799.8071529085285  174
799.8146547423518  243
799.8221565761751  137
799.8296584099983  158
799.8371602438216  170
799.8446620776449  180
799.8521639114682  124
799.8596657452914  202
799.8671675791147  104
799.874669412938  119
799.8821712467612  149
799.8896730805845  171
799.8971749144079  188
799.904676748231  142
799.9121785820544  148
799.9196804158777  185
799.927182249701  168
799.9346840835242  225
799.9421859173475  194
799.9496877511708  185
799.957189584994  147
799.9646914188173  150
799.9721932526406  102
799.9796950864638  122
799.9871969202871  139
799.9946987541105  120
800.0022005879338  110
800.009702421757  178
800.0172042555803  183
800.0247060894036  162
800.0322079232268  123
800.0397097570501  180
800.0472115908734  129
800.0547134246966  105
800.0622152585199  159
800.0697170923432  143
800.0772189261666  122
800.0847207599898  116
800.0922225938131  155
800.0997244276364  110
800.1072262614596  106
800.1147280952829  123
800.1222299291062  109
800.1297317629294  132
800.1372335967527  121
800.144735430576  147
800.1522372643993  97
800.1597390982225  116
800.1672409320458  111
800.1747427658692  145
800.1822445996924  100
800.1897464335157  134
800.197248267339  150
800.2047501011622  122
800.2122519349855  103
800.2197537688088  146
800.2272556026321  171
800.2347574364553  118
800.2422592702786  153
800.2497611041019  141
800.2572629379251  88
800.2647647717484  114
800.2722666055718  121
800.279768439395  117
800.2872702732183  75
800.2947721070416  154
800.3022739408649  98
800.3097757746881  134
800.3172776085114  50
800.3247794423347  141
800.3322812761579  166
800.3397831099812  148
800.3472849438045  85
800.3547867776277  130
800.362288611451  65
800.3697904452744  154
800.3772922790977  108
800.3847941129209  104
800.3922959467442  51
800.3997977805675  135
800.4072996143907  98
800.414801448214  101
800.4223032820373  87
800.4298051158605  130
800.4373069496838  104
800.4448087835071  115
800.4523106173305  86
800.4598124511537  75
800.467314284977  122
800.4748161188003  104
800.4823179526235  63
800.4898197864468  92
800.4973216202701  120
800.5048234540933  98
800.5123252879166  106
800.5198271217399  131
800.5273289555632  100
800.5348307893864  114
800.5423326232097  62
800.5498344570331  127
800.5573362908563  106
800.5648381246796  111
800.5723399585029  29
800.5798417923261  56
800.5873436261494  108
800.5948454599727  124
800.602347293796  73
800.6098491276192  135
800.6173509614425  87
800.6248527952658  99
800.632354629089  120
800.6398564629123  66
800.6473582967357  72
800.6548601305589  121
800.6623619643822  72
800.6698637982055  83
800.6773656320288  59
800.684867465852  104
800.6923692996753  77
800.6998711334986  132
800.7073729673218  46
800.7148748011451  52
800.7223766349684  87
800.7298784687916  145
800.737380302615  91
800.7448821364383  102
800.7523839702616  83
800.7598858040848  123
800.7673876379081  59
800.7748894717314  97
800.7823913055546  79
800.7898931393779  85
800.7973949732012  69
800.8048968070244  88
800.8123986408477  103
800.819900474671  136
800.8274023084944  52
800.8349041423176  69
800.8424059761409  79
800.8499078099642  87
800.8574096437874  69
800.8649114776107  73
800.872413311434  106
800.8799151452572  45
800.8874169790805  60
800.8949188129038  106
800.9024206467271  74
800.9099224805503  76
800.9174243143736  91
800.924926148197  52
800.9324279820202  86
800.9399298158435  63
800.9474316496668  76
800.9549334834901  93
800.9624353173133  55
800.9699371511366  59
800.9774389849599  79
800.9849408187831  72
800.9924426526064  66
800.9999444864297  90
801.0074463202529  90
801.0149481540763  92
801.0224499878996  104
801.0299518217228  83
801.0374536555461  37
801.0449554893694  77
801.0524573231927  56
801.0599591570159  62
801.0674609908392  97
801.0749628246625  41
801.0824646584857  59
801.089966492309  74
801.0974683261323  58
801.1049701599557  56
801.1124719937789  73
801.1199738276022  79
801.1274756614255  86
801.1349774952487  87
801.142479329072  44
801.1499811628953  85
801.1574829967185  95
801.1649848305418  99
801.1724866643651  59
801.1799884981884  81
801.1874903320116  37
801.194992165835  99
801.2024939996583  50
801.2099958334815  33
801.2174976673048  34
801.2249995011281  53
801.2325013349513  42
801.2400031687746  111
801.2475050025979  42
801.2550068364212  78
801.2625086702444  27
801.2700105040677  57
801.277512337891  29
801.2850141717142  104
801.2925160055375  57
801.3000178393609  39
801.3075196731841  23
801.3150215070074  85
801.3225233408307  25
801.330025174654  41
801.3375270084772  45
801.3450288423005  66
801.3525306761238  74
801.360032509947  52
801.3675343437703  38
801.3750361775936  84
801.3825380114168  35
801.3900398452402  91
801.3975416790635  21
801.4050435128868  50
801.41254534671  58
801.4200471805333  103
801.4275490143566  56
801.4350508481798  29
801.4425526820031  46
801.4500545158264  49
801.4575563496496  50
801.4650581834729  29
801.4725600172962  31
801.4800618511196  68
801.4875636849428  57
801.4950655187661  77
801.5025673525894  71
801.5100691864126  77
801.5175710202359  41
801.5250728540592  104
801.5325746878824  10
801.5400765217057  14
801.547578355529  34
801.5550801893523  24
801.5625820231755  30
801.5700838569988  74
801.5775856908222  45
801.5850875246454  97
801.5925893584687  37
801.600091192292  27
801.6075930261152  74
801.6150948599385  83
801.6225966937618  25
801.6300985275851  88
801.6376003614083  84
801.6451021952316  57
801.6526040290549  -3
801.6601058628781  20
801.6676076967015  54
801.6751095305248  59
801.682611364348  47
801.6901131981713  25
801.6976150319946  42
801.7051168658179  53
801.7126186996411  -18
801.7201205334644  17
801.7276223672877  56
801.7351242011109  46
801.7426260349342  21
801.7501278687575  38
801.7576297025807  30
801.765131536404  57
801.7726333702274  69
801.7801352040507  49
801.7876370378739  45
801.7951388716972  33
801.8026407055205  44
801.8101425393437  18
801.817644373167  39
801.8251462069903  54
801.8326480408135  42
801.8401498746368  23
801.8476517084601  46
801.8551535422835  61
801.8626553761067  25
801.87015720993  44
801.8776590437533  40
801.8851608775765  -2
801.8926627113998  -7
801.9001645452231  -2
801.9076663790463  31
801.9151682128696  18
801.9226700466929  53
801.9301718805162  56
801.9376737143394  10
801.9451755481628  26
801.9526773819861  41
801.9601792158093  58
801.9676810496326  6
801.9751828834559  40
801.9826847172791  41
801.9901865511024  52
801.9976883849257  46
802.005190218749  55
802.0126920525722  55
802.0201938863955  19
802.0276957202188  26
802.035197554042  62
802.0426993878654  25
802.0502012216887  67
802.0577030555119  43
802.0652048893352  14
802.0727067231585  2
802.0802085569818  43
802.087710390805  35
802.0952122246283  69
802.1027140584516  29
802.1102158922748  89
802.1177177260981  62
802.1252195599214  50
802.1327213937446  13
802.140223227568  21
802.1477250613913  13
802.1552268952146  40
802.1627287290378  -10
802.1702305628611  57
802.1777323966844  39
802.1852342305076  36
802.1927360643309  43
802.2002378981542  10
802.2077397319774  23
802.2152415658007  41
802.222743399624  25
802.2302452334474  52
802.2377470672706  2
802.2452489010939  51
802.2527507349172  -24
802.2602525687404  62
802.2677544025637  57
802.275256236387  27
802.2827580702102  38
802.2902599040335  56
802.2977617378568  -12
802.3052635716801  27
802.3127654055033  20
802.3202672393267  22
802.32776907315  42
802.3352709069732  49
802.3427727407965  24
802.3502745746198  8
802.357776408443  25
802.3652782422663  42
802.3727800760896  31
802.3802819099129  45
802.3877837437361  44
802.3952855775594  46
802.4027874113827  20
802.410289245206  15
802.4177910790293  9
802.4252929128526  31
802.4327947466758  3
802.4402965804991  57
802.4477984143224  4
802.4553002481457  20
802.4628020819689  62
802.4703039157922  44
802.4778057496155  -10
802.4853075834387  29
802.492809417262  62
802.5003112510853  52
802.5078130849085  1
802.5153149187319  57
802.5228167525552  27
802.5303185863785  23
802.5378204202017  34
802.545322254025  53
802.5528240878483  -23
802.5603259216715  38
802.5678277554948  8
802.5753295893181  46
802.5828314231414  14
802.5903332569646  8
802.597835090788  19
802.6053369246113  68
802.6128387584345  12
802.6203405922578  7
802.6278424260811  23
802.6353442599043  6
802.6428460937276  34
802.6503479275509  53
802.6578497613741  -19
802.6653515951974  47
802.6728534290207  3
802.680355262844  7
802.6878570966672  55
802.6953589304906  -12
802.7028607643139  28
802.7103625981371  14
802.7178644319604  12
802.7253662657837  5
802.732868099607  36
802.7403699334302  11
802.7478717672535  38
802.7553736010768  29
802.7628754349  11
802.7703772687233  11
802.7778791025466  26
802.7853809363698  11
802.7928827701932  24
802.8003846040165  28
802.8078864378398  -13
802.815388271663  23
802.8228901054863  15
802.8303919393096  -21
802.8378937731328  29
802.8453956069561  33
802.8528974407794  8
802.8603992746026  22
802.8679011084259  11
802.8754029422493  21
802.8829047760726  15
802.8904066098958  -8
802.8979084437191  -5
802.9054102775424  26
802.9129121113656  10
802.9204139451889  11
802.9279157790122  18
802.9354176128354  -29
802.9429194466587  34
802.950421280482  10
802.9579231143053  7
802.9654249481285  25
802.9729267819519  50
802.9804286157752  -5
802.9879304495984  18
802.9954322834217  34
803.002934117245  -6
803.0104359510682  29
803.0179377848915  13
803.0254396187148  9
803.0329414525381  27
803.0404432863613  5
803.0479451201846  -37
803.055446954008  23
803.0629487878311  29
803.0704506216545  43
803.0779524554778  39
803.085454289301  33
803.0929561231243  -6
803.1004579569476  23
803.1079597907709  -19
803.1154616245941  37
803.1229634584174  23
803.1304652922407  4
803.1379671260639  -23
803.1454689598872  50
803.1529707937106  11
803.1604726275337  22
803.1679744613571  18
803.1754762951804  45
803.1829781290037  9
803.1904799628269  13
803.1979817966502  -38
803.2054836304735  7
803.2129854642967  36
803.22048729812  49
803.2279891319433  35
803.2354909657665  20
803.2429927995898  13
803.2504946334132  38
803.2579964672365  -33
803.2654983010597  28
803.273000134883  -2
803.2805019687063  43
803.2880038025295  14
803.2955056363528  10
803.3030074701761  23
803.3105093039993  10
803.3180111378226  20
803.3255129716459  -19
803.3330148054692  49
803.3405166392924  -26
803.3480184731158  60
803.3555203069391  5
803.3630221407623  37
803.3705239745856  63
803.3780258084089  25
803.3855276422321  20
803.3930294760554  -11
803.4005313098787  38
803.408033143702  27
803.4155349775252  -7
803.4230368113485  2
803.4305386451719  28
803.438040478995  30
803.4455423128184  50
803.4530441466417  14
803.4605459804649  15
803.4680478142882  7
803.4755496481115  45
803.4830514819348  51
803.490553315758  24
803.4980551495813  50
803.5055569834046  28
803.5130588172278  -4
803.5205606510511  -2
803.5280624848745  8
803.5355643186977  -7
803.543066152521  14
803.5505679863443  8
803.5580698201676  52
803.5655716539908  9
803.5730734878141  40
803.5805753216374  6
803.5880771554606  30
803.5955789892839  -19
803.6030808231072  23
803.6105826569304  10
803.6180844907537  -14
803.6255863245771  -4
803.6330881584004  -3
803.6405899922236  45
803.6480918260469  1
803.6555936598702  -13
803.6630954936934  23
803.6705973275167  26
803.67809916134  9
803.6856009951632  17
803.6931028289865  -11
803.7006046628098  11
803.7081064966331  -26
803.7156083304563  22
803.7231101642797  -31
803.730611998103  33
803.7381138319262  17
803.7456156657495  11
803.7531174995728  14
803.760619333396  29
803.7681211672193  -15
803.7756230010426  21
803.7831248348659  20
803.7906266686891  6
803.7981285025124  2
803.8056303363358  5
803.813132170159  6
803.8206340039823  44
803.8281358378056  21
803.8356376716288  -3
803.8431395054521  31
803.8506413392754  22
803.8581431730987  19
803.8656450069219  31
803.8731468407452  35
803.8806486745685  22
803.8881505083917  -27
803.895652342215  19
803.9031541760384  3
803.9106560098616  41
803.9181578436849  27
803.9256596775082  11
803.9331615113315  28
803.9406633451547  4
803.948165178978  -6
803.9556670128013  -2
803.9631688466245  12
803.9706706804478  -8
803.9781725142711  36
803.9856743480943  37
803.9931761819176  11
804.000678015741  18
804.0081798495643  5
804.0156816833875  17
804.0231835172108  -39
804.0306853510341  41
804.0381871848573  34
804.0456890186806  42
804.0531908525039  -17
804.0606926863271  -7
804.0681945201504  15
804.0756963539737  47
804.083198187797  -3
804.0907000216203  28
804.0982018554436  10
804.1057036892669  8
804.1132055230901  7
804.1207073569134  25
804.1282091907367  40
804.1357110245599  21
804.1432128583832  -1
804.1507146922065  -2
804.1582165260298  17
804.165718359853  6
804.1732201936763  13
804.1807220274997  4
804.1882238613229  42
804.1957256951462  18
804.2032275289695  -1
804.2107293627928  -9
804.218231196616  37
804.2257330304393  15
804.2332348642626  -6
804.2407366980858  2
804.2482385319091  -8
804.2557403657324  12
804.2632421995556  9
804.270744033379  -3
804.2782458672023  -3
804.2857477010255  11
804.2932495348488  -4
804.3007513686721  -2
804.3082532024954  -12
804.3157550363186  19
804.3232568701419  1
804.3307587039652  14
804.3382605377884  -10
804.3457623716117  -14
804.353264205435  13
804.3607660392584  59
804.3682678730815  3
804.3757697069049  -5
804.3832715407282  7
804.3907733745514  11
804.3982752083747  13
804.405777042198  8
804.4132788760212  45
804.4207807098445  18
804.4282825436678  23
804.4357843774911  40
804.4432862113143  -4
804.4507880451376  21
804.458289878961  36
804.4657917127842  -10
804.4732935466075  -18
804.4807953804308  40
804.488297214254  -29
804.4957990480773  33
804.5033008819006  -21
804.5108027157239  40
804.5183045495471  -14
804.5258063833704  -6
804.5333082171937  -3
804.5408100510169  -7
804.5483118848402  2
804.5558137186636  -12
804.5633155524868  9
804.5708173863101  -1
804.5783192201334  3
804.5858210539567  45
804.5933228877799  15
804.6008247216032  6
804.6083265554265  6
804.6158283892497  26
804.623330223073  18
804.6308320568963  31
804.6383338907195  31
804.6458357245428  9
804.6533375583662  1
804.6608393921895  14
804.6683412260127  14
804.675843059836  30
804.6833448936593  3
804.6908467274825  11
804.6983485613058  19
804.7058503951291  19
804.7133522289523  15
804.7208540627756  5
804.7283558965989  -8
804.7358577304223  11
804.7433595642455  -10
804.7508613980688  -27
804.7583632318921  10
804.7658650657153  25
804.7733668995386  10
804.7808687333619  24
804.7883705671851  -6
804.7958724010084  12
804.8033742348317  -14
804.810876068655  -8
804.8183779024782  -22
804.8258797363015  34
804.8333815701249  -5
804.840883403948  18
804.8483852377714  9
804.8558870715947  -23
804.8633889054179  19
804.8708907392412  18
804.8783925730645  -36
804.8858944068878  -8
804.893396240711  -12
804.9008980745343  -1
804.9083999083576  10
804.9159017421808  31
804.9234035760041  21
804.9309054098275  35
804.9384072436507  4
804.945909077474  13
804.9534109112973  8
804.9609127451206  12
804.9684145789438  -4
804.9759164127671  28
804.9834182465904  5
804.9909200804136  25
804.9984219142369  10
805.0059237480602  5
805.0134255818834  13
805.0209274157068  40
805.0284292495301  -1
805.0359310833534  10
805.0434329171766  -8
805.0509347509999  -2
805.0584365848232  8
805.0659384186464  60
805.0734402524697  18
805.080942086293  8
805.0884439201162  11
805.0959457539395  8
805.1034475877628  27
805.1109494215862  25
805.1184512554094  22
805.1259530892327  26
805.133454923056  -21
805.1409567568792  29
805.1484585907025  19
805.1559604245258  41
805.163462258349  -13
805.1709640921723  26
805.1784659259956  9
805.1859677598189  52
805.1934695936421  10
805.2009714274654  10
805.2084732612888  28
805.215975095112  1
805.2234769289353  -7
805.2309787627586  26
